0
0
64
0
192
64
64
0
384
128
64
0
576
192
64
0
768
256
64
0
960
320
64
0
1152
384
64
0
1344
448
64
0
1536
512
64
0
1728
576
64
0
1920
640
64
0
2112
704
64
0
2304
768
64
0
2496
832
64
0
2688
896
64
0
2880
960
64
0
3072
1024
64
0
3264
1088
64
0
3456
1152
64
0
3648
1216
64
0
3840
1280
64
0
4032
1344
64
0
4224
1408
64
0
4416
1472
64
0
4608
1536
64
0
4800
1600
64
0
4992
1664
64
0
5184
1728
64
0
5376
1792
64
0
5568
1856
64
0
5760
1920
64
0
5952
1984
64
0
64
0
64
0
256
64
64
0
448
128
64
0
640
192
64
0
832
256
64
0
1024
320
64
0
1216
384
64
0
1408
448
64
0
1600
512
64
0
1792
576
64
0
1984
640
64
0
2176
704
64
0
2368
768
64
0
2560
832
64
0
2752
896
64
0
2944
960
64
0
3136
1024
64
0
3328
1088
64
0
3520
1152
64
0
3712
1216
64
0
3904
1280
64
0
4096
1344
64
0
4288
1408
64
0
4480
1472
64
0
4672
1536
64
0
4864
1600
64
0
5056
1664
64
0
5248
1728
64
0
5440
1792
64
0
5632
1856
64
0
5824
1920
64
0
6016
1984
64
0
128
0
64
0
320
64
64
0
512
128
64
0
704
192
64
0
896
256
64
0
1088
320
64
0
1280
384
64
0
1472
448
64
0
1664
512
64
0
1856
576
64
0
2048
640
64
0
2240
704
64
0
2432
768
64
0
2624
832
64
0
2816
896
64
0
3008
960
64
0
3200
1024
64
0
3392
1088
64
0
3584
1152
64
0
3776
1216
64
0
3968
1280
64
0
4160
1344
64
0
4352
1408
64
0
4544
1472
64
0
4736
1536
64
0
4928
1600
64
0
5120
1664
64
0
5312
1728
64
0
5504
1792
64
0
5696
1856
64
0
5888
1920
64
0
6080
1984
64
0
6144
0
64
0
6336
64
64
0
6528
128
64
0
6720
192
64
0
6912
256
64
0
7104
320
64
0
7296
384
64
0
7488
448
64
0
7680
512
64
0
7872
576
64
0
8064
640
64
0
8256
704
64
0
8448
768
64
0
8640
832
64
0
8832
896
64
0
9024
960
64
0
9216
1024
64
0
9408
1088
64
0
9600
1152
64
0
9792
1216
64
0
9984
1280
64
0
10176
1344
64
0
10368
1408
64
0
10560
1472
64
0
10752
1536
64
0
10944
1600
64
0
11136
1664
64
0
11328
1728
64
0
11520
1792
64
0
11712
1856
64
0
11904
1920
64
0
12096
1984
64
0
6208
0
64
0
6400
64
64
0
6592
128
64
0
6784
192
64
0
6976
256
64
0
7168
320
64
0
7360
384
64
0
7552
448
64
0
7744
512
64
0
7936
576
64
0
8128
640
64
0
8320
704
64
0
8512
768
64
0
8704
832
64
0
8896
896
64
0
9088
960
64
0
9280
1024
64
0
9472
1088
64
0
9664
1152
64
0
9856
1216
64
0
10048
1280
64
0
10240
1344
64
0
10432
1408
64
0
10624
1472
64
0
10816
1536
64
0
11008
1600
64
0
11200
1664
64
0
11392
1728
64
0
11584
1792
64
0
11776
1856
64
0
11968
1920
64
0
12160
1984
64
0
6272
0
64
0
6464
64
64
0
6656
128
64
0
6848
192
64
0
7040
256
64
0
7232
320
64
0
7424
384
64
0
7616
448
64
0
7808
512
64
0
8000
576
64
0
8192
640
64
0
8384
704
64
0
8576
768
64
0
8768
832
64
0
8960
896
64
0
9152
960
64
0
9344
1024
64
0
9536
1088
64
0
9728
1152
64
0
9920
1216
64
0
10112
1280
64
0
10304
1344
64
0
10496
1408
64
0
10688
1472
64
0
10880
1536
64
0
11072
1600
64
0
11264
1664
64
0
11456
1728
64
0
11648
1792
64
0
11840
1856
64
0
12032
1920
64
0
12224
1984
64
0
12288
0
64
0
12480
64
64
0
12672
128
64
0
12864
192
64
0
13056
256
64
0
13248
320
64
0
13440
384
64
0
13632
448
64
0
13824
512
64
0
14016
576
64
0
14208
640
64
0
14400
704
64
0
14592
768
64
0
14784
832
64
0
14976
896
64
0
15168
960
64
0
15360
1024
64
0
15552
1088
64
0
15744
1152
64
0
15936
1216
64
0
16128
1280
64
0
16320
1344
64
0
16512
1408
64
0
16704
1472
64
0
16896
1536
64
0
17088
1600
64
0
17280
1664
64
0
17472
1728
64
0
17664
1792
64
0
17856
1856
64
0
18048
1920
64
0
18240
1984
64
0
12352
0
64
0
12544
64
64
0
12736
128
64
0
12928
192
64
0
13120
256
64
0
13312
320
64
0
13504
384
64
0
13696
448
64
0
13888
512
64
0
14080
576
64
0
14272
640
64
0
14464
704
64
0
14656
768
64
0
14848
832
64
0
15040
896
64
0
15232
960
64
0
15424
1024
64
0
15616
1088
64
0
15808
1152
64
0
16000
1216
64
0
16192
1280
64
0
16384
1344
64
0
16576
1408
64
0
16768
1472
64
0
16960
1536
64
0
17152
1600
64
0
17344
1664
64
0
17536
1728
64
0
17728
1792
64
0
17920
1856
64
0
18112
1920
64
0
18304
1984
64
0
12416
0
64
0
12608
64
64
0
12800
128
64
0
12992
192
64
0
13184
256
64
0
13376
320
64
0
13568
384
64
0
13760
448
64
0
13952
512
64
0
14144
576
64
0
14336
640
64
0
14528
704
64
0
14720
768
64
0
14912
832
64
0
15104
896
64
0
15296
960
64
0
15488
1024
64
0
15680
1088
64
0
15872
1152
64
0
16064
1216
64
0
16256
1280
64
0
16448
1344
64
0
16640
1408
64
0
16832
1472
64
0
17024
1536
64
0
17216
1600
64
0
17408
1664
64
0
17600
1728
64
0
17792
1792
64
0
17984
1856
64
0
18176
1920
64
0
18368
1984
64
0
18432
0
64
0
18624
64
64
0
18816
128
64
0
19008
192
64
0
19200
256
64
0
19392
320
64
0
19584
384
64
0
19776
448
64
0
19968
512
64
0
20160
576
64
0
20352
640
64
0
20544
704
64
0
20736
768
64
0
20928
832
64
0
21120
896
64
0
21312
960
64
0
21504
1024
64
0
21696
1088
64
0
21888
1152
64
0
22080
1216
64
0
22272
1280
64
0
22464
1344
64
0
22656
1408
64
0
22848
1472
64
0
23040
1536
64
0
23232
1600
64
0
23424
1664
64
0
23616
1728
64
0
23808
1792
64
0
24000
1856
64
0
24192
1920
64
0
24384
1984
64
0
18496
0
64
0
18688
64
64
0
18880
128
64
0
19072
192
64
0
19264
256
64
0
19456
320
64
0
19648
384
64
0
19840
448
64
0
20032
512
64
0
20224
576
64
0
20416
640
64
0
20608
704
64
0
20800
768
64
0
20992
832
64
0
21184
896
64
0
21376
960
64
0
21568
1024
64
0
21760
1088
64
0
21952
1152
64
0
22144
1216
64
0
22336
1280
64
0
22528
1344
64
0
22720
1408
64
0
22912
1472
64
0
23104
1536
64
0
23296
1600
64
0
23488
1664
64
0
23680
1728
64
0
23872
1792
64
0
24064
1856
64
0
24256
1920
64
0
24448
1984
64
0
18560
0
64
0
18752
64
64
0
18944
128
64
0
19136
192
64
0
19328
256
64
0
19520
320
64
0
19712
384
64
0
19904
448
64
0
20096
512
64
0
20288
576
64
0
20480
640
64
0
20672
704
64
0
20864
768
64
0
21056
832
64
0
21248
896
64
0
21440
960
64
0
21632
1024
64
0
21824
1088
64
0
22016
1152
64
0
22208
1216
64
0
22400
1280
64
0
22592
1344
64
0
22784
1408
64
0
22976
1472
64
0
23168
1536
64
0
23360
1600
64
0
23552
1664
64
0
23744
1728
64
0
23936
1792
64
0
24128
1856
64
0
24320
1920
64
0
24512
1984
64
0
24576
0
64
0
24768
64
64
0
24960
128
64
0
25152
192
64
0
25344
256
64
0
25536
320
64
0
25728
384
64
0
25920
448
64
0
26112
512
64
0
26304
576
64
0
26496
640
64
0
26688
704
64
0
26880
768
64
0
27072
832
64
0
27264
896
64
0
27456
960
64
0
27648
1024
64
0
27840
1088
64
0
28032
1152
64
0
28224
1216
64
0
28416
1280
64
0
28608
1344
64
0
28800
1408
64
0
28992
1472
64
0
29184
1536
64
0
29376
1600
64
0
29568
1664
64
0
29760
1728
64
0
29952
1792
64
0
30144
1856
64
0
30336
1920
64
0
30528
1984
64
0
24640
0
64
0
24832
64
64
0
25024
128
64
0
25216
192
64
0
25408
256
64
0
25600
320
64
0
25792
384
64
0
25984
448
64
0
26176
512
64
0
26368
576
64
0
26560
640
64
0
26752
704
64
0
26944
768
64
0
27136
832
64
0
27328
896
64
0
27520
960
64
0
27712
1024
64
0
27904
1088
64
0
28096
1152
64
0
28288
1216
64
0
28480
1280
64
0
28672
1344
64
0
28864
1408
64
0
29056
1472
64
0
29248
1536
64
0
29440
1600
64
0
29632
1664
64
0
29824
1728
64
0
30016
1792
64
0
30208
1856
64
0
30400
1920
64
0
30592
1984
64
0
24704
0
64
0
24896
64
64
0
25088
128
64
0
25280
192
64
0
25472
256
64
0
25664
320
64
0
25856
384
64
0
26048
448
64
0
26240
512
64
0
26432
576
64
0
26624
640
64
0
26816
704
64
0
27008
768
64
0
27200
832
64
0
27392
896
64
0
27584
960
64
0
27776
1024
64
0
27968
1088
64
0
28160
1152
64
0
28352
1216
64
0
28544
1280
64
0
28736
1344
64
0
28928
1408
64
0
29120
1472
64
0
29312
1536
64
0
29504
1600
64
0
29696
1664
64
0
29888
1728
64
0
30080
1792
64
0
30272
1856
64
0
30464
1920
64
0
30656
1984
64
0
30720
0
64
0
30912
64
64
0
31104
128
64
0
31296
192
64
0
31488
256
64
0
31680
320
64
0
31872
384
64
0
32064
448
64
0
32256
512
64
0
32448
576
64
0
32640
640
64
0
32832
704
64
0
33024
768
64
0
33216
832
64
0
33408
896
64
0
33600
960
64
0
33792
1024
64
0
33984
1088
64
0
34176
1152
64
0
34368
1216
64
0
34560
1280
64
0
34752
1344
64
0
34944
1408
64
0
35136
1472
64
0
35328
1536
64
0
35520
1600
64
0
35712
1664
64
0
35904
1728
64
0
36096
1792
64
0
36288
1856
64
0
36480
1920
64
0
36672
1984
64
0
30784
0
64
0
30976
64
64
0
31168
128
64
0
31360
192
64
0
31552
256
64
0
31744
320
64
0
31936
384
64
0
32128
448
64
0
32320
512
64
0
32512
576
64
0
32704
640
64
0
32896
704
64
0
33088
768
64
0
33280
832
64
0
33472
896
64
0
33664
960
64
0
33856
1024
64
0
34048
1088
64
0
34240
1152
64
0
34432
1216
64
0
34624
1280
64
0
34816
1344
64
0
35008
1408
64
0
35200
1472
64
0
35392
1536
64
0
35584
1600
64
0
35776
1664
64
0
35968
1728
64
0
36160
1792
64
0
36352
1856
64
0
36544
1920
64
0
36736
1984
64
0
30848
0
64
0
31040
64
64
0
31232
128
64
0
31424
192
64
0
31616
256
64
0
31808
320
64
0
32000
384
64
0
32192
448
64
0
32384
512
64
0
32576
576
64
0
32768
640
64
0
32960
704
64
0
33152
768
64
0
33344
832
64
0
33536
896
64
0
33728
960
64
0
33920
1024
64
0
34112
1088
64
0
34304
1152
64
0
34496
1216
64
0
34688
1280
64
0
34880
1344
64
0
35072
1408
64
0
35264
1472
64
0
35456
1536
64
0
35648
1600
64
0
35840
1664
64
0
36032
1728
64
0
36224
1792
64
0
36416
1856
64
0
36608
1920
64
0
36800
1984
64
0
36864
0
64
0
37056
64
64
0
37248
128
64
0
37440
192
64
0
0
256
64
1
0
320
64
1
0
384
64
1
0
448
64
1
0
512
64
1
0
576
64
1
0
640
64
1
0
704
64
1
0
768
64
1
0
832
64
1
0
896
64
1
0
960
64
1
0
1024
64
1
0
1088
64
1
0
1152
64
1
0
1216
64
1
0
1280
64
1
0
1344
64
1
0
1408
64
1
0
1472
64
1
0
1536
64
1
0
1600
64
1
0
1664
64
1
0
1728
64
1
0
1792
64
1
0
1856
64
1
0
1920
64
1
0
1984
64
1
36928
0
64
0
37120
64
64
0
37312
128
64
0
37504
192
64
0
64
256
64
1
64
320
64
1
64
384
64
1
64
448
64
1
64
512
64
1
64
576
64
1
64
640
64
1
64
704
64
1
64
768
64
1
64
832
64
1
64
896
64
1
64
960
64
1
64
1024
64
1
64
1088
64
1
64
1152
64
1
64
1216
64
1
64
1280
64
1
64
1344
64
1
64
1408
64
1
64
1472
64
1
64
1536
64
1
64
1600
64
1
64
1664
64
1
64
1728
64
1
64
1792
64
1
64
1856
64
1
64
1920
64
1
64
1984
64
1
36992
0
64
0
37184
64
64
0
37376
128
64
0
37568
192
64
0
128
256
64
1
128
320
64
1
128
384
64
1
128
448
64
1
128
512
64
1
128
576
64
1
128
640
64
1
128
704
64
1
128
768
64
1
128
832
64
1
128
896
64
1
128
960
64
1
128
1024
64
1
128
1088
64
1
128
1152
64
1
128
1216
64
1
128
1280
64
1
128
1344
64
1
128
1408
64
1
128
1472
64
1
128
1536
64
1
128
1600
64
1
128
1664
64
1
128
1728
64
1
128
1792
64
1
128
1856
64
1
128
1920
64
1
128
1984
64
1
