0
0
64
0
384
64
64
0
768
128
64
0
1152
192
64
0
1536
256
64
0
1920
320
64
0
2304
384
64
0
2688
448
64
0
3072
512
64
0
3456
576
64
0
3840
640
64
0
4224
704
64
0
4608
768
64
0
4992
832
64
0
5376
896
64
0
5760
960
64
0
6144
1024
64
0
6528
1088
64
0
6912
1152
64
0
7296
1216
64
0
7680
1280
64
0
8064
1344
64
0
8448
1408
64
0
8832
1472
64
0
9216
1536
64
0
9600
1600
64
0
9984
1664
64
0
10368
1728
64
0
10752
1792
64
0
11136
1856
64
0
11520
1920
64
0
11904
1984
64
0
64
0
64
0
448
64
64
0
832
128
64
0
1216
192
64
0
1600
256
64
0
1984
320
64
0
2368
384
64
0
2752
448
64
0
3136
512
64
0
3520
576
64
0
3904
640
64
0
4288
704
64
0
4672
768
64
0
5056
832
64
0
5440
896
64
0
5824
960
64
0
6208
1024
64
0
6592
1088
64
0
6976
1152
64
0
7360
1216
64
0
7744
1280
64
0
8128
1344
64
0
8512
1408
64
0
8896
1472
64
0
9280
1536
64
0
9664
1600
64
0
10048
1664
64
0
10432
1728
64
0
10816
1792
64
0
11200
1856
64
0
11584
1920
64
0
11968
1984
64
0
128
0
64
0
512
64
64
0
896
128
64
0
1280
192
64
0
1664
256
64
0
2048
320
64
0
2432
384
64
0
2816
448
64
0
3200
512
64
0
3584
576
64
0
3968
640
64
0
4352
704
64
0
4736
768
64
0
5120
832
64
0
5504
896
64
0
5888
960
64
0
6272
1024
64
0
6656
1088
64
0
7040
1152
64
0
7424
1216
64
0
7808
1280
64
0
8192
1344
64
0
8576
1408
64
0
8960
1472
64
0
9344
1536
64
0
9728
1600
64
0
10112
1664
64
0
10496
1728
64
0
10880
1792
64
0
11264
1856
64
0
11648
1920
64
0
12032
1984
64
0
192
0
64
0
576
64
64
0
960
128
64
0
1344
192
64
0
1728
256
64
0
2112
320
64
0
2496
384
64
0
2880
448
64
0
3264
512
64
0
3648
576
64
0
4032
640
64
0
4416
704
64
0
4800
768
64
0
5184
832
64
0
5568
896
64
0
5952
960
64
0
6336
1024
64
0
6720
1088
64
0
7104
1152
64
0
7488
1216
64
0
7872
1280
64
0
8256
1344
64
0
8640
1408
64
0
9024
1472
64
0
9408
1536
64
0
9792
1600
64
0
10176
1664
64
0
10560
1728
64
0
10944
1792
64
0
11328
1856
64
0
11712
1920
64
0
12096
1984
64
0
256
0
64
0
640
64
64
0
1024
128
64
0
1408
192
64
0
1792
256
64
0
2176
320
64
0
2560
384
64
0
2944
448
64
0
3328
512
64
0
3712
576
64
0
4096
640
64
0
4480
704
64
0
4864
768
64
0
5248
832
64
0
5632
896
64
0
6016
960
64
0
6400
1024
64
0
6784
1088
64
0
7168
1152
64
0
7552
1216
64
0
7936
1280
64
0
8320
1344
64
0
8704
1408
64
0
9088
1472
64
0
9472
1536
64
0
9856
1600
64
0
10240
1664
64
0
10624
1728
64
0
11008
1792
64
0
11392
1856
64
0
11776
1920
64
0
12160
1984
64
0
320
0
64
0
704
64
64
0
1088
128
64
0
1472
192
64
0
1856
256
64
0
2240
320
64
0
2624
384
64
0
3008
448
64
0
3392
512
64
0
3776
576
64
0
4160
640
64
0
4544
704
64
0
4928
768
64
0
5312
832
64
0
5696
896
64
0
6080
960
64
0
6464
1024
64
0
6848
1088
64
0
7232
1152
64
0
7616
1216
64
0
8000
1280
64
0
8384
1344
64
0
8768
1408
64
0
9152
1472
64
0
9536
1536
64
0
9920
1600
64
0
10304
1664
64
0
10688
1728
64
0
11072
1792
64
0
11456
1856
64
0
11840
1920
64
0
12224
1984
64
0
12288
0
64
0
12672
64
64
0
13056
128
64
0
13440
192
64
0
13824
256
64
0
14208
320
64
0
14592
384
64
0
14976
448
64
0
15360
512
64
0
15744
576
64
0
16128
640
64
0
16512
704
64
0
16896
768
64
0
17280
832
64
0
17664
896
64
0
18048
960
64
0
18432
1024
64
0
18816
1088
64
0
19200
1152
64
0
19584
1216
64
0
19968
1280
64
0
20352
1344
64
0
20736
1408
64
0
21120
1472
64
0
21504
1536
64
0
21888
1600
64
0
22272
1664
64
0
22656
1728
64
0
23040
1792
64
0
23424
1856
64
0
23808
1920
64
0
24192
1984
64
0
12352
0
64
0
12736
64
64
0
13120
128
64
0
13504
192
64
0
13888
256
64
0
14272
320
64
0
14656
384
64
0
15040
448
64
0
15424
512
64
0
15808
576
64
0
16192
640
64
0
16576
704
64
0
16960
768
64
0
17344
832
64
0
17728
896
64
0
18112
960
64
0
18496
1024
64
0
18880
1088
64
0
19264
1152
64
0
19648
1216
64
0
20032
1280
64
0
20416
1344
64
0
20800
1408
64
0
21184
1472
64
0
21568
1536
64
0
21952
1600
64
0
22336
1664
64
0
22720
1728
64
0
23104
1792
64
0
23488
1856
64
0
23872
1920
64
0
24256
1984
64
0
12416
0
64
0
12800
64
64
0
13184
128
64
0
13568
192
64
0
13952
256
64
0
14336
320
64
0
14720
384
64
0
15104
448
64
0
15488
512
64
0
15872
576
64
0
16256
640
64
0
16640
704
64
0
17024
768
64
0
17408
832
64
0
17792
896
64
0
18176
960
64
0
18560
1024
64
0
18944
1088
64
0
19328
1152
64
0
19712
1216
64
0
20096
1280
64
0
20480
1344
64
0
20864
1408
64
0
21248
1472
64
0
21632
1536
64
0
22016
1600
64
0
22400
1664
64
0
22784
1728
64
0
23168
1792
64
0
23552
1856
64
0
23936
1920
64
0
24320
1984
64
0
12480
0
64
0
12864
64
64
0
13248
128
64
0
13632
192
64
0
14016
256
64
0
14400
320
64
0
14784
384
64
0
15168
448
64
0
15552
512
64
0
15936
576
64
0
16320
640
64
0
16704
704
64
0
17088
768
64
0
17472
832
64
0
17856
896
64
0
18240
960
64
0
18624
1024
64
0
19008
1088
64
0
19392
1152
64
0
19776
1216
64
0
20160
1280
64
0
20544
1344
64
0
20928
1408
64
0
21312
1472
64
0
21696
1536
64
0
22080
1600
64
0
22464
1664
64
0
22848
1728
64
0
23232
1792
64
0
23616
1856
64
0
24000
1920
64
0
24384
1984
64
0
12544
0
64
0
12928
64
64
0
13312
128
64
0
13696
192
64
0
14080
256
64
0
14464
320
64
0
14848
384
64
0
15232
448
64
0
15616
512
64
0
16000
576
64
0
16384
640
64
0
16768
704
64
0
17152
768
64
0
17536
832
64
0
17920
896
64
0
18304
960
64
0
18688
1024
64
0
19072
1088
64
0
19456
1152
64
0
19840
1216
64
0
20224
1280
64
0
20608
1344
64
0
20992
1408
64
0
21376
1472
64
0
21760
1536
64
0
22144
1600
64
0
22528
1664
64
0
22912
1728
64
0
23296
1792
64
0
23680
1856
64
0
24064
1920
64
0
24448
1984
64
0
12608
0
64
0
12992
64
64
0
13376
128
64
0
13760
192
64
0
14144
256
64
0
14528
320
64
0
14912
384
64
0
15296
448
64
0
15680
512
64
0
16064
576
64
0
16448
640
64
0
16832
704
64
0
17216
768
64
0
17600
832
64
0
17984
896
64
0
18368
960
64
0
18752
1024
64
0
19136
1088
64
0
19520
1152
64
0
19904
1216
64
0
20288
1280
64
0
20672
1344
64
0
21056
1408
64
0
21440
1472
64
0
21824
1536
64
0
22208
1600
64
0
22592
1664
64
0
22976
1728
64
0
23360
1792
64
0
23744
1856
64
0
24128
1920
64
0
24512
1984
64
0
24576
0
64
0
24960
64
64
0
25344
128
64
0
25728
192
64
0
26112
256
64
0
26496
320
64
0
26880
384
64
0
27264
448
64
0
27648
512
64
0
28032
576
64
0
28416
640
64
0
28800
704
64
0
29184
768
64
0
29568
832
64
0
29952
896
64
0
30336
960
64
0
30720
1024
64
0
31104
1088
64
0
31488
1152
64
0
31872
1216
64
0
32256
1280
64
0
32640
1344
64
0
33024
1408
64
0
33408
1472
64
0
33792
1536
64
0
34176
1600
64
0
34560
1664
64
0
34944
1728
64
0
35328
1792
64
0
35712
1856
64
0
36096
1920
64
0
36480
1984
64
0
24640
0
64
0
25024
64
64
0
25408
128
64
0
25792
192
64
0
26176
256
64
0
26560
320
64
0
26944
384
64
0
27328
448
64
0
27712
512
64
0
28096
576
64
0
28480
640
64
0
28864
704
64
0
29248
768
64
0
29632
832
64
0
30016
896
64
0
30400
960
64
0
30784
1024
64
0
31168
1088
64
0
31552
1152
64
0
31936
1216
64
0
32320
1280
64
0
32704
1344
64
0
33088
1408
64
0
33472
1472
64
0
33856
1536
64
0
34240
1600
64
0
34624
1664
64
0
35008
1728
64
0
35392
1792
64
0
35776
1856
64
0
36160
1920
64
0
36544
1984
64
0
24704
0
64
0
25088
64
64
0
25472
128
64
0
25856
192
64
0
26240
256
64
0
26624
320
64
0
27008
384
64
0
27392
448
64
0
27776
512
64
0
28160
576
64
0
28544
640
64
0
28928
704
64
0
29312
768
64
0
29696
832
64
0
30080
896
64
0
30464
960
64
0
30848
1024
64
0
31232
1088
64
0
31616
1152
64
0
32000
1216
64
0
32384
1280
64
0
32768
1344
64
0
33152
1408
64
0
33536
1472
64
0
33920
1536
64
0
34304
1600
64
0
34688
1664
64
0
35072
1728
64
0
35456
1792
64
0
35840
1856
64
0
36224
1920
64
0
36608
1984
64
0
24768
0
64
0
25152
64
64
0
25536
128
64
0
25920
192
64
0
26304
256
64
0
26688
320
64
0
27072
384
64
0
27456
448
64
0
27840
512
64
0
28224
576
64
0
28608
640
64
0
28992
704
64
0
29376
768
64
0
29760
832
64
0
30144
896
64
0
30528
960
64
0
30912
1024
64
0
31296
1088
64
0
31680
1152
64
0
32064
1216
64
0
32448
1280
64
0
32832
1344
64
0
33216
1408
64
0
33600
1472
64
0
33984
1536
64
0
34368
1600
64
0
34752
1664
64
0
35136
1728
64
0
35520
1792
64
0
35904
1856
64
0
36288
1920
64
0
36672
1984
64
0
24832
0
64
0
25216
64
64
0
25600
128
64
0
25984
192
64
0
26368
256
64
0
26752
320
64
0
27136
384
64
0
27520
448
64
0
27904
512
64
0
28288
576
64
0
28672
640
64
0
29056
704
64
0
29440
768
64
0
29824
832
64
0
30208
896
64
0
30592
960
64
0
30976
1024
64
0
31360
1088
64
0
31744
1152
64
0
32128
1216
64
0
32512
1280
64
0
32896
1344
64
0
33280
1408
64
0
33664
1472
64
0
34048
1536
64
0
34432
1600
64
0
34816
1664
64
0
35200
1728
64
0
35584
1792
64
0
35968
1856
64
0
36352
1920
64
0
36736
1984
64
0
24896
0
64
0
25280
64
64
0
25664
128
64
0
26048
192
64
0
26432
256
64
0
26816
320
64
0
27200
384
64
0
27584
448
64
0
27968
512
64
0
28352
576
64
0
28736
640
64
0
29120
704
64
0
29504
768
64
0
29888
832
64
0
30272
896
64
0
30656
960
64
0
31040
1024
64
0
31424
1088
64
0
31808
1152
64
0
32192
1216
64
0
32576
1280
64
0
32960
1344
64
0
33344
1408
64
0
33728
1472
64
0
34112
1536
64
0
34496
1600
64
0
34880
1664
64
0
35264
1728
64
0
35648
1792
64
0
36032
1856
64
0
36416
1920
64
0
36800
1984
64
0
36864
0
64
0
37248
64
64
0
37632
128
64
0
38016
192
64
0
38400
256
64
0
38784
320
64
0
39168
384
64
0
39552
448
64
0
39936
512
64
0
40320
576
64
0
40704
640
64
0
41088
704
64
0
41472
768
64
0
41856
832
64
0
42240
896
64
0
42624
960
64
0
43008
1024
64
0
43392
1088
64
0
43776
1152
64
0
44160
1216
64
0
44544
1280
64
0
44928
1344
64
0
45312
1408
64
0
45696
1472
64
0
46080
1536
64
0
46464
1600
64
0
46848
1664
64
0
47232
1728
64
0
47616
1792
64
0
48000
1856
64
0
48384
1920
64
0
48768
1984
64
0
36928
0
64
0
37312
64
64
0
37696
128
64
0
38080
192
64
0
38464
256
64
0
38848
320
64
0
39232
384
64
0
39616
448
64
0
40000
512
64
0
40384
576
64
0
40768
640
64
0
41152
704
64
0
41536
768
64
0
41920
832
64
0
42304
896
64
0
42688
960
64
0
43072
1024
64
0
43456
1088
64
0
43840
1152
64
0
44224
1216
64
0
44608
1280
64
0
44992
1344
64
0
45376
1408
64
0
45760
1472
64
0
46144
1536
64
0
46528
1600
64
0
46912
1664
64
0
47296
1728
64
0
47680
1792
64
0
48064
1856
64
0
48448
1920
64
0
48832
1984
64
0
36992
0
64
0
37376
64
64
0
37760
128
64
0
38144
192
64
0
38528
256
64
0
38912
320
64
0
39296
384
64
0
39680
448
64
0
40064
512
64
0
40448
576
64
0
40832
640
64
0
41216
704
64
0
41600
768
64
0
41984
832
64
0
42368
896
64
0
42752
960
64
0
43136
1024
64
0
43520
1088
64
0
43904
1152
64
0
44288
1216
64
0
44672
1280
64
0
45056
1344
64
0
45440
1408
64
0
45824
1472
64
0
46208
1536
64
0
46592
1600
64
0
46976
1664
64
0
47360
1728
64
0
47744
1792
64
0
48128
1856
64
0
48512
1920
64
0
48896
1984
64
0
37056
0
64
0
37440
64
64
0
37824
128
64
0
38208
192
64
0
38592
256
64
0
38976
320
64
0
39360
384
64
0
39744
448
64
0
40128
512
64
0
40512
576
64
0
40896
640
64
0
41280
704
64
0
41664
768
64
0
42048
832
64
0
42432
896
64
0
42816
960
64
0
43200
1024
64
0
43584
1088
64
0
43968
1152
64
0
44352
1216
64
0
44736
1280
64
0
45120
1344
64
0
45504
1408
64
0
45888
1472
64
0
46272
1536
64
0
46656
1600
64
0
47040
1664
64
0
47424
1728
64
0
47808
1792
64
0
48192
1856
64
0
48576
1920
64
0
48960
1984
64
0
37120
0
64
0
37504
64
64
0
37888
128
64
0
38272
192
64
0
38656
256
64
0
39040
320
64
0
39424
384
64
0
39808
448
64
0
40192
512
64
0
40576
576
64
0
40960
640
64
0
41344
704
64
0
41728
768
64
0
42112
832
64
0
42496
896
64
0
42880
960
64
0
43264
1024
64
0
43648
1088
64
0
44032
1152
64
0
44416
1216
64
0
44800
1280
64
0
45184
1344
64
0
45568
1408
64
0
45952
1472
64
0
46336
1536
64
0
46720
1600
64
0
47104
1664
64
0
47488
1728
64
0
47872
1792
64
0
48256
1856
64
0
48640
1920
64
0
49024
1984
64
0
37184
0
64
0
37568
64
64
0
37952
128
64
0
38336
192
64
0
38720
256
64
0
39104
320
64
0
39488
384
64
0
39872
448
64
0
40256
512
64
0
40640
576
64
0
41024
640
64
0
41408
704
64
0
41792
768
64
0
42176
832
64
0
42560
896
64
0
42944
960
64
0
43328
1024
64
0
43712
1088
64
0
44096
1152
64
0
44480
1216
64
0
44864
1280
64
0
45248
1344
64
0
45632
1408
64
0
46016
1472
64
0
46400
1536
64
0
46784
1600
64
0
47168
1664
64
0
47552
1728
64
0
47936
1792
64
0
48320
1856
64
0
48704
1920
64
0
49088
1984
64
0
49152
0
64
0
49536
64
64
0
49920
128
64
0
50304
192
64
0
50688
256
64
0
51072
320
64
0
51456
384
64
0
51840
448
64
0
52224
512
64
0
52608
576
64
0
52992
640
64
0
53376
704
64
0
53760
768
64
0
54144
832
64
0
54528
896
64
0
54912
960
64
0
55296
1024
64
0
55680
1088
64
0
56064
1152
64
0
56448
1216
64
0
56832
1280
64
0
57216
1344
64
0
57600
1408
64
0
57984
1472
64
0
58368
1536
64
0
58752
1600
64
0
59136
1664
64
0
59520
1728
64
0
59904
1792
64
0
60288
1856
64
0
60672
1920
64
0
61056
1984
64
0
49216
0
64
0
49600
64
64
0
49984
128
64
0
50368
192
64
0
50752
256
64
0
51136
320
64
0
51520
384
64
0
51904
448
64
0
52288
512
64
0
52672
576
64
0
53056
640
64
0
53440
704
64
0
53824
768
64
0
54208
832
64
0
54592
896
64
0
54976
960
64
0
55360
1024
64
0
55744
1088
64
0
56128
1152
64
0
56512
1216
64
0
56896
1280
64
0
57280
1344
64
0
57664
1408
64
0
58048
1472
64
0
58432
1536
64
0
58816
1600
64
0
59200
1664
64
0
59584
1728
64
0
59968
1792
64
0
60352
1856
64
0
60736
1920
64
0
61120
1984
64
0
49280
0
64
0
49664
64
64
0
50048
128
64
0
50432
192
64
0
50816
256
64
0
51200
320
64
0
51584
384
64
0
51968
448
64
0
52352
512
64
0
52736
576
64
0
53120
640
64
0
53504
704
64
0
53888
768
64
0
54272
832
64
0
54656
896
64
0
55040
960
64
0
55424
1024
64
0
55808
1088
64
0
56192
1152
64
0
56576
1216
64
0
56960
1280
64
0
57344
1344
64
0
57728
1408
64
0
58112
1472
64
0
58496
1536
64
0
58880
1600
64
0
59264
1664
64
0
59648
1728
64
0
60032
1792
64
0
60416
1856
64
0
60800
1920
64
0
61184
1984
64
0
49344
0
64
0
49728
64
64
0
50112
128
64
0
50496
192
64
0
50880
256
64
0
51264
320
64
0
51648
384
64
0
52032
448
64
0
52416
512
64
0
52800
576
64
0
53184
640
64
0
53568
704
64
0
53952
768
64
0
54336
832
64
0
54720
896
64
0
55104
960
64
0
55488
1024
64
0
55872
1088
64
0
56256
1152
64
0
56640
1216
64
0
57024
1280
64
0
57408
1344
64
0
57792
1408
64
0
58176
1472
64
0
58560
1536
64
0
58944
1600
64
0
59328
1664
64
0
59712
1728
64
0
60096
1792
64
0
60480
1856
64
0
60864
1920
64
0
61248
1984
64
0
49408
0
64
0
49792
64
64
0
50176
128
64
0
50560
192
64
0
50944
256
64
0
51328
320
64
0
51712
384
64
0
52096
448
64
0
52480
512
64
0
52864
576
64
0
53248
640
64
0
53632
704
64
0
54016
768
64
0
54400
832
64
0
54784
896
64
0
55168
960
64
0
55552
1024
64
0
55936
1088
64
0
56320
1152
64
0
56704
1216
64
0
57088
1280
64
0
57472
1344
64
0
57856
1408
64
0
58240
1472
64
0
58624
1536
64
0
59008
1600
64
0
59392
1664
64
0
59776
1728
64
0
60160
1792
64
0
60544
1856
64
0
60928
1920
64
0
61312
1984
64
0
49472
0
64
0
49856
64
64
0
50240
128
64
0
50624
192
64
0
51008
256
64
0
51392
320
64
0
51776
384
64
0
52160
448
64
0
52544
512
64
0
52928
576
64
0
53312
640
64
0
53696
704
64
0
54080
768
64
0
54464
832
64
0
54848
896
64
0
55232
960
64
0
55616
1024
64
0
56000
1088
64
0
56384
1152
64
0
56768
1216
64
0
57152
1280
64
0
57536
1344
64
0
57920
1408
64
0
58304
1472
64
0
58688
1536
64
0
59072
1600
64
0
59456
1664
64
0
59840
1728
64
0
60224
1792
64
0
60608
1856
64
0
60992
1920
64
0
61376
1984
64
0
61440
0
64
0
61824
64
64
0
62208
128
64
0
62592
192
64
0
62976
256
64
0
63360
320
64
0
63744
384
64
0
64128
448
64
0
64512
512
64
0
64896
576
64
0
65280
640
64
0
65664
704
64
0
66048
768
64
0
66432
832
64
0
66816
896
64
0
67200
960
64
0
67584
1024
64
0
67968
1088
64
0
68352
1152
64
0
68736
1216
64
0
69120
1280
64
0
69504
1344
64
0
69888
1408
64
0
70272
1472
64
0
70656
1536
64
0
71040
1600
64
0
71424
1664
64
0
71808
1728
64
0
72192
1792
64
0
72576
1856
64
0
72960
1920
64
0
73344
1984
64
0
61504
0
64
0
61888
64
64
0
62272
128
64
0
62656
192
64
0
63040
256
64
0
63424
320
64
0
63808
384
64
0
64192
448
64
0
64576
512
64
0
64960
576
64
0
65344
640
64
0
65728
704
64
0
66112
768
64
0
66496
832
64
0
66880
896
64
0
67264
960
64
0
67648
1024
64
0
68032
1088
64
0
68416
1152
64
0
68800
1216
64
0
69184
1280
64
0
69568
1344
64
0
69952
1408
64
0
70336
1472
64
0
70720
1536
64
0
71104
1600
64
0
71488
1664
64
0
71872
1728
64
0
72256
1792
64
0
72640
1856
64
0
73024
1920
64
0
73408
1984
64
0
61568
0
64
0
61952
64
64
0
62336
128
64
0
62720
192
64
0
63104
256
64
0
63488
320
64
0
63872
384
64
0
64256
448
64
0
64640
512
64
0
65024
576
64
0
65408
640
64
0
65792
704
64
0
66176
768
64
0
66560
832
64
0
66944
896
64
0
67328
960
64
0
67712
1024
64
0
68096
1088
64
0
68480
1152
64
0
68864
1216
64
0
69248
1280
64
0
69632
1344
64
0
70016
1408
64
0
70400
1472
64
0
70784
1536
64
0
71168
1600
64
0
71552
1664
64
0
71936
1728
64
0
72320
1792
64
0
72704
1856
64
0
73088
1920
64
0
73472
1984
64
0
61632
0
64
0
62016
64
64
0
62400
128
64
0
62784
192
64
0
63168
256
64
0
63552
320
64
0
63936
384
64
0
64320
448
64
0
64704
512
64
0
65088
576
64
0
65472
640
64
0
65856
704
64
0
66240
768
64
0
66624
832
64
0
67008
896
64
0
67392
960
64
0
67776
1024
64
0
68160
1088
64
0
68544
1152
64
0
68928
1216
64
0
69312
1280
64
0
69696
1344
64
0
70080
1408
64
0
70464
1472
64
0
70848
1536
64
0
71232
1600
64
0
71616
1664
64
0
72000
1728
64
0
72384
1792
64
0
72768
1856
64
0
73152
1920
64
0
73536
1984
64
0
61696
0
64
0
62080
64
64
0
62464
128
64
0
62848
192
64
0
63232
256
64
0
63616
320
64
0
64000
384
64
0
64384
448
64
0
64768
512
64
0
65152
576
64
0
65536
640
64
0
65920
704
64
0
66304
768
64
0
66688
832
64
0
67072
896
64
0
67456
960
64
0
67840
1024
64
0
68224
1088
64
0
68608
1152
64
0
68992
1216
64
0
69376
1280
64
0
69760
1344
64
0
70144
1408
64
0
70528
1472
64
0
70912
1536
64
0
71296
1600
64
0
71680
1664
64
0
72064
1728
64
0
72448
1792
64
0
72832
1856
64
0
73216
1920
64
0
73600
1984
64
0
61760
0
64
0
62144
64
64
0
62528
128
64
0
62912
192
64
0
63296
256
64
0
63680
320
64
0
64064
384
64
0
64448
448
64
0
64832
512
64
0
65216
576
64
0
65600
640
64
0
65984
704
64
0
66368
768
64
0
66752
832
64
0
67136
896
64
0
67520
960
64
0
67904
1024
64
0
68288
1088
64
0
68672
1152
64
0
69056
1216
64
0
69440
1280
64
0
69824
1344
64
0
70208
1408
64
0
70592
1472
64
0
70976
1536
64
0
71360
1600
64
0
71744
1664
64
0
72128
1728
64
0
72512
1792
64
0
72896
1856
64
0
73280
1920
64
0
73664
1984
64
0
73728
0
64
0
74112
64
64
0
74496
128
64
0
74880
192
64
0
0
256
64
1
0
320
64
1
0
384
64
1
0
448
64
1
0
512
64
1
0
576
64
1
0
640
64
1
0
704
64
1
0
768
64
1
0
832
64
1
0
896
64
1
0
960
64
1
0
1024
64
1
0
1088
64
1
0
1152
64
1
0
1216
64
1
0
1280
64
1
0
1344
64
1
0
1408
64
1
0
1472
64
1
0
1536
64
1
0
1600
64
1
0
1664
64
1
0
1728
64
1
0
1792
64
1
0
1856
64
1
0
1920
64
1
0
1984
64
1
73792
0
64
0
74176
64
64
0
74560
128
64
0
74944
192
64
0
64
256
64
1
64
320
64
1
64
384
64
1
64
448
64
1
64
512
64
1
64
576
64
1
64
640
64
1
64
704
64
1
64
768
64
1
64
832
64
1
64
896
64
1
64
960
64
1
64
1024
64
1
64
1088
64
1
64
1152
64
1
64
1216
64
1
64
1280
64
1
64
1344
64
1
64
1408
64
1
64
1472
64
1
64
1536
64
1
64
1600
64
1
64
1664
64
1
64
1728
64
1
64
1792
64
1
64
1856
64
1
64
1920
64
1
64
1984
64
1
73856
0
64
0
74240
64
64
0
74624
128
64
0
75008
192
64
0
128
256
64
1
128
320
64
1
128
384
64
1
128
448
64
1
128
512
64
1
128
576
64
1
128
640
64
1
128
704
64
1
128
768
64
1
128
832
64
1
128
896
64
1
128
960
64
1
128
1024
64
1
128
1088
64
1
128
1152
64
1
128
1216
64
1
128
1280
64
1
128
1344
64
1
128
1408
64
1
128
1472
64
1
128
1536
64
1
128
1600
64
1
128
1664
64
1
128
1728
64
1
128
1792
64
1
128
1856
64
1
128
1920
64
1
128
1984
64
1
73920
0
64
0
74304
64
64
0
74688
128
64
0
75072
192
64
0
192
256
64
1
192
320
64
1
192
384
64
1
192
448
64
1
192
512
64
1
192
576
64
1
192
640
64
1
192
704
64
1
192
768
64
1
192
832
64
1
192
896
64
1
192
960
64
1
192
1024
64
1
192
1088
64
1
192
1152
64
1
192
1216
64
1
192
1280
64
1
192
1344
64
1
192
1408
64
1
192
1472
64
1
192
1536
64
1
192
1600
64
1
192
1664
64
1
192
1728
64
1
192
1792
64
1
192
1856
64
1
192
1920
64
1
192
1984
64
1
73984
0
64
0
74368
64
64
0
74752
128
64
0
75136
192
64
0
256
256
64
1
256
320
64
1
256
384
64
1
256
448
64
1
256
512
64
1
256
576
64
1
256
640
64
1
256
704
64
1
256
768
64
1
256
832
64
1
256
896
64
1
256
960
64
1
256
1024
64
1
256
1088
64
1
256
1152
64
1
256
1216
64
1
256
1280
64
1
256
1344
64
1
256
1408
64
1
256
1472
64
1
256
1536
64
1
256
1600
64
1
256
1664
64
1
256
1728
64
1
256
1792
64
1
256
1856
64
1
256
1920
64
1
256
1984
64
1
74048
0
64
0
74432
64
64
0
74816
128
64
0
75200
192
64
0
320
256
64
1
320
320
64
1
320
384
64
1
320
448
64
1
320
512
64
1
320
576
64
1
320
640
64
1
320
704
64
1
320
768
64
1
320
832
64
1
320
896
64
1
320
960
64
1
320
1024
64
1
320
1088
64
1
320
1152
64
1
320
1216
64
1
320
1280
64
1
320
1344
64
1
320
1408
64
1
320
1472
64
1
320
1536
64
1
320
1600
64
1
320
1664
64
1
320
1728
64
1
320
1792
64
1
320
1856
64
1
320
1920
64
1
320
1984
64
1
