0
0
64
0
64
64
64
0
128
128
64
0
192
192
64
0
256
256
64
0
320
320
64
0
384
384
64
0
448
448
64
0
512
512
64
0
576
576
64
0
640
640
64
0
704
704
64
0
768
768
64
0
832
832
64
0
896
896
64
0
960
960
64
0
1024
1024
64
0
1088
1088
64
0
1152
1152
64
0
1216
1216
64
0
1280
1280
64
0
1344
1344
64
0
1408
1408
64
0
1472
1472
64
0
1536
1536
64
0
1600
1600
64
0
1664
1664
64
0
1728
1728
64
0
1792
1792
64
0
1856
1856
64
0
1920
1920
64
0
1984
1984
64
0
2048
0
64
0
2112
64
64
0
2176
128
64
0
2240
192
64
0
2304
256
64
0
2368
320
64
0
2432
384
64
0
2496
448
64
0
2560
512
64
0
2624
576
64
0
2688
640
64
0
2752
704
64
0
2816
768
64
0
2880
832
64
0
2944
896
64
0
3008
960
64
0
3072
1024
64
0
3136
1088
64
0
3200
1152
64
0
3264
1216
64
0
3328
1280
64
0
3392
1344
64
0
3456
1408
64
0
3520
1472
64
0
3584
1536
64
0
3648
1600
64
0
3712
1664
64
0
3776
1728
64
0
3840
1792
64
0
3904
1856
64
0
3968
1920
64
0
4032
1984
64
0
4096
0
64
0
4160
64
64
0
4224
128
64
0
4288
192
64
0
4352
256
64
0
4416
320
64
0
4480
384
64
0
4544
448
64
0
4608
512
64
0
4672
576
64
0
4736
640
64
0
4800
704
64
0
4864
768
64
0
4928
832
64
0
4992
896
64
0
5056
960
64
0
5120
1024
64
0
5184
1088
64
0
5248
1152
64
0
5312
1216
64
0
5376
1280
64
0
5440
1344
64
0
5504
1408
64
0
5568
1472
64
0
5632
1536
64
0
5696
1600
64
0
5760
1664
64
0
5824
1728
64
0
5888
1792
64
0
5952
1856
64
0
6016
1920
64
0
6080
1984
64
0
6144
0
64
0
6208
64
64
0
6272
128
64
0
6336
192
64
0
6400
256
64
0
6464
320
64
0
6528
384
64
0
6592
448
64
0
6656
512
64
0
6720
576
64
0
6784
640
64
0
6848
704
64
0
6912
768
64
0
6976
832
64
0
7040
896
64
0
7104
960
64
0
7168
1024
64
0
7232
1088
64
0
7296
1152
64
0
7360
1216
64
0
7424
1280
64
0
7488
1344
64
0
7552
1408
64
0
7616
1472
64
0
7680
1536
64
0
7744
1600
64
0
7808
1664
64
0
7872
1728
64
0
7936
1792
64
0
8000
1856
64
0
8064
1920
64
0
8128
1984
64
0
8192
0
64
0
8256
64
64
0
8320
128
64
0
8384
192
64
0
8448
256
64
0
8512
320
64
0
8576
384
64
0
8640
448
64
0
8704
512
64
0
8768
576
64
0
8832
640
64
0
8896
704
64
0
8960
768
64
0
9024
832
64
0
9088
896
64
0
9152
960
64
0
9216
1024
64
0
9280
1088
64
0
9344
1152
64
0
9408
1216
64
0
9472
1280
64
0
9536
1344
64
0
9600
1408
64
0
9664
1472
64
0
9728
1536
64
0
9792
1600
64
0
9856
1664
64
0
9920
1728
64
0
9984
1792
64
0
10048
1856
64
0
10112
1920
64
0
10176
1984
64
0
10240
0
64
0
10304
64
64
0
10368
128
64
0
10432
192
64
0
10496
256
64
0
10560
320
64
0
10624
384
64
0
10688
448
64
0
10752
512
64
0
10816
576
64
0
10880
640
64
0
10944
704
64
0
11008
768
64
0
11072
832
64
0
11136
896
64
0
11200
960
64
0
11264
1024
64
0
11328
1088
64
0
11392
1152
64
0
11456
1216
64
0
11520
1280
64
0
11584
1344
64
0
11648
1408
64
0
11712
1472
64
0
11776
1536
64
0
11840
1600
64
0
11904
1664
64
0
11968
1728
64
0
12032
1792
64
0
12096
1856
64
0
12160
1920
64
0
12224
1984
64
0
12288
0
64
0
12352
64
64
0
12416
128
64
0
12480
192
64
0
12544
256
64
0
12608
320
64
0
12672
384
64
0
12736
448
64
0
12800
512
64
0
12864
576
64
0
12928
640
64
0
12992
704
64
0
13056
768
64
0
13120
832
64
0
13184
896
64
0
13248
960
64
0
13312
1024
64
0
13376
1088
64
0
13440
1152
64
0
13504
1216
64
0
13568
1280
64
0
13632
1344
64
0
13696
1408
64
0
13760
1472
64
0
13824
1536
64
0
13888
1600
64
0
13952
1664
64
0
14016
1728
64
0
14080
1792
64
0
14144
1856
64
0
14208
1920
64
0
14272
1984
64
0
14336
0
64
0
14400
64
64
0
14464
128
64
0
14528
192
64
0
14592
256
64
0
14656
320
64
0
14720
384
64
0
14784
448
64
0
14848
512
64
0
14912
576
64
0
14976
640
64
0
15040
704
64
0
15104
768
64
0
15168
832
64
0
15232
896
64
0
15296
960
64
0
15360
1024
64
0
15424
1088
64
0
15488
1152
64
0
15552
1216
64
0
15616
1280
64
0
15680
1344
64
0
15744
1408
64
0
15808
1472
64
0
15872
1536
64
0
15936
1600
64
0
16000
1664
64
0
16064
1728
64
0
16128
1792
64
0
16192
1856
64
0
16256
1920
64
0
16320
1984
64
0
16384
0
64
0
16448
64
64
0
16512
128
64
0
16576
192
64
0
16640
256
64
0
16704
320
64
0
16768
384
64
0
16832
448
64
0
16896
512
64
0
16960
576
64
0
17024
640
64
0
17088
704
64
0
17152
768
64
0
17216
832
64
0
17280
896
64
0
17344
960
64
0
17408
1024
64
0
17472
1088
64
0
17536
1152
64
0
17600
1216
64
0
17664
1280
64
0
17728
1344
64
0
17792
1408
64
0
17856
1472
64
0
17920
1536
64
0
17984
1600
64
0
18048
1664
64
0
18112
1728
64
0
18176
1792
64
0
18240
1856
64
0
18304
1920
64
0
18368
1984
64
0
18432
0
64
0
18496
64
64
0
18560
128
64
0
18624
192
64
0
18688
256
64
0
18752
320
64
0
18816
384
64
0
18880
448
64
0
18944
512
64
0
19008
576
64
0
19072
640
64
0
19136
704
64
0
19200
768
64
0
19264
832
64
0
19328
896
64
0
19392
960
64
0
19456
1024
64
0
19520
1088
64
0
19584
1152
64
0
19648
1216
64
0
19712
1280
64
0
19776
1344
64
0
19840
1408
64
0
19904
1472
64
0
19968
1536
64
0
20032
1600
64
0
20096
1664
64
0
20160
1728
64
0
20224
1792
64
0
20288
1856
64
0
20352
1920
64
0
20416
1984
64
0
20480
0
64
0
20544
64
64
0
20608
128
64
0
20672
192
64
0
20736
256
64
0
20800
320
64
0
20864
384
64
0
20928
448
64
0
20992
512
64
0
21056
576
64
0
21120
640
64
0
21184
704
64
0
21248
768
64
0
21312
832
64
0
21376
896
64
0
21440
960
64
0
21504
1024
64
0
21568
1088
64
0
21632
1152
64
0
21696
1216
64
0
21760
1280
64
0
21824
1344
64
0
21888
1408
64
0
21952
1472
64
0
22016
1536
64
0
22080
1600
64
0
22144
1664
64
0
22208
1728
64
0
22272
1792
64
0
22336
1856
64
0
22400
1920
64
0
22464
1984
64
0
22528
0
64
0
22592
64
64
0
22656
128
64
0
22720
192
64
0
22784
256
64
0
22848
320
64
0
22912
384
64
0
22976
448
64
0
23040
512
64
0
23104
576
64
0
23168
640
64
0
23232
704
64
0
23296
768
64
0
23360
832
64
0
23424
896
64
0
23488
960
64
0
23552
1024
64
0
23616
1088
64
0
23680
1152
64
0
23744
1216
64
0
23808
1280
64
0
23872
1344
64
0
23936
1408
64
0
24000
1472
64
0
24064
1536
64
0
24128
1600
64
0
24192
1664
64
0
24256
1728
64
0
24320
1792
64
0
24384
1856
64
0
24448
1920
64
0
24512
1984
64
0
24576
0
64
0
24640
64
64
0
24704
128
64
0
24768
192
64
0
24832
256
64
0
24896
320
64
0
24960
384
64
0
25024
448
64
0
25088
512
64
0
25152
576
64
0
25216
640
64
0
25280
704
64
0
25344
768
64
0
25408
832
64
0
25472
896
64
0
25536
960
64
0
25600
1024
64
0
25664
1088
64
0
25728
1152
64
0
25792
1216
64
0
25856
1280
64
0
25920
1344
64
0
25984
1408
64
0
26048
1472
64
0
26112
1536
64
0
26176
1600
64
0
26240
1664
64
0
26304
1728
64
0
26368
1792
64
0
26432
1856
64
0
26496
1920
64
0
26560
1984
64
0
26624
0
64
0
26688
64
64
0
26752
128
64
0
26816
192
64
0
26880
256
64
0
26944
320
64
0
27008
384
64
0
27072
448
64
0
27136
512
64
0
27200
576
64
0
27264
640
64
0
27328
704
64
0
27392
768
64
0
27456
832
64
0
27520
896
64
0
27584
960
64
0
27648
1024
64
0
27712
1088
64
0
27776
1152
64
0
27840
1216
64
0
27904
1280
64
0
27968
1344
64
0
28032
1408
64
0
28096
1472
64
0
28160
1536
64
0
28224
1600
64
0
28288
1664
64
0
28352
1728
64
0
28416
1792
64
0
28480
1856
64
0
28544
1920
64
0
28608
1984
64
0
28672
0
64
0
28736
64
64
0
28800
128
64
0
28864
192
64
0
28928
256
64
0
28992
320
64
0
29056
384
64
0
29120
448
64
0
29184
512
64
0
29248
576
64
0
29312
640
64
0
29376
704
64
0
29440
768
64
0
29504
832
64
0
29568
896
64
0
29632
960
64
0
29696
1024
64
0
29760
1088
64
0
29824
1152
64
0
29888
1216
64
0
29952
1280
64
0
30016
1344
64
0
30080
1408
64
0
30144
1472
64
0
30208
1536
64
0
30272
1600
64
0
30336
1664
64
0
30400
1728
64
0
30464
1792
64
0
30528
1856
64
0
30592
1920
64
0
30656
1984
64
0
30720
0
64
0
30784
64
64
0
30848
128
64
0
30912
192
64
0
30976
256
64
0
31040
320
64
0
31104
384
64
0
31168
448
64
0
31232
512
64
0
31296
576
64
0
31360
640
64
0
31424
704
64
0
31488
768
64
0
31552
832
64
0
31616
896
64
0
31680
960
64
0
31744
1024
64
0
31808
1088
64
0
31872
1152
64
0
31936
1216
64
0
32000
1280
64
0
32064
1344
64
0
32128
1408
64
0
32192
1472
64
0
32256
1536
64
0
32320
1600
64
0
32384
1664
64
0
32448
1728
64
0
32512
1792
64
0
32576
1856
64
0
32640
1920
64
0
32704
1984
64
0
32768
0
64
0
32832
64
64
0
32896
128
64
0
32960
192
64
0
33024
256
64
0
33088
320
64
0
33152
384
64
0
33216
448
64
0
33280
512
64
0
33344
576
64
0
33408
640
64
0
33472
704
64
0
33536
768
64
0
33600
832
64
0
33664
896
64
0
33728
960
64
0
33792
1024
64
0
33856
1088
64
0
33920
1152
64
0
33984
1216
64
0
34048
1280
64
0
34112
1344
64
0
34176
1408
64
0
34240
1472
64
0
34304
1536
64
0
34368
1600
64
0
34432
1664
64
0
34496
1728
64
0
34560
1792
64
0
34624
1856
64
0
34688
1920
64
0
34752
1984
64
0
34816
0
64
0
34880
64
64
0
34944
128
64
0
35008
192
64
0
35072
256
64
0
35136
320
64
0
35200
384
64
0
35264
448
64
0
35328
512
64
0
35392
576
64
0
35456
640
64
0
35520
704
64
0
35584
768
64
0
35648
832
64
0
35712
896
64
0
35776
960
64
0
35840
1024
64
0
35904
1088
64
0
35968
1152
64
0
36032
1216
64
0
36096
1280
64
0
36160
1344
64
0
36224
1408
64
0
36288
1472
64
0
36352
1536
64
0
36416
1600
64
0
36480
1664
64
0
36544
1728
64
0
36608
1792
64
0
36672
1856
64
0
36736
1920
64
0
36800
1984
64
0
36864
0
64
0
36928
64
64
0
36992
128
64
0
37056
192
64
0
37120
256
64
0
37184
320
64
0
37248
384
64
0
37312
448
64
0
37376
512
64
0
37440
576
64
0
37504
640
64
0
37568
704
64
0
37632
768
64
0
37696
832
64
0
37760
896
64
0
37824
960
64
0
37888
1024
64
0
37952
1088
64
0
38016
1152
64
0
38080
1216
64
0
38144
1280
64
0
38208
1344
64
0
38272
1408
64
0
38336
1472
64
0
38400
1536
64
0
38464
1600
64
0
38528
1664
64
0
38592
1728
64
0
38656
1792
64
0
38720
1856
64
0
38784
1920
64
0
38848
1984
64
0
38912
0
64
0
38976
64
64
0
39040
128
64
0
39104
192
64
0
39168
256
64
0
39232
320
64
0
39296
384
64
0
39360
448
64
0
39424
512
64
0
39488
576
64
0
39552
640
64
0
39616
704
64
0
39680
768
64
0
39744
832
64
0
39808
896
64
0
39872
960
64
0
39936
1024
64
0
40000
1088
64
0
40064
1152
64
0
40128
1216
64
0
40192
1280
64
0
40256
1344
64
0
40320
1408
64
0
40384
1472
64
0
40448
1536
64
0
40512
1600
64
0
40576
1664
64
0
40640
1728
64
0
40704
1792
64
0
40768
1856
64
0
40832
1920
64
0
40896
1984
64
0
40960
0
64
0
41024
64
64
0
41088
128
64
0
41152
192
64
0
41216
256
64
0
41280
320
64
0
41344
384
64
0
41408
448
64
0
41472
512
64
0
41536
576
64
0
41600
640
64
0
41664
704
64
0
41728
768
64
0
41792
832
64
0
41856
896
64
0
41920
960
64
0
41984
1024
64
0
42048
1088
64
0
42112
1152
64
0
42176
1216
64
0
42240
1280
64
0
42304
1344
64
0
42368
1408
64
0
42432
1472
64
0
42496
1536
64
0
42560
1600
64
0
42624
1664
64
0
42688
1728
64
0
42752
1792
64
0
42816
1856
64
0
42880
1920
64
0
42944
1984
64
0
43008
0
64
0
43072
64
64
0
43136
128
64
0
43200
192
64
0
43264
256
64
0
43328
320
64
0
43392
384
64
0
43456
448
64
0
43520
512
64
0
43584
576
64
0
43648
640
64
0
43712
704
64
0
43776
768
64
0
43840
832
64
0
43904
896
64
0
43968
960
64
0
44032
1024
64
0
44096
1088
64
0
44160
1152
64
0
44224
1216
64
0
44288
1280
64
0
44352
1344
64
0
44416
1408
64
0
44480
1472
64
0
44544
1536
64
0
44608
1600
64
0
44672
1664
64
0
44736
1728
64
0
44800
1792
64
0
44864
1856
64
0
44928
1920
64
0
44992
1984
64
0
45056
0
64
0
45120
64
64
0
45184
128
64
0
45248
192
64
0
45312
256
64
0
45376
320
64
0
45440
384
64
0
45504
448
64
0
45568
512
64
0
45632
576
64
0
45696
640
64
0
45760
704
64
0
45824
768
64
0
45888
832
64
0
45952
896
64
0
46016
960
64
0
46080
1024
64
0
46144
1088
64
0
46208
1152
64
0
46272
1216
64
0
46336
1280
64
0
46400
1344
64
0
46464
1408
64
0
46528
1472
64
0
46592
1536
64
0
46656
1600
64
0
46720
1664
64
0
46784
1728
64
0
46848
1792
64
0
46912
1856
64
0
46976
1920
64
0
47040
1984
64
0
47104
0
64
0
47168
64
64
0
47232
128
64
0
47296
192
64
0
47360
256
64
0
47424
320
64
0
47488
384
64
0
47552
448
64
0
47616
512
64
0
47680
576
64
0
47744
640
64
0
47808
704
64
0
47872
768
64
0
47936
832
64
0
48000
896
64
0
48064
960
64
0
48128
1024
64
0
48192
1088
64
0
48256
1152
64
0
48320
1216
64
0
48384
1280
64
0
48448
1344
64
0
48512
1408
64
0
48576
1472
64
0
48640
1536
64
0
48704
1600
64
0
48768
1664
64
0
48832
1728
64
0
48896
1792
64
0
48960
1856
64
0
49024
1920
64
0
49088
1984
64
0
49152
0
64
0
49216
64
64
0
49280
128
64
0
49344
192
64
0
49408
256
64
0
49472
320
64
0
49536
384
64
0
49600
448
64
0
49664
512
64
0
49728
576
64
0
49792
640
64
0
49856
704
64
0
49920
768
64
0
49984
832
64
0
50048
896
64
0
50112
960
64
0
50176
1024
64
0
50240
1088
64
0
50304
1152
64
0
50368
1216
64
0
50432
1280
64
0
50496
1344
64
0
50560
1408
64
0
50624
1472
64
0
50688
1536
64
0
50752
1600
64
0
50816
1664
64
0
50880
1728
64
0
50944
1792
64
0
51008
1856
64
0
51072
1920
64
0
51136
1984
64
0
51200
0
64
0
51264
64
64
0
51328
128
64
0
51392
192
64
0
51456
256
64
0
51520
320
64
0
51584
384
64
0
51648
448
64
0
51712
512
64
0
51776
576
64
0
51840
640
64
0
51904
704
64
0
51968
768
64
0
52032
832
64
0
52096
896
64
0
52160
960
64
0
52224
1024
64
0
52288
1088
64
0
52352
1152
64
0
52416
1216
64
0
52480
1280
64
0
52544
1344
64
0
52608
1408
64
0
52672
1472
64
0
52736
1536
64
0
52800
1600
64
0
52864
1664
64
0
52928
1728
64
0
52992
1792
64
0
53056
1856
64
0
53120
1920
64
0
53184
1984
64
0
53248
0
64
0
53312
64
64
0
53376
128
64
0
53440
192
64
0
53504
256
64
0
53568
320
64
0
53632
384
64
0
53696
448
64
0
53760
512
64
0
53824
576
64
0
53888
640
64
0
53952
704
64
0
54016
768
64
0
54080
832
64
0
54144
896
64
0
54208
960
64
0
54272
1024
64
0
54336
1088
64
0
54400
1152
64
0
54464
1216
64
0
54528
1280
64
0
54592
1344
64
0
54656
1408
64
0
54720
1472
64
0
54784
1536
64
0
54848
1600
64
0
54912
1664
64
0
54976
1728
64
0
55040
1792
64
0
55104
1856
64
0
55168
1920
64
0
55232
1984
64
0
55296
0
64
0
55360
64
64
0
55424
128
64
0
55488
192
64
0
55552
256
64
0
55616
320
64
0
55680
384
64
0
55744
448
64
0
55808
512
64
0
55872
576
64
0
55936
640
64
0
56000
704
64
0
56064
768
64
0
56128
832
64
0
56192
896
64
0
56256
960
64
0
56320
1024
64
0
56384
1088
64
0
56448
1152
64
0
56512
1216
64
0
56576
1280
64
0
56640
1344
64
0
56704
1408
64
0
56768
1472
64
0
56832
1536
64
0
56896
1600
64
0
56960
1664
64
0
57024
1728
64
0
57088
1792
64
0
57152
1856
64
0
57216
1920
64
0
57280
1984
64
0
57344
0
64
0
57408
64
64
0
57472
128
64
0
57536
192
64
0
57600
256
64
0
57664
320
64
0
57728
384
64
0
57792
448
64
0
57856
512
64
0
57920
576
64
0
57984
640
64
0
58048
704
64
0
58112
768
64
0
58176
832
64
0
58240
896
64
0
58304
960
64
0
58368
1024
64
0
58432
1088
64
0
58496
1152
64
0
58560
1216
64
0
58624
1280
64
0
58688
1344
64
0
58752
1408
64
0
58816
1472
64
0
58880
1536
64
0
58944
1600
64
0
59008
1664
64
0
59072
1728
64
0
59136
1792
64
0
59200
1856
64
0
59264
1920
64
0
59328
1984
64
0
59392
0
64
0
59456
64
64
0
59520
128
64
0
59584
192
64
0
59648
256
64
0
59712
320
64
0
59776
384
64
0
59840
448
64
0
59904
512
64
0
59968
576
64
0
60032
640
64
0
60096
704
64
0
60160
768
64
0
60224
832
64
0
60288
896
64
0
60352
960
64
0
60416
1024
64
0
60480
1088
64
0
60544
1152
64
0
60608
1216
64
0
60672
1280
64
0
60736
1344
64
0
60800
1408
64
0
60864
1472
64
0
60928
1536
64
0
60992
1600
64
0
61056
1664
64
0
61120
1728
64
0
61184
1792
64
0
61248
1856
64
0
61312
1920
64
0
61376
1984
64
0
61440
0
64
0
61504
64
64
0
61568
128
64
0
61632
192
64
0
61696
256
64
0
61760
320
64
0
61824
384
64
0
61888
448
64
0
61952
512
64
0
62016
576
64
0
62080
640
64
0
62144
704
64
0
62208
768
64
0
62272
832
64
0
62336
896
64
0
62400
960
64
0
62464
1024
64
0
62528
1088
64
0
62592
1152
64
0
62656
1216
64
0
62720
1280
64
0
62784
1344
64
0
62848
1408
64
0
62912
1472
64
0
62976
1536
64
0
63040
1600
64
0
63104
1664
64
0
63168
1728
64
0
63232
1792
64
0
63296
1856
64
0
63360
1920
64
0
63424
1984
64
0
63488
0
64
0
63552
64
64
0
63616
128
64
0
63680
192
64
0
63744
256
64
0
63808
320
64
0
63872
384
64
0
63936
448
64
0
64000
512
64
0
64064
576
64
0
64128
640
64
0
64192
704
64
0
64256
768
64
0
64320
832
64
0
64384
896
64
0
64448
960
64
0
64512
1024
64
0
64576
1088
64
0
64640
1152
64
0
64704
1216
64
0
64768
1280
64
0
64832
1344
64
0
64896
1408
64
0
64960
1472
64
0
65024
1536
64
0
65088
1600
64
0
65152
1664
64
0
65216
1728
64
0
65280
1792
64
0
65344
1856
64
0
65408
1920
64
0
65472
1984
64
0
65536
0
64
0
65600
64
64
0
65664
128
64
0
65728
192
64
0
65792
256
64
0
65856
320
64
0
65920
384
64
0
65984
448
64
0
66048
512
64
0
66112
576
64
0
66176
640
64
0
66240
704
64
0
66304
768
64
0
66368
832
64
0
66432
896
64
0
66496
960
64
0
66560
1024
64
0
66624
1088
64
0
66688
1152
64
0
66752
1216
64
0
66816
1280
64
0
66880
1344
64
0
66944
1408
64
0
67008
1472
64
0
67072
1536
64
0
67136
1600
64
0
67200
1664
64
0
67264
1728
64
0
67328
1792
64
0
67392
1856
64
0
67456
1920
64
0
67520
1984
64
0
67584
0
64
0
67648
64
64
0
67712
128
64
0
67776
192
64
0
67840
256
64
0
67904
320
64
0
67968
384
64
0
68032
448
64
0
68096
512
64
0
68160
576
64
0
68224
640
64
0
68288
704
64
0
68352
768
64
0
68416
832
64
0
68480
896
64
0
68544
960
64
0
68608
1024
64
0
68672
1088
64
0
68736
1152
64
0
68800
1216
64
0
68864
1280
64
0
68928
1344
64
0
68992
1408
64
0
69056
1472
64
0
69120
1536
64
0
69184
1600
64
0
69248
1664
64
0
69312
1728
64
0
69376
1792
64
0
69440
1856
64
0
69504
1920
64
0
69568
1984
64
0
69632
0
64
0
69696
64
64
0
69760
128
64
0
69824
192
64
0
69888
256
64
0
69952
320
64
0
70016
384
64
0
70080
448
64
0
70144
512
64
0
70208
576
64
0
70272
640
64
0
70336
704
64
0
70400
768
64
0
70464
832
64
0
70528
896
64
0
70592
960
64
0
70656
1024
64
0
70720
1088
64
0
70784
1152
64
0
70848
1216
64
0
70912
1280
64
0
70976
1344
64
0
71040
1408
64
0
71104
1472
64
0
71168
1536
64
0
71232
1600
64
0
71296
1664
64
0
71360
1728
64
0
71424
1792
64
0
71488
1856
64
0
71552
1920
64
0
71616
1984
64
0
71680
0
64
0
71744
64
64
0
71808
128
64
0
71872
192
64
0
71936
256
64
0
72000
320
64
0
72064
384
64
0
72128
448
64
0
72192
512
64
0
72256
576
64
0
72320
640
64
0
72384
704
64
0
72448
768
64
0
72512
832
64
0
72576
896
64
0
72640
960
64
0
72704
1024
64
0
72768
1088
64
0
72832
1152
64
0
72896
1216
64
0
72960
1280
64
0
73024
1344
64
0
73088
1408
64
0
73152
1472
64
0
73216
1536
64
0
73280
1600
64
0
73344
1664
64
0
73408
1728
64
0
73472
1792
64
0
73536
1856
64
0
73600
1920
64
0
73664
1984
64
0
73728
0
64
0
73792
64
64
0
73856
128
64
0
73920
192
64
0
73984
256
64
0
74048
320
64
0
74112
384
64
0
74176
448
64
0
74240
512
64
0
74304
576
64
0
74368
640
64
0
74432
704
64
0
74496
768
64
0
74560
832
64
0
74624
896
64
0
74688
960
64
0
74752
1024
64
0
74816
1088
64
0
74880
1152
64
0
74944
1216
64
0
75008
1280
64
0
75072
1344
64
0
75136
1408
64
0
75200
1472
64
0
75264
1536
64
0
75328
1600
64
0
75392
1664
64
0
75456
1728
64
0
75520
1792
64
0
75584
1856
64
0
75648
1920
64
0
75712
1984
64
0
75776
0
64
0
75840
64
64
0
75904
128
64
0
75968
192
64
0
76032
256
64
0
76096
320
64
0
76160
384
64
0
76224
448
64
0
76288
512
64
0
76352
576
64
0
76416
640
64
0
76480
704
64
0
76544
768
64
0
76608
832
64
0
76672
896
64
0
76736
960
64
0
76800
1024
64
0
76864
1088
64
0
76928
1152
64
0
76992
1216
64
0
77056
1280
64
0
77120
1344
64
0
77184
1408
64
0
77248
1472
64
0
77312
1536
64
0
77376
1600
64
0
77440
1664
64
0
77504
1728
64
0
77568
1792
64
0
77632
1856
64
0
77696
1920
64
0
77760
1984
64
0
77824
0
64
0
77888
64
64
0
77952
128
64
0
78016
192
64
0
78080
256
64
0
78144
320
64
0
78208
384
64
0
78272
448
64
0
78336
512
64
0
78400
576
64
0
78464
640
64
0
78528
704
64
0
78592
768
64
0
78656
832
64
0
78720
896
64
0
78784
960
64
0
78848
1024
64
0
78912
1088
64
0
78976
1152
64
0
79040
1216
64
0
79104
1280
64
0
79168
1344
64
0
79232
1408
64
0
79296
1472
64
0
79360
1536
64
0
79424
1600
64
0
79488
1664
64
0
79552
1728
64
0
79616
1792
64
0
79680
1856
64
0
79744
1920
64
0
79808
1984
64
0
79872
0
64
0
79936
64
64
0
80000
128
64
0
80064
192
64
0
80128
256
64
0
80192
320
64
0
80256
384
64
0
80320
448
64
0
80384
512
64
0
80448
576
64
0
80512
640
64
0
80576
704
64
0
80640
768
64
0
80704
832
64
0
80768
896
64
0
80832
960
64
0
80896
1024
64
0
80960
1088
64
0
81024
1152
64
0
81088
1216
64
0
81152
1280
64
0
81216
1344
64
0
81280
1408
64
0
81344
1472
64
0
81408
1536
64
0
81472
1600
64
0
81536
1664
64
0
81600
1728
64
0
81664
1792
64
0
81728
1856
64
0
81792
1920
64
0
81856
1984
64
0
81920
0
64
0
81984
64
64
0
82048
128
64
0
82112
192
64
0
82176
256
64
0
82240
320
64
0
82304
384
64
0
82368
448
64
0
82432
512
64
0
82496
576
64
0
82560
640
64
0
82624
704
64
0
82688
768
64
0
82752
832
64
0
82816
896
64
0
82880
960
64
0
82944
1024
64
0
83008
1088
64
0
83072
1152
64
0
83136
1216
64
0
83200
1280
64
0
83264
1344
64
0
83328
1408
64
0
83392
1472
64
0
83456
1536
64
0
83520
1600
64
0
83584
1664
64
0
83648
1728
64
0
83712
1792
64
0
83776
1856
64
0
83840
1920
64
0
83904
1984
64
0
83968
0
64
0
84032
64
64
0
84096
128
64
0
84160
192
64
0
84224
256
64
0
84288
320
64
0
84352
384
64
0
84416
448
64
0
84480
512
64
0
84544
576
64
0
84608
640
64
0
84672
704
64
0
84736
768
64
0
84800
832
64
0
84864
896
64
0
84928
960
64
0
84992
1024
64
0
85056
1088
64
0
85120
1152
64
0
85184
1216
64
0
85248
1280
64
0
85312
1344
64
0
85376
1408
64
0
85440
1472
64
0
85504
1536
64
0
85568
1600
64
0
85632
1664
64
0
85696
1728
64
0
85760
1792
64
0
85824
1856
64
0
85888
1920
64
0
85952
1984
64
0
86016
0
64
0
86080
64
64
0
86144
128
64
0
86208
192
64
0
86272
256
64
0
86336
320
64
0
86400
384
64
0
86464
448
64
0
86528
512
64
0
86592
576
64
0
86656
640
64
0
86720
704
64
0
86784
768
64
0
86848
832
64
0
86912
896
64
0
86976
960
64
0
87040
1024
64
0
87104
1088
64
0
87168
1152
64
0
87232
1216
64
0
87296
1280
64
0
87360
1344
64
0
87424
1408
64
0
87488
1472
64
0
87552
1536
64
0
87616
1600
64
0
87680
1664
64
0
87744
1728
64
0
87808
1792
64
0
87872
1856
64
0
87936
1920
64
0
88000
1984
64
0
88064
0
64
0
88128
64
64
0
88192
128
64
0
88256
192
64
0
88320
256
64
0
88384
320
64
0
88448
384
64
0
88512
448
64
0
88576
512
64
0
88640
576
64
0
88704
640
64
0
88768
704
64
0
88832
768
64
0
88896
832
64
0
88960
896
64
0
89024
960
64
0
89088
1024
64
0
89152
1088
64
0
89216
1152
64
0
89280
1216
64
0
89344
1280
64
0
89408
1344
64
0
89472
1408
64
0
89536
1472
64
0
89600
1536
64
0
89664
1600
64
0
89728
1664
64
0
89792
1728
64
0
89856
1792
64
0
89920
1856
64
0
89984
1920
64
0
90048
1984
64
0
90112
0
64
0
90176
64
64
0
90240
128
64
0
90304
192
64
0
90368
256
64
0
90432
320
64
0
90496
384
64
0
90560
448
64
0
90624
512
64
0
90688
576
64
0
90752
640
64
0
90816
704
64
0
90880
768
64
0
90944
832
64
0
91008
896
64
0
91072
960
64
0
91136
1024
64
0
91200
1088
64
0
91264
1152
64
0
91328
1216
64
0
91392
1280
64
0
91456
1344
64
0
91520
1408
64
0
91584
1472
64
0
91648
1536
64
0
91712
1600
64
0
91776
1664
64
0
91840
1728
64
0
91904
1792
64
0
91968
1856
64
0
92032
1920
64
0
92096
1984
64
0
92160
0
64
0
92224
64
64
0
92288
128
64
0
92352
192
64
0
92416
256
64
0
92480
320
64
0
92544
384
64
0
92608
448
64
0
92672
512
64
0
92736
576
64
0
92800
640
64
0
92864
704
64
0
92928
768
64
0
92992
832
64
0
93056
896
64
0
93120
960
64
0
93184
1024
64
0
93248
1088
64
0
93312
1152
64
0
93376
1216
64
0
93440
1280
64
0
93504
1344
64
0
93568
1408
64
0
93632
1472
64
0
93696
1536
64
0
93760
1600
64
0
93824
1664
64
0
93888
1728
64
0
93952
1792
64
0
94016
1856
64
0
94080
1920
64
0
94144
1984
64
0
94208
0
64
0
94272
64
64
0
94336
128
64
0
94400
192
64
0
94464
256
64
0
94528
320
64
0
94592
384
64
0
94656
448
64
0
94720
512
64
0
94784
576
64
0
94848
640
64
0
94912
704
64
0
94976
768
64
0
95040
832
64
0
95104
896
64
0
95168
960
64
0
95232
1024
64
0
95296
1088
64
0
95360
1152
64
0
95424
1216
64
0
95488
1280
64
0
95552
1344
64
0
95616
1408
64
0
95680
1472
64
0
95744
1536
64
0
95808
1600
64
0
95872
1664
64
0
95936
1728
64
0
96000
1792
64
0
96064
1856
64
0
96128
1920
64
0
96192
1984
64
0
96256
0
64
0
96320
64
64
0
96384
128
64
0
96448
192
64
0
96512
256
64
0
96576
320
64
0
96640
384
64
0
96704
448
64
0
96768
512
64
0
96832
576
64
0
96896
640
64
0
96960
704
64
0
97024
768
64
0
97088
832
64
0
97152
896
64
0
97216
960
64
0
97280
1024
64
0
97344
1088
64
0
97408
1152
64
0
97472
1216
64
0
97536
1280
64
0
97600
1344
64
0
97664
1408
64
0
97728
1472
64
0
97792
1536
64
0
97856
1600
64
0
97920
1664
64
0
97984
1728
64
0
98048
1792
64
0
98112
1856
64
0
98176
1920
64
0
98240
1984
64
0
98304
0
64
0
98368
64
64
0
98432
128
64
0
98496
192
64
0
98560
256
64
0
98624
320
64
0
98688
384
64
0
98752
448
64
0
98816
512
64
0
98880
576
64
0
98944
640
64
0
99008
704
64
0
99072
768
64
0
99136
832
64
0
99200
896
64
0
99264
960
64
0
99328
1024
64
0
99392
1088
64
0
99456
1152
64
0
99520
1216
64
0
99584
1280
64
0
99648
1344
64
0
99712
1408
64
0
99776
1472
64
0
99840
1536
64
0
99904
1600
64
0
99968
1664
64
0
100032
1728
64
0
100096
1792
64
0
100160
1856
64
0
100224
1920
64
0
100288
1984
64
0
100352
0
64
0
100416
64
64
0
100480
128
64
0
100544
192
64
0
100608
256
64
0
100672
320
64
0
100736
384
64
0
100800
448
64
0
100864
512
64
0
100928
576
64
0
100992
640
64
0
101056
704
64
0
101120
768
64
0
101184
832
64
0
101248
896
64
0
101312
960
64
0
101376
1024
64
0
101440
1088
64
0
101504
1152
64
0
101568
1216
64
0
101632
1280
64
0
101696
1344
64
0
101760
1408
64
0
101824
1472
64
0
101888
1536
64
0
101952
1600
64
0
102016
1664
64
0
102080
1728
64
0
102144
1792
64
0
102208
1856
64
0
102272
1920
64
0
102336
1984
64
0
102400
0
64
0
102464
64
64
0
102528
128
64
0
102592
192
64
0
102656
256
64
0
102720
320
64
0
102784
384
64
0
102848
448
64
0
102912
512
64
0
102976
576
64
0
103040
640
64
0
103104
704
64
0
103168
768
64
0
103232
832
64
0
103296
896
64
0
103360
960
64
0
103424
1024
64
0
103488
1088
64
0
103552
1152
64
0
103616
1216
64
0
103680
1280
64
0
103744
1344
64
0
103808
1408
64
0
103872
1472
64
0
103936
1536
64
0
104000
1600
64
0
104064
1664
64
0
104128
1728
64
0
104192
1792
64
0
104256
1856
64
0
104320
1920
64
0
104384
1984
64
0
104448
0
64
0
104512
64
64
0
104576
128
64
0
104640
192
64
0
104704
256
64
0
104768
320
64
0
104832
384
64
0
104896
448
64
0
104960
512
64
0
105024
576
64
0
105088
640
64
0
105152
704
64
0
105216
768
64
0
105280
832
64
0
105344
896
64
0
105408
960
64
0
105472
1024
64
0
105536
1088
64
0
105600
1152
64
0
105664
1216
64
0
105728
1280
64
0
105792
1344
64
0
105856
1408
64
0
105920
1472
64
0
105984
1536
64
0
106048
1600
64
0
106112
1664
64
0
106176
1728
64
0
106240
1792
64
0
106304
1856
64
0
106368
1920
64
0
106432
1984
64
0
106496
0
64
0
106560
64
64
0
106624
128
64
0
106688
192
64
0
106752
256
64
0
106816
320
64
0
106880
384
64
0
106944
448
64
0
107008
512
64
0
107072
576
64
0
107136
640
64
0
107200
704
64
0
107264
768
64
0
107328
832
64
0
107392
896
64
0
107456
960
64
0
107520
1024
64
0
107584
1088
64
0
107648
1152
64
0
107712
1216
64
0
107776
1280
64
0
107840
1344
64
0
107904
1408
64
0
107968
1472
64
0
108032
1536
64
0
108096
1600
64
0
108160
1664
64
0
108224
1728
64
0
108288
1792
64
0
108352
1856
64
0
108416
1920
64
0
108480
1984
64
0
108544
0
64
0
108608
64
64
0
108672
128
64
0
108736
192
64
0
108800
256
64
0
108864
320
64
0
108928
384
64
0
108992
448
64
0
109056
512
64
0
109120
576
64
0
109184
640
64
0
109248
704
64
0
109312
768
64
0
109376
832
64
0
109440
896
64
0
109504
960
64
0
109568
1024
64
0
109632
1088
64
0
109696
1152
64
0
109760
1216
64
0
109824
1280
64
0
109888
1344
64
0
109952
1408
64
0
110016
1472
64
0
110080
1536
64
0
110144
1600
64
0
110208
1664
64
0
110272
1728
64
0
110336
1792
64
0
110400
1856
64
0
110464
1920
64
0
110528
1984
64
0
110592
0
64
0
110656
64
64
0
110720
128
64
0
110784
192
64
0
110848
256
64
0
110912
320
64
0
110976
384
64
0
111040
448
64
0
111104
512
64
0
111168
576
64
0
111232
640
64
0
111296
704
64
0
111360
768
64
0
111424
832
64
0
111488
896
64
0
111552
960
64
0
111616
1024
64
0
111680
1088
64
0
111744
1152
64
0
111808
1216
64
0
111872
1280
64
0
111936
1344
64
0
112000
1408
64
0
112064
1472
64
0
112128
1536
64
0
112192
1600
64
0
112256
1664
64
0
112320
1728
64
0
112384
1792
64
0
112448
1856
64
0
112512
1920
64
0
112576
1984
64
0
112640
0
64
0
112704
64
64
0
112768
128
64
0
112832
192
64
0
112896
256
64
0
112960
320
64
0
113024
384
64
0
113088
448
64
0
113152
512
64
0
113216
576
64
0
113280
640
64
0
113344
704
64
0
113408
768
64
0
113472
832
64
0
113536
896
64
0
113600
960
64
0
113664
1024
64
0
113728
1088
64
0
113792
1152
64
0
113856
1216
64
0
113920
1280
64
0
113984
1344
64
0
114048
1408
64
0
114112
1472
64
0
114176
1536
64
0
114240
1600
64
0
114304
1664
64
0
114368
1728
64
0
114432
1792
64
0
114496
1856
64
0
114560
1920
64
0
114624
1984
64
0
114688
0
64
0
114752
64
64
0
114816
128
64
0
114880
192
64
0
114944
256
64
0
115008
320
64
0
115072
384
64
0
115136
448
64
0
115200
512
64
0
115264
576
64
0
115328
640
64
0
115392
704
64
0
115456
768
64
0
115520
832
64
0
115584
896
64
0
115648
960
64
0
115712
1024
64
0
115776
1088
64
0
115840
1152
64
0
115904
1216
64
0
115968
1280
64
0
116032
1344
64
0
116096
1408
64
0
116160
1472
64
0
116224
1536
64
0
116288
1600
64
0
116352
1664
64
0
116416
1728
64
0
116480
1792
64
0
116544
1856
64
0
116608
1920
64
0
116672
1984
64
0
116736
0
64
0
116800
64
64
0
116864
128
64
0
116928
192
64
0
116992
256
64
0
117056
320
64
0
117120
384
64
0
117184
448
64
0
117248
512
64
0
117312
576
64
0
117376
640
64
0
117440
704
64
0
117504
768
64
0
117568
832
64
0
117632
896
64
0
117696
960
64
0
117760
1024
64
0
117824
1088
64
0
117888
1152
64
0
117952
1216
64
0
118016
1280
64
0
118080
1344
64
0
118144
1408
64
0
118208
1472
64
0
118272
1536
64
0
118336
1600
64
0
118400
1664
64
0
118464
1728
64
0
118528
1792
64
0
118592
1856
64
0
118656
1920
64
0
118720
1984
64
0
118784
0
64
0
118848
64
64
0
118912
128
64
0
118976
192
64
0
119040
256
64
0
119104
320
64
0
119168
384
64
0
119232
448
64
0
119296
512
64
0
119360
576
64
0
119424
640
64
0
119488
704
64
0
119552
768
64
0
119616
832
64
0
119680
896
64
0
119744
960
64
0
119808
1024
64
0
119872
1088
64
0
119936
1152
64
0
120000
1216
64
0
120064
1280
64
0
120128
1344
64
0
120192
1408
64
0
120256
1472
64
0
120320
1536
64
0
120384
1600
64
0
120448
1664
64
0
120512
1728
64
0
120576
1792
64
0
120640
1856
64
0
120704
1920
64
0
120768
1984
64
0
120832
0
64
0
120896
64
64
0
120960
128
64
0
121024
192
64
0
121088
256
64
0
121152
320
64
0
121216
384
64
0
121280
448
64
0
121344
512
64
0
121408
576
64
0
121472
640
64
0
121536
704
64
0
121600
768
64
0
121664
832
64
0
121728
896
64
0
121792
960
64
0
121856
1024
64
0
121920
1088
64
0
121984
1152
64
0
122048
1216
64
0
122112
1280
64
0
122176
1344
64
0
122240
1408
64
0
122304
1472
64
0
122368
1536
64
0
122432
1600
64
0
122496
1664
64
0
122560
1728
64
0
122624
1792
64
0
122688
1856
64
0
122752
1920
64
0
122816
1984
64
0
122880
0
64
0
122944
64
64
0
123008
128
64
0
123072
192
64
0
123136
256
64
0
123200
320
64
0
123264
384
64
0
123328
448
64
0
123392
512
64
0
123456
576
64
0
123520
640
64
0
123584
704
64
0
123648
768
64
0
123712
832
64
0
123776
896
64
0
123840
960
64
0
123904
1024
64
0
123968
1088
64
0
124032
1152
64
0
124096
1216
64
0
124160
1280
64
0
124224
1344
64
0
124288
1408
64
0
124352
1472
64
0
124416
1536
64
0
124480
1600
64
0
124544
1664
64
0
124608
1728
64
0
124672
1792
64
0
124736
1856
64
0
124800
1920
64
0
124864
1984
64
0
124928
0
64
0
124992
64
64
0
125056
128
64
0
125120
192
64
0
125184
256
64
0
125248
320
64
0
125312
384
64
0
125376
448
64
0
125440
512
64
0
125504
576
64
0
125568
640
64
0
125632
704
64
0
125696
768
64
0
125760
832
64
0
125824
896
64
0
125888
960
64
0
125952
1024
64
0
126016
1088
64
0
126080
1152
64
0
126144
1216
64
0
126208
1280
64
0
126272
1344
64
0
126336
1408
64
0
126400
1472
64
0
126464
1536
64
0
126528
1600
64
0
126592
1664
64
0
126656
1728
64
0
126720
1792
64
0
126784
1856
64
0
126848
1920
64
0
126912
1984
64
0
126976
0
64
0
127040
64
64
0
127104
128
64
0
127168
192
64
0
127232
256
64
0
127296
320
64
0
127360
384
64
0
127424
448
64
0
127488
512
64
0
127552
576
64
0
127616
640
64
0
127680
704
64
0
127744
768
64
0
127808
832
64
0
127872
896
64
0
127936
960
64
0
128000
1024
64
0
128064
1088
64
0
128128
1152
64
0
128192
1216
64
0
128256
1280
64
0
128320
1344
64
0
128384
1408
64
0
128448
1472
64
0
128512
1536
64
0
128576
1600
64
0
128640
1664
64
0
128704
1728
64
0
128768
1792
64
0
128832
1856
64
0
128896
1920
64
0
128960
1984
64
0
129024
0
64
0
129088
64
64
0
129152
128
64
0
129216
192
64
0
129280
256
64
0
129344
320
64
0
129408
384
64
0
129472
448
64
0
129536
512
64
0
129600
576
64
0
129664
640
64
0
129728
704
64
0
129792
768
64
0
129856
832
64
0
129920
896
64
0
129984
960
64
0
130048
1024
64
0
130112
1088
64
0
130176
1152
64
0
130240
1216
64
0
130304
1280
64
0
130368
1344
64
0
130432
1408
64
0
130496
1472
64
0
130560
1536
64
0
130624
1600
64
0
130688
1664
64
0
130752
1728
64
0
130816
1792
64
0
130880
1856
64
0
130944
1920
64
0
131008
1984
64
0
131072
0
64
0
131136
64
64
0
131200
128
64
0
131264
192
64
0
131328
256
64
0
131392
320
64
0
131456
384
64
0
131520
448
64
0
131584
512
64
0
131648
576
64
0
131712
640
64
0
131776
704
64
0
131840
768
64
0
131904
832
64
0
131968
896
64
0
132032
960
64
0
132096
1024
64
0
132160
1088
64
0
132224
1152
64
0
132288
1216
64
0
132352
1280
64
0
132416
1344
64
0
132480
1408
64
0
132544
1472
64
0
132608
1536
64
0
132672
1600
64
0
132736
1664
64
0
132800
1728
64
0
132864
1792
64
0
132928
1856
64
0
132992
1920
64
0
133056
1984
64
0
133120
0
64
0
133184
64
64
0
133248
128
64
0
133312
192
64
0
133376
256
64
0
133440
320
64
0
133504
384
64
0
133568
448
64
0
133632
512
64
0
133696
576
64
0
133760
640
64
0
133824
704
64
0
133888
768
64
0
133952
832
64
0
134016
896
64
0
134080
960
64
0
134144
1024
64
0
134208
1088
64
0
134272
1152
64
0
134336
1216
64
0
134400
1280
64
0
134464
1344
64
0
134528
1408
64
0
134592
1472
64
0
134656
1536
64
0
134720
1600
64
0
134784
1664
64
0
134848
1728
64
0
134912
1792
64
0
134976
1856
64
0
135040
1920
64
0
135104
1984
64
0
135168
0
64
0
135232
64
64
0
135296
128
64
0
135360
192
64
0
135424
256
64
0
135488
320
64
0
135552
384
64
0
135616
448
64
0
135680
512
64
0
135744
576
64
0
135808
640
64
0
135872
704
64
0
135936
768
64
0
136000
832
64
0
136064
896
64
0
136128
960
64
0
136192
1024
64
0
136256
1088
64
0
136320
1152
64
0
136384
1216
64
0
136448
1280
64
0
136512
1344
64
0
136576
1408
64
0
136640
1472
64
0
136704
1536
64
0
136768
1600
64
0
136832
1664
64
0
136896
1728
64
0
136960
1792
64
0
137024
1856
64
0
137088
1920
64
0
137152
1984
64
0
137216
0
64
0
137280
64
64
0
137344
128
64
0
137408
192
64
0
137472
256
64
0
137536
320
64
0
137600
384
64
0
137664
448
64
0
137728
512
64
0
137792
576
64
0
137856
640
64
0
137920
704
64
0
137984
768
64
0
138048
832
64
0
138112
896
64
0
138176
960
64
0
138240
1024
64
0
138304
1088
64
0
138368
1152
64
0
138432
1216
64
0
138496
1280
64
0
138560
1344
64
0
138624
1408
64
0
138688
1472
64
0
138752
1536
64
0
138816
1600
64
0
138880
1664
64
0
138944
1728
64
0
139008
1792
64
0
139072
1856
64
0
139136
1920
64
0
139200
1984
64
0
139264
0
64
0
139328
64
64
0
139392
128
64
0
139456
192
64
0
139520
256
64
0
139584
320
64
0
139648
384
64
0
139712
448
64
0
139776
512
64
0
139840
576
64
0
139904
640
64
0
139968
704
64
0
140032
768
64
0
140096
832
64
0
140160
896
64
0
140224
960
64
0
140288
1024
64
0
140352
1088
64
0
140416
1152
64
0
140480
1216
64
0
140544
1280
64
0
140608
1344
64
0
140672
1408
64
0
140736
1472
64
0
140800
1536
64
0
140864
1600
64
0
140928
1664
64
0
140992
1728
64
0
141056
1792
64
0
141120
1856
64
0
141184
1920
64
0
141248
1984
64
0
141312
0
64
0
141376
64
64
0
141440
128
64
0
141504
192
64
0
141568
256
64
0
141632
320
64
0
141696
384
64
0
141760
448
64
0
141824
512
64
0
141888
576
64
0
141952
640
64
0
142016
704
64
0
142080
768
64
0
142144
832
64
0
142208
896
64
0
142272
960
64
0
142336
1024
64
0
142400
1088
64
0
142464
1152
64
0
142528
1216
64
0
142592
1280
64
0
142656
1344
64
0
142720
1408
64
0
142784
1472
64
0
142848
1536
64
0
142912
1600
64
0
142976
1664
64
0
143040
1728
64
0
143104
1792
64
0
143168
1856
64
0
143232
1920
64
0
143296
1984
64
0
143360
0
64
0
143424
64
64
0
143488
128
64
0
143552
192
64
0
143616
256
64
0
143680
320
64
0
143744
384
64
0
143808
448
64
0
143872
512
64
0
143936
576
64
0
144000
640
64
0
144064
704
64
0
144128
768
64
0
144192
832
64
0
144256
896
64
0
144320
960
64
0
144384
1024
64
0
144448
1088
64
0
144512
1152
64
0
144576
1216
64
0
144640
1280
64
0
144704
1344
64
0
144768
1408
64
0
144832
1472
64
0
144896
1536
64
0
144960
1600
64
0
145024
1664
64
0
145088
1728
64
0
145152
1792
64
0
145216
1856
64
0
145280
1920
64
0
145344
1984
64
0
145408
0
64
0
145472
64
64
0
145536
128
64
0
145600
192
64
0
145664
256
64
0
145728
320
64
0
145792
384
64
0
145856
448
64
0
145920
512
64
0
145984
576
64
0
146048
640
64
0
146112
704
64
0
146176
768
64
0
146240
832
64
0
146304
896
64
0
146368
960
64
0
146432
1024
64
0
146496
1088
64
0
146560
1152
64
0
146624
1216
64
0
146688
1280
64
0
146752
1344
64
0
146816
1408
64
0
146880
1472
64
0
146944
1536
64
0
147008
1600
64
0
147072
1664
64
0
147136
1728
64
0
147200
1792
64
0
147264
1856
64
0
147328
1920
64
0
147392
1984
64
0
147456
0
64
0
147520
64
64
0
147584
128
64
0
147648
192
64
0
147712
256
64
0
147776
320
64
0
147840
384
64
0
147904
448
64
0
147968
512
64
0
148032
576
64
0
148096
640
64
0
148160
704
64
0
148224
768
64
0
148288
832
64
0
148352
896
64
0
148416
960
64
0
148480
1024
64
0
148544
1088
64
0
148608
1152
64
0
148672
1216
64
0
148736
1280
64
0
148800
1344
64
0
148864
1408
64
0
148928
1472
64
0
148992
1536
64
0
149056
1600
64
0
149120
1664
64
0
149184
1728
64
0
149248
1792
64
0
149312
1856
64
0
149376
1920
64
0
149440
1984
64
0
149504
0
64
0
149568
64
64
0
149632
128
64
0
149696
192
64
0
149760
256
64
0
149824
320
64
0
149888
384
64
0
149952
448
64
0
150016
512
64
0
150080
576
64
0
150144
640
64
0
150208
704
64
0
150272
768
64
0
150336
832
64
0
150400
896
64
0
150464
960
64
0
150528
1024
64
0
150592
1088
64
0
150656
1152
64
0
150720
1216
64
0
150784
1280
64
0
150848
1344
64
0
150912
1408
64
0
150976
1472
64
0
151040
1536
64
0
151104
1600
64
0
151168
1664
64
0
151232
1728
64
0
151296
1792
64
0
151360
1856
64
0
151424
1920
64
0
151488
1984
64
0
151552
0
64
0
151616
64
64
0
151680
128
64
0
151744
192
64
0
151808
256
64
0
151872
320
64
0
151936
384
64
0
152000
448
64
0
152064
512
64
0
152128
576
64
0
152192
640
64
0
152256
704
64
0
152320
768
64
0
152384
832
64
0
152448
896
64
0
152512
960
64
0
152576
1024
64
0
152640
1088
64
0
152704
1152
64
0
152768
1216
64
0
152832
1280
64
0
152896
1344
64
0
152960
1408
64
0
153024
1472
64
0
153088
1536
64
0
153152
1600
64
0
153216
1664
64
0
153280
1728
64
0
153344
1792
64
0
153408
1856
64
0
153472
1920
64
0
153536
1984
64
0
153600
0
64
0
153664
64
64
0
153728
128
64
0
153792
192
64
0
153856
256
64
0
153920
320
64
0
153984
384
64
0
154048
448
64
0
154112
512
64
0
154176
576
64
0
154240
640
64
0
154304
704
64
0
154368
768
64
0
154432
832
64
0
154496
896
64
0
154560
960
64
0
154624
1024
64
0
154688
1088
64
0
154752
1152
64
0
154816
1216
64
0
154880
1280
64
0
154944
1344
64
0
155008
1408
64
0
155072
1472
64
0
155136
1536
64
0
155200
1600
64
0
155264
1664
64
0
155328
1728
64
0
155392
1792
64
0
155456
1856
64
0
155520
1920
64
0
155584
1984
64
0
155648
0
64
0
155712
64
64
0
155776
128
64
0
155840
192
64
0
155904
256
64
0
155968
320
64
0
156032
384
64
0
156096
448
64
0
156160
512
64
0
156224
576
64
0
156288
640
64
0
156352
704
64
0
156416
768
64
0
156480
832
64
0
156544
896
64
0
156608
960
64
0
156672
1024
64
0
156736
1088
64
0
156800
1152
64
0
156864
1216
64
0
156928
1280
64
0
156992
1344
64
0
157056
1408
64
0
157120
1472
64
0
157184
1536
64
0
157248
1600
64
0
157312
1664
64
0
157376
1728
64
0
157440
1792
64
0
157504
1856
64
0
157568
1920
64
0
157632
1984
64
0
157696
0
64
0
157760
64
64
0
157824
128
64
0
157888
192
64
0
157952
256
64
0
158016
320
64
0
158080
384
64
0
158144
448
64
0
158208
512
64
0
158272
576
64
0
158336
640
64
0
158400
704
64
0
158464
768
64
0
158528
832
64
0
158592
896
64
0
158656
960
64
0
158720
1024
64
0
158784
1088
64
0
158848
1152
64
0
158912
1216
64
0
158976
1280
64
0
159040
1344
64
0
159104
1408
64
0
159168
1472
64
0
159232
1536
64
0
159296
1600
64
0
159360
1664
64
0
159424
1728
64
0
159488
1792
64
0
159552
1856
64
0
159616
1920
64
0
159680
1984
64
0
159744
0
64
0
159808
64
64
0
159872
128
64
0
159936
192
64
0
160000
256
64
0
160064
320
64
0
160128
384
64
0
160192
448
64
0
160256
512
64
0
160320
576
64
0
160384
640
64
0
160448
704
64
0
160512
768
64
0
160576
832
64
0
160640
896
64
0
160704
960
64
0
160768
1024
64
0
160832
1088
64
0
160896
1152
64
0
160960
1216
64
0
161024
1280
64
0
161088
1344
64
0
161152
1408
64
0
161216
1472
64
0
161280
1536
64
0
161344
1600
64
0
161408
1664
64
0
161472
1728
64
0
161536
1792
64
0
161600
1856
64
0
161664
1920
64
0
161728
1984
64
0
161792
0
64
0
161856
64
64
0
161920
128
64
0
161984
192
64
0
162048
256
64
0
162112
320
64
0
162176
384
64
0
162240
448
64
0
162304
512
64
0
162368
576
64
0
162432
640
64
0
162496
704
64
0
162560
768
64
0
162624
832
64
0
162688
896
64
0
162752
960
64
0
162816
1024
64
0
162880
1088
64
0
162944
1152
64
0
163008
1216
64
0
163072
1280
64
0
163136
1344
64
0
163200
1408
64
0
163264
1472
64
0
163328
1536
64
0
163392
1600
64
0
163456
1664
64
0
163520
1728
64
0
163584
1792
64
0
163648
1856
64
0
163712
1920
64
0
163776
1984
64
0
163840
0
64
0
163904
64
64
0
163968
128
64
0
164032
192
64
0
164096
256
64
0
164160
320
64
0
164224
384
64
0
164288
448
64
0
164352
512
64
0
164416
576
64
0
164480
640
64
0
164544
704
64
0
164608
768
64
0
164672
832
64
0
164736
896
64
0
164800
960
64
0
164864
1024
64
0
164928
1088
64
0
164992
1152
64
0
165056
1216
64
0
165120
1280
64
0
165184
1344
64
0
165248
1408
64
0
165312
1472
64
0
165376
1536
64
0
165440
1600
64
0
165504
1664
64
0
165568
1728
64
0
165632
1792
64
0
165696
1856
64
0
165760
1920
64
0
165824
1984
64
0
165888
0
64
0
165952
64
64
0
166016
128
64
0
166080
192
64
0
166144
256
64
0
166208
320
64
0
166272
384
64
0
166336
448
64
0
166400
512
64
0
166464
576
64
0
166528
640
64
0
166592
704
64
0
166656
768
64
0
166720
832
64
0
166784
896
64
0
166848
960
64
0
166912
1024
64
0
166976
1088
64
0
167040
1152
64
0
167104
1216
64
0
167168
1280
64
0
167232
1344
64
0
167296
1408
64
0
167360
1472
64
0
167424
1536
64
0
167488
1600
64
0
167552
1664
64
0
167616
1728
64
0
167680
1792
64
0
167744
1856
64
0
167808
1920
64
0
167872
1984
64
0
167936
0
64
0
168000
64
64
0
168064
128
64
0
168128
192
64
0
168192
256
64
0
168256
320
64
0
168320
384
64
0
168384
448
64
0
168448
512
64
0
168512
576
64
0
168576
640
64
0
168640
704
64
0
168704
768
64
0
168768
832
64
0
168832
896
64
0
168896
960
64
0
168960
1024
64
0
169024
1088
64
0
169088
1152
64
0
169152
1216
64
0
169216
1280
64
0
169280
1344
64
0
169344
1408
64
0
169408
1472
64
0
169472
1536
64
0
169536
1600
64
0
169600
1664
64
0
169664
1728
64
0
169728
1792
64
0
169792
1856
64
0
169856
1920
64
0
169920
1984
64
0
169984
0
64
0
170048
64
64
0
170112
128
64
0
170176
192
64
0
170240
256
64
0
170304
320
64
0
170368
384
64
0
170432
448
64
0
170496
512
64
0
170560
576
64
0
170624
640
64
0
170688
704
64
0
170752
768
64
0
170816
832
64
0
170880
896
64
0
170944
960
64
0
171008
1024
64
0
171072
1088
64
0
171136
1152
64
0
171200
1216
64
0
171264
1280
64
0
171328
1344
64
0
171392
1408
64
0
171456
1472
64
0
171520
1536
64
0
171584
1600
64
0
171648
1664
64
0
171712
1728
64
0
171776
1792
64
0
171840
1856
64
0
171904
1920
64
0
171968
1984
64
0
172032
0
64
0
172096
64
64
0
172160
128
64
0
172224
192
64
0
172288
256
64
0
172352
320
64
0
172416
384
64
0
172480
448
64
0
172544
512
64
0
172608
576
64
0
172672
640
64
0
172736
704
64
0
172800
768
64
0
172864
832
64
0
172928
896
64
0
172992
960
64
0
173056
1024
64
0
173120
1088
64
0
173184
1152
64
0
173248
1216
64
0
173312
1280
64
0
173376
1344
64
0
173440
1408
64
0
173504
1472
64
0
173568
1536
64
0
173632
1600
64
0
173696
1664
64
0
173760
1728
64
0
173824
1792
64
0
173888
1856
64
0
173952
1920
64
0
174016
1984
64
0
174080
0
64
0
174144
64
64
0
174208
128
64
0
174272
192
64
0
174336
256
64
0
174400
320
64
0
174464
384
64
0
174528
448
64
0
174592
512
64
0
174656
576
64
0
174720
640
64
0
174784
704
64
0
174848
768
64
0
174912
832
64
0
174976
896
64
0
175040
960
64
0
175104
1024
64
0
175168
1088
64
0
175232
1152
64
0
175296
1216
64
0
175360
1280
64
0
175424
1344
64
0
175488
1408
64
0
175552
1472
64
0
175616
1536
64
0
175680
1600
64
0
175744
1664
64
0
175808
1728
64
0
175872
1792
64
0
175936
1856
64
0
176000
1920
64
0
176064
1984
64
0
176128
0
64
0
176192
64
64
0
176256
128
64
0
176320
192
64
0
176384
256
64
0
176448
320
64
0
176512
384
64
0
176576
448
64
0
176640
512
64
0
176704
576
64
0
176768
640
64
0
176832
704
64
0
176896
768
64
0
176960
832
64
0
177024
896
64
0
177088
960
64
0
177152
1024
64
0
177216
1088
64
0
177280
1152
64
0
177344
1216
64
0
177408
1280
64
0
177472
1344
64
0
177536
1408
64
0
177600
1472
64
0
177664
1536
64
0
177728
1600
64
0
177792
1664
64
0
177856
1728
64
0
177920
1792
64
0
177984
1856
64
0
178048
1920
64
0
178112
1984
64
0
178176
0
64
0
178240
64
64
0
178304
128
64
0
178368
192
64
0
178432
256
64
0
178496
320
64
0
178560
384
64
0
178624
448
64
0
178688
512
64
0
178752
576
64
0
178816
640
64
0
178880
704
64
0
178944
768
64
0
179008
832
64
0
179072
896
64
0
179136
960
64
0
179200
1024
64
0
179264
1088
64
0
179328
1152
64
0
179392
1216
64
0
179456
1280
64
0
179520
1344
64
0
179584
1408
64
0
179648
1472
64
0
179712
1536
64
0
179776
1600
64
0
179840
1664
64
0
179904
1728
64
0
179968
1792
64
0
180032
1856
64
0
180096
1920
64
0
180160
1984
64
0
180224
0
64
0
180288
64
64
0
180352
128
64
0
180416
192
64
0
180480
256
64
0
180544
320
64
0
180608
384
64
0
180672
448
64
0
180736
512
64
0
180800
576
64
0
180864
640
64
0
180928
704
64
0
180992
768
64
0
181056
832
64
0
181120
896
64
0
181184
960
64
0
181248
1024
64
0
181312
1088
64
0
181376
1152
64
0
181440
1216
64
0
181504
1280
64
0
181568
1344
64
0
181632
1408
64
0
181696
1472
64
0
181760
1536
64
0
181824
1600
64
0
181888
1664
64
0
181952
1728
64
0
182016
1792
64
0
182080
1856
64
0
182144
1920
64
0
182208
1984
64
0
182272
0
64
0
182336
64
64
0
182400
128
64
0
182464
192
64
0
182528
256
64
0
182592
320
64
0
182656
384
64
0
182720
448
64
0
182784
512
64
0
182848
576
64
0
182912
640
64
0
182976
704
64
0
183040
768
64
0
183104
832
64
0
183168
896
64
0
183232
960
64
0
183296
1024
64
0
183360
1088
64
0
183424
1152
64
0
183488
1216
64
0
183552
1280
64
0
183616
1344
64
0
183680
1408
64
0
183744
1472
64
0
183808
1536
64
0
183872
1600
64
0
183936
1664
64
0
184000
1728
64
0
184064
1792
64
0
184128
1856
64
0
184192
1920
64
0
184256
1984
64
0
184320
0
64
0
184384
64
64
0
184448
128
64
0
184512
192
64
0
184576
256
64
0
184640
320
64
0
184704
384
64
0
184768
448
64
0
184832
512
64
0
184896
576
64
0
184960
640
64
0
185024
704
64
0
185088
768
64
0
185152
832
64
0
185216
896
64
0
185280
960
64
0
185344
1024
64
0
185408
1088
64
0
185472
1152
64
0
185536
1216
64
0
185600
1280
64
0
185664
1344
64
0
185728
1408
64
0
185792
1472
64
0
185856
1536
64
0
185920
1600
64
0
185984
1664
64
0
186048
1728
64
0
186112
1792
64
0
186176
1856
64
0
186240
1920
64
0
186304
1984
64
0
186368
0
64
0
186432
64
64
0
186496
128
64
0
186560
192
64
0
0
256
64
1
0
320
64
1
0
384
64
1
0
448
64
1
0
512
64
1
0
576
64
1
0
640
64
1
0
704
64
1
0
768
64
1
0
832
64
1
0
896
64
1
0
960
64
1
0
1024
64
1
0
1088
64
1
0
1152
64
1
0
1216
64
1
0
1280
64
1
0
1344
64
1
0
1408
64
1
0
1472
64
1
0
1536
64
1
0
1600
64
1
0
1664
64
1
0
1728
64
1
0
1792
64
1
0
1856
64
1
0
1920
64
1
0
1984
64
1
