0
0
64
0
1920
64
64
0
3840
128
64
0
5760
192
64
0
7680
256
64
0
9600
320
64
0
11520
384
64
0
13440
448
64
0
15360
512
64
0
17280
576
64
0
19200
640
64
0
21120
704
64
0
23040
768
64
0
24960
832
64
0
26880
896
64
0
28800
960
64
0
30720
1024
64
0
32640
1088
64
0
34560
1152
64
0
36480
1216
64
0
38400
1280
64
0
40320
1344
64
0
42240
1408
64
0
44160
1472
64
0
46080
1536
64
0
48000
1600
64
0
49920
1664
64
0
51840
1728
64
0
53760
1792
64
0
55680
1856
64
0
57600
1920
64
0
59520
1984
64
0
64
0
64
0
1984
64
64
0
3904
128
64
0
5824
192
64
0
7744
256
64
0
9664
320
64
0
11584
384
64
0
13504
448
64
0
15424
512
64
0
17344
576
64
0
19264
640
64
0
21184
704
64
0
23104
768
64
0
25024
832
64
0
26944
896
64
0
28864
960
64
0
30784
1024
64
0
32704
1088
64
0
34624
1152
64
0
36544
1216
64
0
38464
1280
64
0
40384
1344
64
0
42304
1408
64
0
44224
1472
64
0
46144
1536
64
0
48064
1600
64
0
49984
1664
64
0
51904
1728
64
0
53824
1792
64
0
55744
1856
64
0
57664
1920
64
0
59584
1984
64
0
128
0
64
0
2048
64
64
0
3968
128
64
0
5888
192
64
0
7808
256
64
0
9728
320
64
0
11648
384
64
0
13568
448
64
0
15488
512
64
0
17408
576
64
0
19328
640
64
0
21248
704
64
0
23168
768
64
0
25088
832
64
0
27008
896
64
0
28928
960
64
0
30848
1024
64
0
32768
1088
64
0
34688
1152
64
0
36608
1216
64
0
38528
1280
64
0
40448
1344
64
0
42368
1408
64
0
44288
1472
64
0
46208
1536
64
0
48128
1600
64
0
50048
1664
64
0
51968
1728
64
0
53888
1792
64
0
55808
1856
64
0
57728
1920
64
0
59648
1984
64
0
192
0
64
0
2112
64
64
0
4032
128
64
0
5952
192
64
0
7872
256
64
0
9792
320
64
0
11712
384
64
0
13632
448
64
0
15552
512
64
0
17472
576
64
0
19392
640
64
0
21312
704
64
0
23232
768
64
0
25152
832
64
0
27072
896
64
0
28992
960
64
0
30912
1024
64
0
32832
1088
64
0
34752
1152
64
0
36672
1216
64
0
38592
1280
64
0
40512
1344
64
0
42432
1408
64
0
44352
1472
64
0
46272
1536
64
0
48192
1600
64
0
50112
1664
64
0
52032
1728
64
0
53952
1792
64
0
55872
1856
64
0
57792
1920
64
0
59712
1984
64
0
256
0
64
0
2176
64
64
0
4096
128
64
0
6016
192
64
0
7936
256
64
0
9856
320
64
0
11776
384
64
0
13696
448
64
0
15616
512
64
0
17536
576
64
0
19456
640
64
0
21376
704
64
0
23296
768
64
0
25216
832
64
0
27136
896
64
0
29056
960
64
0
30976
1024
64
0
32896
1088
64
0
34816
1152
64
0
36736
1216
64
0
38656
1280
64
0
40576
1344
64
0
42496
1408
64
0
44416
1472
64
0
46336
1536
64
0
48256
1600
64
0
50176
1664
64
0
52096
1728
64
0
54016
1792
64
0
55936
1856
64
0
57856
1920
64
0
59776
1984
64
0
320
0
64
0
2240
64
64
0
4160
128
64
0
6080
192
64
0
8000
256
64
0
9920
320
64
0
11840
384
64
0
13760
448
64
0
15680
512
64
0
17600
576
64
0
19520
640
64
0
21440
704
64
0
23360
768
64
0
25280
832
64
0
27200
896
64
0
29120
960
64
0
31040
1024
64
0
32960
1088
64
0
34880
1152
64
0
36800
1216
64
0
38720
1280
64
0
40640
1344
64
0
42560
1408
64
0
44480
1472
64
0
46400
1536
64
0
48320
1600
64
0
50240
1664
64
0
52160
1728
64
0
54080
1792
64
0
56000
1856
64
0
57920
1920
64
0
59840
1984
64
0
384
0
64
0
2304
64
64
0
4224
128
64
0
6144
192
64
0
8064
256
64
0
9984
320
64
0
11904
384
64
0
13824
448
64
0
15744
512
64
0
17664
576
64
0
19584
640
64
0
21504
704
64
0
23424
768
64
0
25344
832
64
0
27264
896
64
0
29184
960
64
0
31104
1024
64
0
33024
1088
64
0
34944
1152
64
0
36864
1216
64
0
38784
1280
64
0
40704
1344
64
0
42624
1408
64
0
44544
1472
64
0
46464
1536
64
0
48384
1600
64
0
50304
1664
64
0
52224
1728
64
0
54144
1792
64
0
56064
1856
64
0
57984
1920
64
0
59904
1984
64
0
448
0
64
0
2368
64
64
0
4288
128
64
0
6208
192
64
0
8128
256
64
0
10048
320
64
0
11968
384
64
0
13888
448
64
0
15808
512
64
0
17728
576
64
0
19648
640
64
0
21568
704
64
0
23488
768
64
0
25408
832
64
0
27328
896
64
0
29248
960
64
0
31168
1024
64
0
33088
1088
64
0
35008
1152
64
0
36928
1216
64
0
38848
1280
64
0
40768
1344
64
0
42688
1408
64
0
44608
1472
64
0
46528
1536
64
0
48448
1600
64
0
50368
1664
64
0
52288
1728
64
0
54208
1792
64
0
56128
1856
64
0
58048
1920
64
0
59968
1984
64
0
512
0
64
0
2432
64
64
0
4352
128
64
0
6272
192
64
0
8192
256
64
0
10112
320
64
0
12032
384
64
0
13952
448
64
0
15872
512
64
0
17792
576
64
0
19712
640
64
0
21632
704
64
0
23552
768
64
0
25472
832
64
0
27392
896
64
0
29312
960
64
0
31232
1024
64
0
33152
1088
64
0
35072
1152
64
0
36992
1216
64
0
38912
1280
64
0
40832
1344
64
0
42752
1408
64
0
44672
1472
64
0
46592
1536
64
0
48512
1600
64
0
50432
1664
64
0
52352
1728
64
0
54272
1792
64
0
56192
1856
64
0
58112
1920
64
0
60032
1984
64
0
576
0
64
0
2496
64
64
0
4416
128
64
0
6336
192
64
0
8256
256
64
0
10176
320
64
0
12096
384
64
0
14016
448
64
0
15936
512
64
0
17856
576
64
0
19776
640
64
0
21696
704
64
0
23616
768
64
0
25536
832
64
0
27456
896
64
0
29376
960
64
0
31296
1024
64
0
33216
1088
64
0
35136
1152
64
0
37056
1216
64
0
38976
1280
64
0
40896
1344
64
0
42816
1408
64
0
44736
1472
64
0
46656
1536
64
0
48576
1600
64
0
50496
1664
64
0
52416
1728
64
0
54336
1792
64
0
56256
1856
64
0
58176
1920
64
0
60096
1984
64
0
640
0
64
0
2560
64
64
0
4480
128
64
0
6400
192
64
0
8320
256
64
0
10240
320
64
0
12160
384
64
0
14080
448
64
0
16000
512
64
0
17920
576
64
0
19840
640
64
0
21760
704
64
0
23680
768
64
0
25600
832
64
0
27520
896
64
0
29440
960
64
0
31360
1024
64
0
33280
1088
64
0
35200
1152
64
0
37120
1216
64
0
39040
1280
64
0
40960
1344
64
0
42880
1408
64
0
44800
1472
64
0
46720
1536
64
0
48640
1600
64
0
50560
1664
64
0
52480
1728
64
0
54400
1792
64
0
56320
1856
64
0
58240
1920
64
0
60160
1984
64
0
704
0
64
0
2624
64
64
0
4544
128
64
0
6464
192
64
0
8384
256
64
0
10304
320
64
0
12224
384
64
0
14144
448
64
0
16064
512
64
0
17984
576
64
0
19904
640
64
0
21824
704
64
0
23744
768
64
0
25664
832
64
0
27584
896
64
0
29504
960
64
0
31424
1024
64
0
33344
1088
64
0
35264
1152
64
0
37184
1216
64
0
39104
1280
64
0
41024
1344
64
0
42944
1408
64
0
44864
1472
64
0
46784
1536
64
0
48704
1600
64
0
50624
1664
64
0
52544
1728
64
0
54464
1792
64
0
56384
1856
64
0
58304
1920
64
0
60224
1984
64
0
768
0
64
0
2688
64
64
0
4608
128
64
0
6528
192
64
0
8448
256
64
0
10368
320
64
0
12288
384
64
0
14208
448
64
0
16128
512
64
0
18048
576
64
0
19968
640
64
0
21888
704
64
0
23808
768
64
0
25728
832
64
0
27648
896
64
0
29568
960
64
0
31488
1024
64
0
33408
1088
64
0
35328
1152
64
0
37248
1216
64
0
39168
1280
64
0
41088
1344
64
0
43008
1408
64
0
44928
1472
64
0
46848
1536
64
0
48768
1600
64
0
50688
1664
64
0
52608
1728
64
0
54528
1792
64
0
56448
1856
64
0
58368
1920
64
0
60288
1984
64
0
832
0
64
0
2752
64
64
0
4672
128
64
0
6592
192
64
0
8512
256
64
0
10432
320
64
0
12352
384
64
0
14272
448
64
0
16192
512
64
0
18112
576
64
0
20032
640
64
0
21952
704
64
0
23872
768
64
0
25792
832
64
0
27712
896
64
0
29632
960
64
0
31552
1024
64
0
33472
1088
64
0
35392
1152
64
0
37312
1216
64
0
39232
1280
64
0
41152
1344
64
0
43072
1408
64
0
44992
1472
64
0
46912
1536
64
0
48832
1600
64
0
50752
1664
64
0
52672
1728
64
0
54592
1792
64
0
56512
1856
64
0
58432
1920
64
0
60352
1984
64
0
896
0
64
0
2816
64
64
0
4736
128
64
0
6656
192
64
0
8576
256
64
0
10496
320
64
0
12416
384
64
0
14336
448
64
0
16256
512
64
0
18176
576
64
0
20096
640
64
0
22016
704
64
0
23936
768
64
0
25856
832
64
0
27776
896
64
0
29696
960
64
0
31616
1024
64
0
33536
1088
64
0
35456
1152
64
0
37376
1216
64
0
39296
1280
64
0
41216
1344
64
0
43136
1408
64
0
45056
1472
64
0
46976
1536
64
0
48896
1600
64
0
50816
1664
64
0
52736
1728
64
0
54656
1792
64
0
56576
1856
64
0
58496
1920
64
0
60416
1984
64
0
960
0
64
0
2880
64
64
0
4800
128
64
0
6720
192
64
0
8640
256
64
0
10560
320
64
0
12480
384
64
0
14400
448
64
0
16320
512
64
0
18240
576
64
0
20160
640
64
0
22080
704
64
0
24000
768
64
0
25920
832
64
0
27840
896
64
0
29760
960
64
0
31680
1024
64
0
33600
1088
64
0
35520
1152
64
0
37440
1216
64
0
39360
1280
64
0
41280
1344
64
0
43200
1408
64
0
45120
1472
64
0
47040
1536
64
0
48960
1600
64
0
50880
1664
64
0
52800
1728
64
0
54720
1792
64
0
56640
1856
64
0
58560
1920
64
0
60480
1984
64
0
1024
0
64
0
2944
64
64
0
4864
128
64
0
6784
192
64
0
8704
256
64
0
10624
320
64
0
12544
384
64
0
14464
448
64
0
16384
512
64
0
18304
576
64
0
20224
640
64
0
22144
704
64
0
24064
768
64
0
25984
832
64
0
27904
896
64
0
29824
960
64
0
31744
1024
64
0
33664
1088
64
0
35584
1152
64
0
37504
1216
64
0
39424
1280
64
0
41344
1344
64
0
43264
1408
64
0
45184
1472
64
0
47104
1536
64
0
49024
1600
64
0
50944
1664
64
0
52864
1728
64
0
54784
1792
64
0
56704
1856
64
0
58624
1920
64
0
60544
1984
64
0
1088
0
64
0
3008
64
64
0
4928
128
64
0
6848
192
64
0
8768
256
64
0
10688
320
64
0
12608
384
64
0
14528
448
64
0
16448
512
64
0
18368
576
64
0
20288
640
64
0
22208
704
64
0
24128
768
64
0
26048
832
64
0
27968
896
64
0
29888
960
64
0
31808
1024
64
0
33728
1088
64
0
35648
1152
64
0
37568
1216
64
0
39488
1280
64
0
41408
1344
64
0
43328
1408
64
0
45248
1472
64
0
47168
1536
64
0
49088
1600
64
0
51008
1664
64
0
52928
1728
64
0
54848
1792
64
0
56768
1856
64
0
58688
1920
64
0
60608
1984
64
0
1152
0
64
0
3072
64
64
0
4992
128
64
0
6912
192
64
0
8832
256
64
0
10752
320
64
0
12672
384
64
0
14592
448
64
0
16512
512
64
0
18432
576
64
0
20352
640
64
0
22272
704
64
0
24192
768
64
0
26112
832
64
0
28032
896
64
0
29952
960
64
0
31872
1024
64
0
33792
1088
64
0
35712
1152
64
0
37632
1216
64
0
39552
1280
64
0
41472
1344
64
0
43392
1408
64
0
45312
1472
64
0
47232
1536
64
0
49152
1600
64
0
51072
1664
64
0
52992
1728
64
0
54912
1792
64
0
56832
1856
64
0
58752
1920
64
0
60672
1984
64
0
1216
0
64
0
3136
64
64
0
5056
128
64
0
6976
192
64
0
8896
256
64
0
10816
320
64
0
12736
384
64
0
14656
448
64
0
16576
512
64
0
18496
576
64
0
20416
640
64
0
22336
704
64
0
24256
768
64
0
26176
832
64
0
28096
896
64
0
30016
960
64
0
31936
1024
64
0
33856
1088
64
0
35776
1152
64
0
37696
1216
64
0
39616
1280
64
0
41536
1344
64
0
43456
1408
64
0
45376
1472
64
0
47296
1536
64
0
49216
1600
64
0
51136
1664
64
0
53056
1728
64
0
54976
1792
64
0
56896
1856
64
0
58816
1920
64
0
60736
1984
64
0
1280
0
64
0
3200
64
64
0
5120
128
64
0
7040
192
64
0
8960
256
64
0
10880
320
64
0
12800
384
64
0
14720
448
64
0
16640
512
64
0
18560
576
64
0
20480
640
64
0
22400
704
64
0
24320
768
64
0
26240
832
64
0
28160
896
64
0
30080
960
64
0
32000
1024
64
0
33920
1088
64
0
35840
1152
64
0
37760
1216
64
0
39680
1280
64
0
41600
1344
64
0
43520
1408
64
0
45440
1472
64
0
47360
1536
64
0
49280
1600
64
0
51200
1664
64
0
53120
1728
64
0
55040
1792
64
0
56960
1856
64
0
58880
1920
64
0
60800
1984
64
0
1344
0
64
0
3264
64
64
0
5184
128
64
0
7104
192
64
0
9024
256
64
0
10944
320
64
0
12864
384
64
0
14784
448
64
0
16704
512
64
0
18624
576
64
0
20544
640
64
0
22464
704
64
0
24384
768
64
0
26304
832
64
0
28224
896
64
0
30144
960
64
0
32064
1024
64
0
33984
1088
64
0
35904
1152
64
0
37824
1216
64
0
39744
1280
64
0
41664
1344
64
0
43584
1408
64
0
45504
1472
64
0
47424
1536
64
0
49344
1600
64
0
51264
1664
64
0
53184
1728
64
0
55104
1792
64
0
57024
1856
64
0
58944
1920
64
0
60864
1984
64
0
1408
0
64
0
3328
64
64
0
5248
128
64
0
7168
192
64
0
9088
256
64
0
11008
320
64
0
12928
384
64
0
14848
448
64
0
16768
512
64
0
18688
576
64
0
20608
640
64
0
22528
704
64
0
24448
768
64
0
26368
832
64
0
28288
896
64
0
30208
960
64
0
32128
1024
64
0
34048
1088
64
0
35968
1152
64
0
37888
1216
64
0
39808
1280
64
0
41728
1344
64
0
43648
1408
64
0
45568
1472
64
0
47488
1536
64
0
49408
1600
64
0
51328
1664
64
0
53248
1728
64
0
55168
1792
64
0
57088
1856
64
0
59008
1920
64
0
60928
1984
64
0
1472
0
64
0
3392
64
64
0
5312
128
64
0
7232
192
64
0
9152
256
64
0
11072
320
64
0
12992
384
64
0
14912
448
64
0
16832
512
64
0
18752
576
64
0
20672
640
64
0
22592
704
64
0
24512
768
64
0
26432
832
64
0
28352
896
64
0
30272
960
64
0
32192
1024
64
0
34112
1088
64
0
36032
1152
64
0
37952
1216
64
0
39872
1280
64
0
41792
1344
64
0
43712
1408
64
0
45632
1472
64
0
47552
1536
64
0
49472
1600
64
0
51392
1664
64
0
53312
1728
64
0
55232
1792
64
0
57152
1856
64
0
59072
1920
64
0
60992
1984
64
0
1536
0
64
0
3456
64
64
0
5376
128
64
0
7296
192
64
0
9216
256
64
0
11136
320
64
0
13056
384
64
0
14976
448
64
0
16896
512
64
0
18816
576
64
0
20736
640
64
0
22656
704
64
0
24576
768
64
0
26496
832
64
0
28416
896
64
0
30336
960
64
0
32256
1024
64
0
34176
1088
64
0
36096
1152
64
0
38016
1216
64
0
39936
1280
64
0
41856
1344
64
0
43776
1408
64
0
45696
1472
64
0
47616
1536
64
0
49536
1600
64
0
51456
1664
64
0
53376
1728
64
0
55296
1792
64
0
57216
1856
64
0
59136
1920
64
0
61056
1984
64
0
1600
0
64
0
3520
64
64
0
5440
128
64
0
7360
192
64
0
9280
256
64
0
11200
320
64
0
13120
384
64
0
15040
448
64
0
16960
512
64
0
18880
576
64
0
20800
640
64
0
22720
704
64
0
24640
768
64
0
26560
832
64
0
28480
896
64
0
30400
960
64
0
32320
1024
64
0
34240
1088
64
0
36160
1152
64
0
38080
1216
64
0
40000
1280
64
0
41920
1344
64
0
43840
1408
64
0
45760
1472
64
0
47680
1536
64
0
49600
1600
64
0
51520
1664
64
0
53440
1728
64
0
55360
1792
64
0
57280
1856
64
0
59200
1920
64
0
61120
1984
64
0
1664
0
64
0
3584
64
64
0
5504
128
64
0
7424
192
64
0
9344
256
64
0
11264
320
64
0
13184
384
64
0
15104
448
64
0
17024
512
64
0
18944
576
64
0
20864
640
64
0
22784
704
64
0
24704
768
64
0
26624
832
64
0
28544
896
64
0
30464
960
64
0
32384
1024
64
0
34304
1088
64
0
36224
1152
64
0
38144
1216
64
0
40064
1280
64
0
41984
1344
64
0
43904
1408
64
0
45824
1472
64
0
47744
1536
64
0
49664
1600
64
0
51584
1664
64
0
53504
1728
64
0
55424
1792
64
0
57344
1856
64
0
59264
1920
64
0
61184
1984
64
0
1728
0
64
0
3648
64
64
0
5568
128
64
0
7488
192
64
0
9408
256
64
0
11328
320
64
0
13248
384
64
0
15168
448
64
0
17088
512
64
0
19008
576
64
0
20928
640
64
0
22848
704
64
0
24768
768
64
0
26688
832
64
0
28608
896
64
0
30528
960
64
0
32448
1024
64
0
34368
1088
64
0
36288
1152
64
0
38208
1216
64
0
40128
1280
64
0
42048
1344
64
0
43968
1408
64
0
45888
1472
64
0
47808
1536
64
0
49728
1600
64
0
51648
1664
64
0
53568
1728
64
0
55488
1792
64
0
57408
1856
64
0
59328
1920
64
0
61248
1984
64
0
1792
0
64
0
3712
64
64
0
5632
128
64
0
7552
192
64
0
9472
256
64
0
11392
320
64
0
13312
384
64
0
15232
448
64
0
17152
512
64
0
19072
576
64
0
20992
640
64
0
22912
704
64
0
24832
768
64
0
26752
832
64
0
28672
896
64
0
30592
960
64
0
32512
1024
64
0
34432
1088
64
0
36352
1152
64
0
38272
1216
64
0
40192
1280
64
0
42112
1344
64
0
44032
1408
64
0
45952
1472
64
0
47872
1536
64
0
49792
1600
64
0
51712
1664
64
0
53632
1728
64
0
55552
1792
64
0
57472
1856
64
0
59392
1920
64
0
61312
1984
64
0
1856
0
64
0
3776
64
64
0
5696
128
64
0
7616
192
64
0
9536
256
64
0
11456
320
64
0
13376
384
64
0
15296
448
64
0
17216
512
64
0
19136
576
64
0
21056
640
64
0
22976
704
64
0
24896
768
64
0
26816
832
64
0
28736
896
64
0
30656
960
64
0
32576
1024
64
0
34496
1088
64
0
36416
1152
64
0
38336
1216
64
0
40256
1280
64
0
42176
1344
64
0
44096
1408
64
0
46016
1472
64
0
47936
1536
64
0
49856
1600
64
0
51776
1664
64
0
53696
1728
64
0
55616
1792
64
0
57536
1856
64
0
59456
1920
64
0
61376
1984
64
0
61440
0
64
0
63360
64
64
0
65280
128
64
0
67200
192
64
0
69120
256
64
0
71040
320
64
0
72960
384
64
0
74880
448
64
0
76800
512
64
0
78720
576
64
0
80640
640
64
0
82560
704
64
0
84480
768
64
0
86400
832
64
0
88320
896
64
0
90240
960
64
0
92160
1024
64
0
0
1088
64
1
0
1152
64
1
0
1216
64
1
0
1280
64
1
0
1344
64
1
0
1408
64
1
0
1472
64
1
0
1536
64
1
0
1600
64
1
0
1664
64
1
0
1728
64
1
0
1792
64
1
0
1856
64
1
0
1920
64
1
0
1984
64
1
61504
0
64
0
63424
64
64
0
65344
128
64
0
67264
192
64
0
69184
256
64
0
71104
320
64
0
73024
384
64
0
74944
448
64
0
76864
512
64
0
78784
576
64
0
80704
640
64
0
82624
704
64
0
84544
768
64
0
86464
832
64
0
88384
896
64
0
90304
960
64
0
92224
1024
64
0
64
1088
64
1
64
1152
64
1
64
1216
64
1
64
1280
64
1
64
1344
64
1
64
1408
64
1
64
1472
64
1
64
1536
64
1
64
1600
64
1
64
1664
64
1
64
1728
64
1
64
1792
64
1
64
1856
64
1
64
1920
64
1
64
1984
64
1
61568
0
64
0
63488
64
64
0
65408
128
64
0
67328
192
64
0
69248
256
64
0
71168
320
64
0
73088
384
64
0
75008
448
64
0
76928
512
64
0
78848
576
64
0
80768
640
64
0
82688
704
64
0
84608
768
64
0
86528
832
64
0
88448
896
64
0
90368
960
64
0
92288
1024
64
0
128
1088
64
1
128
1152
64
1
128
1216
64
1
128
1280
64
1
128
1344
64
1
128
1408
64
1
128
1472
64
1
128
1536
64
1
128
1600
64
1
128
1664
64
1
128
1728
64
1
128
1792
64
1
128
1856
64
1
128
1920
64
1
128
1984
64
1
61632
0
64
0
63552
64
64
0
65472
128
64
0
67392
192
64
0
69312
256
64
0
71232
320
64
0
73152
384
64
0
75072
448
64
0
76992
512
64
0
78912
576
64
0
80832
640
64
0
82752
704
64
0
84672
768
64
0
86592
832
64
0
88512
896
64
0
90432
960
64
0
92352
1024
64
0
192
1088
64
1
192
1152
64
1
192
1216
64
1
192
1280
64
1
192
1344
64
1
192
1408
64
1
192
1472
64
1
192
1536
64
1
192
1600
64
1
192
1664
64
1
192
1728
64
1
192
1792
64
1
192
1856
64
1
192
1920
64
1
192
1984
64
1
61696
0
64
0
63616
64
64
0
65536
128
64
0
67456
192
64
0
69376
256
64
0
71296
320
64
0
73216
384
64
0
75136
448
64
0
77056
512
64
0
78976
576
64
0
80896
640
64
0
82816
704
64
0
84736
768
64
0
86656
832
64
0
88576
896
64
0
90496
960
64
0
92416
1024
64
0
256
1088
64
1
256
1152
64
1
256
1216
64
1
256
1280
64
1
256
1344
64
1
256
1408
64
1
256
1472
64
1
256
1536
64
1
256
1600
64
1
256
1664
64
1
256
1728
64
1
256
1792
64
1
256
1856
64
1
256
1920
64
1
256
1984
64
1
61760
0
64
0
63680
64
64
0
65600
128
64
0
67520
192
64
0
69440
256
64
0
71360
320
64
0
73280
384
64
0
75200
448
64
0
77120
512
64
0
79040
576
64
0
80960
640
64
0
82880
704
64
0
84800
768
64
0
86720
832
64
0
88640
896
64
0
90560
960
64
0
92480
1024
64
0
320
1088
64
1
320
1152
64
1
320
1216
64
1
320
1280
64
1
320
1344
64
1
320
1408
64
1
320
1472
64
1
320
1536
64
1
320
1600
64
1
320
1664
64
1
320
1728
64
1
320
1792
64
1
320
1856
64
1
320
1920
64
1
320
1984
64
1
61824
0
64
0
63744
64
64
0
65664
128
64
0
67584
192
64
0
69504
256
64
0
71424
320
64
0
73344
384
64
0
75264
448
64
0
77184
512
64
0
79104
576
64
0
81024
640
64
0
82944
704
64
0
84864
768
64
0
86784
832
64
0
88704
896
64
0
90624
960
64
0
92544
1024
64
0
384
1088
64
1
384
1152
64
1
384
1216
64
1
384
1280
64
1
384
1344
64
1
384
1408
64
1
384
1472
64
1
384
1536
64
1
384
1600
64
1
384
1664
64
1
384
1728
64
1
384
1792
64
1
384
1856
64
1
384
1920
64
1
384
1984
64
1
61888
0
64
0
63808
64
64
0
65728
128
64
0
67648
192
64
0
69568
256
64
0
71488
320
64
0
73408
384
64
0
75328
448
64
0
77248
512
64
0
79168
576
64
0
81088
640
64
0
83008
704
64
0
84928
768
64
0
86848
832
64
0
88768
896
64
0
90688
960
64
0
92608
1024
64
0
448
1088
64
1
448
1152
64
1
448
1216
64
1
448
1280
64
1
448
1344
64
1
448
1408
64
1
448
1472
64
1
448
1536
64
1
448
1600
64
1
448
1664
64
1
448
1728
64
1
448
1792
64
1
448
1856
64
1
448
1920
64
1
448
1984
64
1
61952
0
64
0
63872
64
64
0
65792
128
64
0
67712
192
64
0
69632
256
64
0
71552
320
64
0
73472
384
64
0
75392
448
64
0
77312
512
64
0
79232
576
64
0
81152
640
64
0
83072
704
64
0
84992
768
64
0
86912
832
64
0
88832
896
64
0
90752
960
64
0
92672
1024
64
0
512
1088
64
1
512
1152
64
1
512
1216
64
1
512
1280
64
1
512
1344
64
1
512
1408
64
1
512
1472
64
1
512
1536
64
1
512
1600
64
1
512
1664
64
1
512
1728
64
1
512
1792
64
1
512
1856
64
1
512
1920
64
1
512
1984
64
1
62016
0
64
0
63936
64
64
0
65856
128
64
0
67776
192
64
0
69696
256
64
0
71616
320
64
0
73536
384
64
0
75456
448
64
0
77376
512
64
0
79296
576
64
0
81216
640
64
0
83136
704
64
0
85056
768
64
0
86976
832
64
0
88896
896
64
0
90816
960
64
0
92736
1024
64
0
576
1088
64
1
576
1152
64
1
576
1216
64
1
576
1280
64
1
576
1344
64
1
576
1408
64
1
576
1472
64
1
576
1536
64
1
576
1600
64
1
576
1664
64
1
576
1728
64
1
576
1792
64
1
576
1856
64
1
576
1920
64
1
576
1984
64
1
62080
0
64
0
64000
64
64
0
65920
128
64
0
67840
192
64
0
69760
256
64
0
71680
320
64
0
73600
384
64
0
75520
448
64
0
77440
512
64
0
79360
576
64
0
81280
640
64
0
83200
704
64
0
85120
768
64
0
87040
832
64
0
88960
896
64
0
90880
960
64
0
92800
1024
64
0
640
1088
64
1
640
1152
64
1
640
1216
64
1
640
1280
64
1
640
1344
64
1
640
1408
64
1
640
1472
64
1
640
1536
64
1
640
1600
64
1
640
1664
64
1
640
1728
64
1
640
1792
64
1
640
1856
64
1
640
1920
64
1
640
1984
64
1
62144
0
64
0
64064
64
64
0
65984
128
64
0
67904
192
64
0
69824
256
64
0
71744
320
64
0
73664
384
64
0
75584
448
64
0
77504
512
64
0
79424
576
64
0
81344
640
64
0
83264
704
64
0
85184
768
64
0
87104
832
64
0
89024
896
64
0
90944
960
64
0
92864
1024
64
0
704
1088
64
1
704
1152
64
1
704
1216
64
1
704
1280
64
1
704
1344
64
1
704
1408
64
1
704
1472
64
1
704
1536
64
1
704
1600
64
1
704
1664
64
1
704
1728
64
1
704
1792
64
1
704
1856
64
1
704
1920
64
1
704
1984
64
1
62208
0
64
0
64128
64
64
0
66048
128
64
0
67968
192
64
0
69888
256
64
0
71808
320
64
0
73728
384
64
0
75648
448
64
0
77568
512
64
0
79488
576
64
0
81408
640
64
0
83328
704
64
0
85248
768
64
0
87168
832
64
0
89088
896
64
0
91008
960
64
0
92928
1024
64
0
768
1088
64
1
768
1152
64
1
768
1216
64
1
768
1280
64
1
768
1344
64
1
768
1408
64
1
768
1472
64
1
768
1536
64
1
768
1600
64
1
768
1664
64
1
768
1728
64
1
768
1792
64
1
768
1856
64
1
768
1920
64
1
768
1984
64
1
62272
0
64
0
64192
64
64
0
66112
128
64
0
68032
192
64
0
69952
256
64
0
71872
320
64
0
73792
384
64
0
75712
448
64
0
77632
512
64
0
79552
576
64
0
81472
640
64
0
83392
704
64
0
85312
768
64
0
87232
832
64
0
89152
896
64
0
91072
960
64
0
92992
1024
64
0
832
1088
64
1
832
1152
64
1
832
1216
64
1
832
1280
64
1
832
1344
64
1
832
1408
64
1
832
1472
64
1
832
1536
64
1
832
1600
64
1
832
1664
64
1
832
1728
64
1
832
1792
64
1
832
1856
64
1
832
1920
64
1
832
1984
64
1
62336
0
64
0
64256
64
64
0
66176
128
64
0
68096
192
64
0
70016
256
64
0
71936
320
64
0
73856
384
64
0
75776
448
64
0
77696
512
64
0
79616
576
64
0
81536
640
64
0
83456
704
64
0
85376
768
64
0
87296
832
64
0
89216
896
64
0
91136
960
64
0
93056
1024
64
0
896
1088
64
1
896
1152
64
1
896
1216
64
1
896
1280
64
1
896
1344
64
1
896
1408
64
1
896
1472
64
1
896
1536
64
1
896
1600
64
1
896
1664
64
1
896
1728
64
1
896
1792
64
1
896
1856
64
1
896
1920
64
1
896
1984
64
1
62400
0
64
0
64320
64
64
0
66240
128
64
0
68160
192
64
0
70080
256
64
0
72000
320
64
0
73920
384
64
0
75840
448
64
0
77760
512
64
0
79680
576
64
0
81600
640
64
0
83520
704
64
0
85440
768
64
0
87360
832
64
0
89280
896
64
0
91200
960
64
0
93120
1024
64
0
960
1088
64
1
960
1152
64
1
960
1216
64
1
960
1280
64
1
960
1344
64
1
960
1408
64
1
960
1472
64
1
960
1536
64
1
960
1600
64
1
960
1664
64
1
960
1728
64
1
960
1792
64
1
960
1856
64
1
960
1920
64
1
960
1984
64
1
62464
0
64
0
64384
64
64
0
66304
128
64
0
68224
192
64
0
70144
256
64
0
72064
320
64
0
73984
384
64
0
75904
448
64
0
77824
512
64
0
79744
576
64
0
81664
640
64
0
83584
704
64
0
85504
768
64
0
87424
832
64
0
89344
896
64
0
91264
960
64
0
93184
1024
64
0
1024
1088
64
1
1024
1152
64
1
1024
1216
64
1
1024
1280
64
1
1024
1344
64
1
1024
1408
64
1
1024
1472
64
1
1024
1536
64
1
1024
1600
64
1
1024
1664
64
1
1024
1728
64
1
1024
1792
64
1
1024
1856
64
1
1024
1920
64
1
1024
1984
64
1
62528
0
64
0
64448
64
64
0
66368
128
64
0
68288
192
64
0
70208
256
64
0
72128
320
64
0
74048
384
64
0
75968
448
64
0
77888
512
64
0
79808
576
64
0
81728
640
64
0
83648
704
64
0
85568
768
64
0
87488
832
64
0
89408
896
64
0
91328
960
64
0
93248
1024
64
0
1088
1088
64
1
1088
1152
64
1
1088
1216
64
1
1088
1280
64
1
1088
1344
64
1
1088
1408
64
1
1088
1472
64
1
1088
1536
64
1
1088
1600
64
1
1088
1664
64
1
1088
1728
64
1
1088
1792
64
1
1088
1856
64
1
1088
1920
64
1
1088
1984
64
1
62592
0
64
0
64512
64
64
0
66432
128
64
0
68352
192
64
0
70272
256
64
0
72192
320
64
0
74112
384
64
0
76032
448
64
0
77952
512
64
0
79872
576
64
0
81792
640
64
0
83712
704
64
0
85632
768
64
0
87552
832
64
0
89472
896
64
0
91392
960
64
0
93312
1024
64
0
1152
1088
64
1
1152
1152
64
1
1152
1216
64
1
1152
1280
64
1
1152
1344
64
1
1152
1408
64
1
1152
1472
64
1
1152
1536
64
1
1152
1600
64
1
1152
1664
64
1
1152
1728
64
1
1152
1792
64
1
1152
1856
64
1
1152
1920
64
1
1152
1984
64
1
62656
0
64
0
64576
64
64
0
66496
128
64
0
68416
192
64
0
70336
256
64
0
72256
320
64
0
74176
384
64
0
76096
448
64
0
78016
512
64
0
79936
576
64
0
81856
640
64
0
83776
704
64
0
85696
768
64
0
87616
832
64
0
89536
896
64
0
91456
960
64
0
93376
1024
64
0
1216
1088
64
1
1216
1152
64
1
1216
1216
64
1
1216
1280
64
1
1216
1344
64
1
1216
1408
64
1
1216
1472
64
1
1216
1536
64
1
1216
1600
64
1
1216
1664
64
1
1216
1728
64
1
1216
1792
64
1
1216
1856
64
1
1216
1920
64
1
1216
1984
64
1
62720
0
64
0
64640
64
64
0
66560
128
64
0
68480
192
64
0
70400
256
64
0
72320
320
64
0
74240
384
64
0
76160
448
64
0
78080
512
64
0
80000
576
64
0
81920
640
64
0
83840
704
64
0
85760
768
64
0
87680
832
64
0
89600
896
64
0
91520
960
64
0
93440
1024
64
0
1280
1088
64
1
1280
1152
64
1
1280
1216
64
1
1280
1280
64
1
1280
1344
64
1
1280
1408
64
1
1280
1472
64
1
1280
1536
64
1
1280
1600
64
1
1280
1664
64
1
1280
1728
64
1
1280
1792
64
1
1280
1856
64
1
1280
1920
64
1
1280
1984
64
1
62784
0
64
0
64704
64
64
0
66624
128
64
0
68544
192
64
0
70464
256
64
0
72384
320
64
0
74304
384
64
0
76224
448
64
0
78144
512
64
0
80064
576
64
0
81984
640
64
0
83904
704
64
0
85824
768
64
0
87744
832
64
0
89664
896
64
0
91584
960
64
0
93504
1024
64
0
1344
1088
64
1
1344
1152
64
1
1344
1216
64
1
1344
1280
64
1
1344
1344
64
1
1344
1408
64
1
1344
1472
64
1
1344
1536
64
1
1344
1600
64
1
1344
1664
64
1
1344
1728
64
1
1344
1792
64
1
1344
1856
64
1
1344
1920
64
1
1344
1984
64
1
62848
0
64
0
64768
64
64
0
66688
128
64
0
68608
192
64
0
70528
256
64
0
72448
320
64
0
74368
384
64
0
76288
448
64
0
78208
512
64
0
80128
576
64
0
82048
640
64
0
83968
704
64
0
85888
768
64
0
87808
832
64
0
89728
896
64
0
91648
960
64
0
93568
1024
64
0
1408
1088
64
1
1408
1152
64
1
1408
1216
64
1
1408
1280
64
1
1408
1344
64
1
1408
1408
64
1
1408
1472
64
1
1408
1536
64
1
1408
1600
64
1
1408
1664
64
1
1408
1728
64
1
1408
1792
64
1
1408
1856
64
1
1408
1920
64
1
1408
1984
64
1
62912
0
64
0
64832
64
64
0
66752
128
64
0
68672
192
64
0
70592
256
64
0
72512
320
64
0
74432
384
64
0
76352
448
64
0
78272
512
64
0
80192
576
64
0
82112
640
64
0
84032
704
64
0
85952
768
64
0
87872
832
64
0
89792
896
64
0
91712
960
64
0
93632
1024
64
0
1472
1088
64
1
1472
1152
64
1
1472
1216
64
1
1472
1280
64
1
1472
1344
64
1
1472
1408
64
1
1472
1472
64
1
1472
1536
64
1
1472
1600
64
1
1472
1664
64
1
1472
1728
64
1
1472
1792
64
1
1472
1856
64
1
1472
1920
64
1
1472
1984
64
1
62976
0
64
0
64896
64
64
0
66816
128
64
0
68736
192
64
0
70656
256
64
0
72576
320
64
0
74496
384
64
0
76416
448
64
0
78336
512
64
0
80256
576
64
0
82176
640
64
0
84096
704
64
0
86016
768
64
0
87936
832
64
0
89856
896
64
0
91776
960
64
0
93696
1024
64
0
1536
1088
64
1
1536
1152
64
1
1536
1216
64
1
1536
1280
64
1
1536
1344
64
1
1536
1408
64
1
1536
1472
64
1
1536
1536
64
1
1536
1600
64
1
1536
1664
64
1
1536
1728
64
1
1536
1792
64
1
1536
1856
64
1
1536
1920
64
1
1536
1984
64
1
63040
0
64
0
64960
64
64
0
66880
128
64
0
68800
192
64
0
70720
256
64
0
72640
320
64
0
74560
384
64
0
76480
448
64
0
78400
512
64
0
80320
576
64
0
82240
640
64
0
84160
704
64
0
86080
768
64
0
88000
832
64
0
89920
896
64
0
91840
960
64
0
93760
1024
64
0
1600
1088
64
1
1600
1152
64
1
1600
1216
64
1
1600
1280
64
1
1600
1344
64
1
1600
1408
64
1
1600
1472
64
1
1600
1536
64
1
1600
1600
64
1
1600
1664
64
1
1600
1728
64
1
1600
1792
64
1
1600
1856
64
1
1600
1920
64
1
1600
1984
64
1
63104
0
64
0
65024
64
64
0
66944
128
64
0
68864
192
64
0
70784
256
64
0
72704
320
64
0
74624
384
64
0
76544
448
64
0
78464
512
64
0
80384
576
64
0
82304
640
64
0
84224
704
64
0
86144
768
64
0
88064
832
64
0
89984
896
64
0
91904
960
64
0
93824
1024
64
0
1664
1088
64
1
1664
1152
64
1
1664
1216
64
1
1664
1280
64
1
1664
1344
64
1
1664
1408
64
1
1664
1472
64
1
1664
1536
64
1
1664
1600
64
1
1664
1664
64
1
1664
1728
64
1
1664
1792
64
1
1664
1856
64
1
1664
1920
64
1
1664
1984
64
1
63168
0
64
0
65088
64
64
0
67008
128
64
0
68928
192
64
0
70848
256
64
0
72768
320
64
0
74688
384
64
0
76608
448
64
0
78528
512
64
0
80448
576
64
0
82368
640
64
0
84288
704
64
0
86208
768
64
0
88128
832
64
0
90048
896
64
0
91968
960
64
0
93888
1024
64
0
1728
1088
64
1
1728
1152
64
1
1728
1216
64
1
1728
1280
64
1
1728
1344
64
1
1728
1408
64
1
1728
1472
64
1
1728
1536
64
1
1728
1600
64
1
1728
1664
64
1
1728
1728
64
1
1728
1792
64
1
1728
1856
64
1
1728
1920
64
1
1728
1984
64
1
63232
0
64
0
65152
64
64
0
67072
128
64
0
68992
192
64
0
70912
256
64
0
72832
320
64
0
74752
384
64
0
76672
448
64
0
78592
512
64
0
80512
576
64
0
82432
640
64
0
84352
704
64
0
86272
768
64
0
88192
832
64
0
90112
896
64
0
92032
960
64
0
93952
1024
64
0
1792
1088
64
1
1792
1152
64
1
1792
1216
64
1
1792
1280
64
1
1792
1344
64
1
1792
1408
64
1
1792
1472
64
1
1792
1536
64
1
1792
1600
64
1
1792
1664
64
1
1792
1728
64
1
1792
1792
64
1
1792
1856
64
1
1792
1920
64
1
1792
1984
64
1
63296
0
64
0
65216
64
64
0
67136
128
64
0
69056
192
64
0
70976
256
64
0
72896
320
64
0
74816
384
64
0
76736
448
64
0
78656
512
64
0
80576
576
64
0
82496
640
64
0
84416
704
64
0
86336
768
64
0
88256
832
64
0
90176
896
64
0
92096
960
64
0
94016
1024
64
0
1856
1088
64
1
1856
1152
64
1
1856
1216
64
1
1856
1280
64
1
1856
1344
64
1
1856
1408
64
1
1856
1472
64
1
1856
1536
64
1
1856
1600
64
1
1856
1664
64
1
1856
1728
64
1
1856
1792
64
1
1856
1856
64
1
1856
1920
64
1
1856
1984
64
1
