0
0
64
0
640
64
64
0
1280
128
64
0
1920
192
64
0
2560
256
64
0
3200
320
64
0
3840
384
64
0
4480
448
64
0
5120
512
64
0
5760
576
64
0
6400
640
64
0
7040
704
64
0
7680
768
64
0
8320
832
64
0
8960
896
64
0
9600
960
64
0
10240
1024
64
0
10880
1088
64
0
11520
1152
64
0
12160
1216
64
0
12800
1280
64
0
13440
1344
64
0
14080
1408
64
0
14720
1472
64
0
15360
1536
64
0
16000
1600
64
0
16640
1664
64
0
17280
1728
64
0
17920
1792
64
0
18560
1856
64
0
19200
1920
64
0
19840
1984
64
0
64
0
64
0
704
64
64
0
1344
128
64
0
1984
192
64
0
2624
256
64
0
3264
320
64
0
3904
384
64
0
4544
448
64
0
5184
512
64
0
5824
576
64
0
6464
640
64
0
7104
704
64
0
7744
768
64
0
8384
832
64
0
9024
896
64
0
9664
960
64
0
10304
1024
64
0
10944
1088
64
0
11584
1152
64
0
12224
1216
64
0
12864
1280
64
0
13504
1344
64
0
14144
1408
64
0
14784
1472
64
0
15424
1536
64
0
16064
1600
64
0
16704
1664
64
0
17344
1728
64
0
17984
1792
64
0
18624
1856
64
0
19264
1920
64
0
19904
1984
64
0
128
0
64
0
768
64
64
0
1408
128
64
0
2048
192
64
0
2688
256
64
0
3328
320
64
0
3968
384
64
0
4608
448
64
0
5248
512
64
0
5888
576
64
0
6528
640
64
0
7168
704
64
0
7808
768
64
0
8448
832
64
0
9088
896
64
0
9728
960
64
0
10368
1024
64
0
11008
1088
64
0
11648
1152
64
0
12288
1216
64
0
12928
1280
64
0
13568
1344
64
0
14208
1408
64
0
14848
1472
64
0
15488
1536
64
0
16128
1600
64
0
16768
1664
64
0
17408
1728
64
0
18048
1792
64
0
18688
1856
64
0
19328
1920
64
0
19968
1984
64
0
192
0
64
0
832
64
64
0
1472
128
64
0
2112
192
64
0
2752
256
64
0
3392
320
64
0
4032
384
64
0
4672
448
64
0
5312
512
64
0
5952
576
64
0
6592
640
64
0
7232
704
64
0
7872
768
64
0
8512
832
64
0
9152
896
64
0
9792
960
64
0
10432
1024
64
0
11072
1088
64
0
11712
1152
64
0
12352
1216
64
0
12992
1280
64
0
13632
1344
64
0
14272
1408
64
0
14912
1472
64
0
15552
1536
64
0
16192
1600
64
0
16832
1664
64
0
17472
1728
64
0
18112
1792
64
0
18752
1856
64
0
19392
1920
64
0
20032
1984
64
0
256
0
64
0
896
64
64
0
1536
128
64
0
2176
192
64
0
2816
256
64
0
3456
320
64
0
4096
384
64
0
4736
448
64
0
5376
512
64
0
6016
576
64
0
6656
640
64
0
7296
704
64
0
7936
768
64
0
8576
832
64
0
9216
896
64
0
9856
960
64
0
10496
1024
64
0
11136
1088
64
0
11776
1152
64
0
12416
1216
64
0
13056
1280
64
0
13696
1344
64
0
14336
1408
64
0
14976
1472
64
0
15616
1536
64
0
16256
1600
64
0
16896
1664
64
0
17536
1728
64
0
18176
1792
64
0
18816
1856
64
0
19456
1920
64
0
20096
1984
64
0
320
0
64
0
960
64
64
0
1600
128
64
0
2240
192
64
0
2880
256
64
0
3520
320
64
0
4160
384
64
0
4800
448
64
0
5440
512
64
0
6080
576
64
0
6720
640
64
0
7360
704
64
0
8000
768
64
0
8640
832
64
0
9280
896
64
0
9920
960
64
0
10560
1024
64
0
11200
1088
64
0
11840
1152
64
0
12480
1216
64
0
13120
1280
64
0
13760
1344
64
0
14400
1408
64
0
15040
1472
64
0
15680
1536
64
0
16320
1600
64
0
16960
1664
64
0
17600
1728
64
0
18240
1792
64
0
18880
1856
64
0
19520
1920
64
0
20160
1984
64
0
384
0
64
0
1024
64
64
0
1664
128
64
0
2304
192
64
0
2944
256
64
0
3584
320
64
0
4224
384
64
0
4864
448
64
0
5504
512
64
0
6144
576
64
0
6784
640
64
0
7424
704
64
0
8064
768
64
0
8704
832
64
0
9344
896
64
0
9984
960
64
0
10624
1024
64
0
11264
1088
64
0
11904
1152
64
0
12544
1216
64
0
13184
1280
64
0
13824
1344
64
0
14464
1408
64
0
15104
1472
64
0
15744
1536
64
0
16384
1600
64
0
17024
1664
64
0
17664
1728
64
0
18304
1792
64
0
18944
1856
64
0
19584
1920
64
0
20224
1984
64
0
448
0
64
0
1088
64
64
0
1728
128
64
0
2368
192
64
0
3008
256
64
0
3648
320
64
0
4288
384
64
0
4928
448
64
0
5568
512
64
0
6208
576
64
0
6848
640
64
0
7488
704
64
0
8128
768
64
0
8768
832
64
0
9408
896
64
0
10048
960
64
0
10688
1024
64
0
11328
1088
64
0
11968
1152
64
0
12608
1216
64
0
13248
1280
64
0
13888
1344
64
0
14528
1408
64
0
15168
1472
64
0
15808
1536
64
0
16448
1600
64
0
17088
1664
64
0
17728
1728
64
0
18368
1792
64
0
19008
1856
64
0
19648
1920
64
0
20288
1984
64
0
512
0
64
0
1152
64
64
0
1792
128
64
0
2432
192
64
0
3072
256
64
0
3712
320
64
0
4352
384
64
0
4992
448
64
0
5632
512
64
0
6272
576
64
0
6912
640
64
0
7552
704
64
0
8192
768
64
0
8832
832
64
0
9472
896
64
0
10112
960
64
0
10752
1024
64
0
11392
1088
64
0
12032
1152
64
0
12672
1216
64
0
13312
1280
64
0
13952
1344
64
0
14592
1408
64
0
15232
1472
64
0
15872
1536
64
0
16512
1600
64
0
17152
1664
64
0
17792
1728
64
0
18432
1792
64
0
19072
1856
64
0
19712
1920
64
0
20352
1984
64
0
576
0
64
0
1216
64
64
0
1856
128
64
0
2496
192
64
0
3136
256
64
0
3776
320
64
0
4416
384
64
0
5056
448
64
0
5696
512
64
0
6336
576
64
0
6976
640
64
0
7616
704
64
0
8256
768
64
0
8896
832
64
0
9536
896
64
0
10176
960
64
0
10816
1024
64
0
11456
1088
64
0
12096
1152
64
0
12736
1216
64
0
13376
1280
64
0
14016
1344
64
0
14656
1408
64
0
15296
1472
64
0
15936
1536
64
0
16576
1600
64
0
17216
1664
64
0
17856
1728
64
0
18496
1792
64
0
19136
1856
64
0
19776
1920
64
0
20416
1984
64
0
20480
0
64
0
21120
64
64
0
21760
128
64
0
22400
192
64
0
23040
256
64
0
23680
320
64
0
24320
384
64
0
24960
448
64
0
25600
512
64
0
26240
576
64
0
26880
640
64
0
27520
704
64
0
28160
768
64
0
28800
832
64
0
29440
896
64
0
30080
960
64
0
30720
1024
64
0
0
1088
64
1
0
1152
64
1
0
1216
64
1
0
1280
64
1
0
1344
64
1
0
1408
64
1
0
1472
64
1
0
1536
64
1
0
1600
64
1
0
1664
64
1
0
1728
64
1
0
1792
64
1
0
1856
64
1
0
1920
64
1
0
1984
64
1
20544
0
64
0
21184
64
64
0
21824
128
64
0
22464
192
64
0
23104
256
64
0
23744
320
64
0
24384
384
64
0
25024
448
64
0
25664
512
64
0
26304
576
64
0
26944
640
64
0
27584
704
64
0
28224
768
64
0
28864
832
64
0
29504
896
64
0
30144
960
64
0
30784
1024
64
0
64
1088
64
1
64
1152
64
1
64
1216
64
1
64
1280
64
1
64
1344
64
1
64
1408
64
1
64
1472
64
1
64
1536
64
1
64
1600
64
1
64
1664
64
1
64
1728
64
1
64
1792
64
1
64
1856
64
1
64
1920
64
1
64
1984
64
1
20608
0
64
0
21248
64
64
0
21888
128
64
0
22528
192
64
0
23168
256
64
0
23808
320
64
0
24448
384
64
0
25088
448
64
0
25728
512
64
0
26368
576
64
0
27008
640
64
0
27648
704
64
0
28288
768
64
0
28928
832
64
0
29568
896
64
0
30208
960
64
0
30848
1024
64
0
128
1088
64
1
128
1152
64
1
128
1216
64
1
128
1280
64
1
128
1344
64
1
128
1408
64
1
128
1472
64
1
128
1536
64
1
128
1600
64
1
128
1664
64
1
128
1728
64
1
128
1792
64
1
128
1856
64
1
128
1920
64
1
128
1984
64
1
20672
0
64
0
21312
64
64
0
21952
128
64
0
22592
192
64
0
23232
256
64
0
23872
320
64
0
24512
384
64
0
25152
448
64
0
25792
512
64
0
26432
576
64
0
27072
640
64
0
27712
704
64
0
28352
768
64
0
28992
832
64
0
29632
896
64
0
30272
960
64
0
30912
1024
64
0
192
1088
64
1
192
1152
64
1
192
1216
64
1
192
1280
64
1
192
1344
64
1
192
1408
64
1
192
1472
64
1
192
1536
64
1
192
1600
64
1
192
1664
64
1
192
1728
64
1
192
1792
64
1
192
1856
64
1
192
1920
64
1
192
1984
64
1
20736
0
64
0
21376
64
64
0
22016
128
64
0
22656
192
64
0
23296
256
64
0
23936
320
64
0
24576
384
64
0
25216
448
64
0
25856
512
64
0
26496
576
64
0
27136
640
64
0
27776
704
64
0
28416
768
64
0
29056
832
64
0
29696
896
64
0
30336
960
64
0
30976
1024
64
0
256
1088
64
1
256
1152
64
1
256
1216
64
1
256
1280
64
1
256
1344
64
1
256
1408
64
1
256
1472
64
1
256
1536
64
1
256
1600
64
1
256
1664
64
1
256
1728
64
1
256
1792
64
1
256
1856
64
1
256
1920
64
1
256
1984
64
1
20800
0
64
0
21440
64
64
0
22080
128
64
0
22720
192
64
0
23360
256
64
0
24000
320
64
0
24640
384
64
0
25280
448
64
0
25920
512
64
0
26560
576
64
0
27200
640
64
0
27840
704
64
0
28480
768
64
0
29120
832
64
0
29760
896
64
0
30400
960
64
0
31040
1024
64
0
320
1088
64
1
320
1152
64
1
320
1216
64
1
320
1280
64
1
320
1344
64
1
320
1408
64
1
320
1472
64
1
320
1536
64
1
320
1600
64
1
320
1664
64
1
320
1728
64
1
320
1792
64
1
320
1856
64
1
320
1920
64
1
320
1984
64
1
20864
0
64
0
21504
64
64
0
22144
128
64
0
22784
192
64
0
23424
256
64
0
24064
320
64
0
24704
384
64
0
25344
448
64
0
25984
512
64
0
26624
576
64
0
27264
640
64
0
27904
704
64
0
28544
768
64
0
29184
832
64
0
29824
896
64
0
30464
960
64
0
31104
1024
64
0
384
1088
64
1
384
1152
64
1
384
1216
64
1
384
1280
64
1
384
1344
64
1
384
1408
64
1
384
1472
64
1
384
1536
64
1
384
1600
64
1
384
1664
64
1
384
1728
64
1
384
1792
64
1
384
1856
64
1
384
1920
64
1
384
1984
64
1
20928
0
64
0
21568
64
64
0
22208
128
64
0
22848
192
64
0
23488
256
64
0
24128
320
64
0
24768
384
64
0
25408
448
64
0
26048
512
64
0
26688
576
64
0
27328
640
64
0
27968
704
64
0
28608
768
64
0
29248
832
64
0
29888
896
64
0
30528
960
64
0
31168
1024
64
0
448
1088
64
1
448
1152
64
1
448
1216
64
1
448
1280
64
1
448
1344
64
1
448
1408
64
1
448
1472
64
1
448
1536
64
1
448
1600
64
1
448
1664
64
1
448
1728
64
1
448
1792
64
1
448
1856
64
1
448
1920
64
1
448
1984
64
1
20992
0
64
0
21632
64
64
0
22272
128
64
0
22912
192
64
0
23552
256
64
0
24192
320
64
0
24832
384
64
0
25472
448
64
0
26112
512
64
0
26752
576
64
0
27392
640
64
0
28032
704
64
0
28672
768
64
0
29312
832
64
0
29952
896
64
0
30592
960
64
0
31232
1024
64
0
512
1088
64
1
512
1152
64
1
512
1216
64
1
512
1280
64
1
512
1344
64
1
512
1408
64
1
512
1472
64
1
512
1536
64
1
512
1600
64
1
512
1664
64
1
512
1728
64
1
512
1792
64
1
512
1856
64
1
512
1920
64
1
512
1984
64
1
21056
0
64
0
21696
64
64
0
22336
128
64
0
22976
192
64
0
23616
256
64
0
24256
320
64
0
24896
384
64
0
25536
448
64
0
26176
512
64
0
26816
576
64
0
27456
640
64
0
28096
704
64
0
28736
768
64
0
29376
832
64
0
30016
896
64
0
30656
960
64
0
31296
1024
64
0
576
1088
64
1
576
1152
64
1
576
1216
64
1
576
1280
64
1
576
1344
64
1
576
1408
64
1
576
1472
64
1
576
1536
64
1
576
1600
64
1
576
1664
64
1
576
1728
64
1
576
1792
64
1
576
1856
64
1
576
1920
64
1
576
1984
64
1
