0
0
64
0
384
64
64
0
768
128
64
0
1152
192
64
0
1536
256
64
0
1920
320
64
0
2304
384
64
0
2688
448
64
0
3072
512
64
0
3456
576
64
0
3840
640
64
0
4224
704
64
0
4608
768
64
0
4992
832
64
0
5376
896
64
0
5760
960
64
0
6144
1024
64
0
6528
1088
64
0
6912
1152
64
0
7296
1216
64
0
7680
1280
64
0
8064
1344
64
0
8448
1408
64
0
8832
1472
64
0
9216
1536
64
0
9600
1600
64
0
9984
1664
64
0
10368
1728
64
0
10752
1792
64
0
11136
1856
64
0
11520
1920
64
0
11904
1984
64
0
64
0
64
0
448
64
64
0
832
128
64
0
1216
192
64
0
1600
256
64
0
1984
320
64
0
2368
384
64
0
2752
448
64
0
3136
512
64
0
3520
576
64
0
3904
640
64
0
4288
704
64
0
4672
768
64
0
5056
832
64
0
5440
896
64
0
5824
960
64
0
6208
1024
64
0
6592
1088
64
0
6976
1152
64
0
7360
1216
64
0
7744
1280
64
0
8128
1344
64
0
8512
1408
64
0
8896
1472
64
0
9280
1536
64
0
9664
1600
64
0
10048
1664
64
0
10432
1728
64
0
10816
1792
64
0
11200
1856
64
0
11584
1920
64
0
11968
1984
64
0
128
0
64
0
512
64
64
0
896
128
64
0
1280
192
64
0
1664
256
64
0
2048
320
64
0
2432
384
64
0
2816
448
64
0
3200
512
64
0
3584
576
64
0
3968
640
64
0
4352
704
64
0
4736
768
64
0
5120
832
64
0
5504
896
64
0
5888
960
64
0
6272
1024
64
0
6656
1088
64
0
7040
1152
64
0
7424
1216
64
0
7808
1280
64
0
8192
1344
64
0
8576
1408
64
0
8960
1472
64
0
9344
1536
64
0
9728
1600
64
0
10112
1664
64
0
10496
1728
64
0
10880
1792
64
0
11264
1856
64
0
11648
1920
64
0
12032
1984
64
0
192
0
64
0
576
64
64
0
960
128
64
0
1344
192
64
0
1728
256
64
0
2112
320
64
0
2496
384
64
0
2880
448
64
0
3264
512
64
0
3648
576
64
0
4032
640
64
0
4416
704
64
0
4800
768
64
0
5184
832
64
0
5568
896
64
0
5952
960
64
0
6336
1024
64
0
6720
1088
64
0
7104
1152
64
0
7488
1216
64
0
7872
1280
64
0
8256
1344
64
0
8640
1408
64
0
9024
1472
64
0
9408
1536
64
0
9792
1600
64
0
10176
1664
64
0
10560
1728
64
0
10944
1792
64
0
11328
1856
64
0
11712
1920
64
0
12096
1984
64
0
256
0
64
0
640
64
64
0
1024
128
64
0
1408
192
64
0
1792
256
64
0
2176
320
64
0
2560
384
64
0
2944
448
64
0
3328
512
64
0
3712
576
64
0
4096
640
64
0
4480
704
64
0
4864
768
64
0
5248
832
64
0
5632
896
64
0
6016
960
64
0
6400
1024
64
0
6784
1088
64
0
7168
1152
64
0
7552
1216
64
0
7936
1280
64
0
8320
1344
64
0
8704
1408
64
0
9088
1472
64
0
9472
1536
64
0
9856
1600
64
0
10240
1664
64
0
10624
1728
64
0
11008
1792
64
0
11392
1856
64
0
11776
1920
64
0
12160
1984
64
0
320
0
64
0
704
64
64
0
1088
128
64
0
1472
192
64
0
1856
256
64
0
2240
320
64
0
2624
384
64
0
3008
448
64
0
3392
512
64
0
3776
576
64
0
4160
640
64
0
4544
704
64
0
4928
768
64
0
5312
832
64
0
5696
896
64
0
6080
960
64
0
6464
1024
64
0
6848
1088
64
0
7232
1152
64
0
7616
1216
64
0
8000
1280
64
0
8384
1344
64
0
8768
1408
64
0
9152
1472
64
0
9536
1536
64
0
9920
1600
64
0
10304
1664
64
0
10688
1728
64
0
11072
1792
64
0
11456
1856
64
0
11840
1920
64
0
12224
1984
64
0
12288
0
64
0
12672
64
64
0
13056
128
64
0
13440
192
64
0
13824
256
64
0
14208
320
64
0
14592
384
64
0
14976
448
64
0
15360
512
64
0
15744
576
64
0
16128
640
64
0
16512
704
64
0
16896
768
64
0
17280
832
64
0
17664
896
64
0
18048
960
64
0
18432
1024
64
0
18816
1088
64
0
19200
1152
64
0
19584
1216
64
0
19968
1280
64
0
20352
1344
64
0
20736
1408
64
0
21120
1472
64
0
21504
1536
64
0
21888
1600
64
0
22272
1664
64
0
22656
1728
64
0
23040
1792
64
0
23424
1856
64
0
23808
1920
64
0
24192
1984
64
0
12352
0
64
0
12736
64
64
0
13120
128
64
0
13504
192
64
0
13888
256
64
0
14272
320
64
0
14656
384
64
0
15040
448
64
0
15424
512
64
0
15808
576
64
0
16192
640
64
0
16576
704
64
0
16960
768
64
0
17344
832
64
0
17728
896
64
0
18112
960
64
0
18496
1024
64
0
18880
1088
64
0
19264
1152
64
0
19648
1216
64
0
20032
1280
64
0
20416
1344
64
0
20800
1408
64
0
21184
1472
64
0
21568
1536
64
0
21952
1600
64
0
22336
1664
64
0
22720
1728
64
0
23104
1792
64
0
23488
1856
64
0
23872
1920
64
0
24256
1984
64
0
12416
0
64
0
12800
64
64
0
13184
128
64
0
13568
192
64
0
13952
256
64
0
14336
320
64
0
14720
384
64
0
15104
448
64
0
15488
512
64
0
15872
576
64
0
16256
640
64
0
16640
704
64
0
17024
768
64
0
17408
832
64
0
17792
896
64
0
18176
960
64
0
18560
1024
64
0
18944
1088
64
0
19328
1152
64
0
19712
1216
64
0
20096
1280
64
0
20480
1344
64
0
20864
1408
64
0
21248
1472
64
0
21632
1536
64
0
22016
1600
64
0
22400
1664
64
0
22784
1728
64
0
23168
1792
64
0
23552
1856
64
0
23936
1920
64
0
24320
1984
64
0
12480
0
64
0
12864
64
64
0
13248
128
64
0
13632
192
64
0
14016
256
64
0
14400
320
64
0
14784
384
64
0
15168
448
64
0
15552
512
64
0
15936
576
64
0
16320
640
64
0
16704
704
64
0
17088
768
64
0
17472
832
64
0
17856
896
64
0
18240
960
64
0
18624
1024
64
0
19008
1088
64
0
19392
1152
64
0
19776
1216
64
0
20160
1280
64
0
20544
1344
64
0
20928
1408
64
0
21312
1472
64
0
21696
1536
64
0
22080
1600
64
0
22464
1664
64
0
22848
1728
64
0
23232
1792
64
0
23616
1856
64
0
24000
1920
64
0
24384
1984
64
0
12544
0
64
0
12928
64
64
0
13312
128
64
0
13696
192
64
0
14080
256
64
0
14464
320
64
0
14848
384
64
0
15232
448
64
0
15616
512
64
0
16000
576
64
0
16384
640
64
0
16768
704
64
0
17152
768
64
0
17536
832
64
0
17920
896
64
0
18304
960
64
0
18688
1024
64
0
19072
1088
64
0
19456
1152
64
0
19840
1216
64
0
20224
1280
64
0
20608
1344
64
0
20992
1408
64
0
21376
1472
64
0
21760
1536
64
0
22144
1600
64
0
22528
1664
64
0
22912
1728
64
0
23296
1792
64
0
23680
1856
64
0
24064
1920
64
0
24448
1984
64
0
12608
0
64
0
12992
64
64
0
13376
128
64
0
13760
192
64
0
14144
256
64
0
14528
320
64
0
14912
384
64
0
15296
448
64
0
15680
512
64
0
16064
576
64
0
16448
640
64
0
16832
704
64
0
17216
768
64
0
17600
832
64
0
17984
896
64
0
18368
960
64
0
18752
1024
64
0
19136
1088
64
0
19520
1152
64
0
19904
1216
64
0
20288
1280
64
0
20672
1344
64
0
21056
1408
64
0
21440
1472
64
0
21824
1536
64
0
22208
1600
64
0
22592
1664
64
0
22976
1728
64
0
23360
1792
64
0
23744
1856
64
0
24128
1920
64
0
24512
1984
64
0
24576
0
64
0
24960
64
64
0
25344
128
64
0
25728
192
64
0
26112
256
64
0
26496
320
64
0
26880
384
64
0
27264
448
64
0
27648
512
64
0
28032
576
64
0
28416
640
64
0
28800
704
64
0
29184
768
64
0
29568
832
64
0
29952
896
64
0
30336
960
64
0
30720
1024
64
0
31104
1088
64
0
31488
1152
64
0
31872
1216
64
0
32256
1280
64
0
32640
1344
64
0
33024
1408
64
0
33408
1472
64
0
33792
1536
64
0
34176
1600
64
0
34560
1664
64
0
34944
1728
64
0
35328
1792
64
0
35712
1856
64
0
36096
1920
64
0
36480
1984
64
0
24640
0
64
0
25024
64
64
0
25408
128
64
0
25792
192
64
0
26176
256
64
0
26560
320
64
0
26944
384
64
0
27328
448
64
0
27712
512
64
0
28096
576
64
0
28480
640
64
0
28864
704
64
0
29248
768
64
0
29632
832
64
0
30016
896
64
0
30400
960
64
0
30784
1024
64
0
31168
1088
64
0
31552
1152
64
0
31936
1216
64
0
32320
1280
64
0
32704
1344
64
0
33088
1408
64
0
33472
1472
64
0
33856
1536
64
0
34240
1600
64
0
34624
1664
64
0
35008
1728
64
0
35392
1792
64
0
35776
1856
64
0
36160
1920
64
0
36544
1984
64
0
24704
0
64
0
25088
64
64
0
25472
128
64
0
25856
192
64
0
26240
256
64
0
26624
320
64
0
27008
384
64
0
27392
448
64
0
27776
512
64
0
28160
576
64
0
28544
640
64
0
28928
704
64
0
29312
768
64
0
29696
832
64
0
30080
896
64
0
30464
960
64
0
30848
1024
64
0
31232
1088
64
0
31616
1152
64
0
32000
1216
64
0
32384
1280
64
0
32768
1344
64
0
33152
1408
64
0
33536
1472
64
0
33920
1536
64
0
34304
1600
64
0
34688
1664
64
0
35072
1728
64
0
35456
1792
64
0
35840
1856
64
0
36224
1920
64
0
36608
1984
64
0
24768
0
64
0
25152
64
64
0
25536
128
64
0
25920
192
64
0
26304
256
64
0
26688
320
64
0
27072
384
64
0
27456
448
64
0
27840
512
64
0
28224
576
64
0
28608
640
64
0
28992
704
64
0
29376
768
64
0
29760
832
64
0
30144
896
64
0
30528
960
64
0
30912
1024
64
0
31296
1088
64
0
31680
1152
64
0
32064
1216
64
0
32448
1280
64
0
32832
1344
64
0
33216
1408
64
0
33600
1472
64
0
33984
1536
64
0
34368
1600
64
0
34752
1664
64
0
35136
1728
64
0
35520
1792
64
0
35904
1856
64
0
36288
1920
64
0
36672
1984
64
0
24832
0
64
0
25216
64
64
0
25600
128
64
0
25984
192
64
0
26368
256
64
0
26752
320
64
0
27136
384
64
0
27520
448
64
0
27904
512
64
0
28288
576
64
0
28672
640
64
0
29056
704
64
0
29440
768
64
0
29824
832
64
0
30208
896
64
0
30592
960
64
0
30976
1024
64
0
31360
1088
64
0
31744
1152
64
0
32128
1216
64
0
32512
1280
64
0
32896
1344
64
0
33280
1408
64
0
33664
1472
64
0
34048
1536
64
0
34432
1600
64
0
34816
1664
64
0
35200
1728
64
0
35584
1792
64
0
35968
1856
64
0
36352
1920
64
0
36736
1984
64
0
24896
0
64
0
25280
64
64
0
25664
128
64
0
26048
192
64
0
26432
256
64
0
26816
320
64
0
27200
384
64
0
27584
448
64
0
27968
512
64
0
28352
576
64
0
28736
640
64
0
29120
704
64
0
29504
768
64
0
29888
832
64
0
30272
896
64
0
30656
960
64
0
31040
1024
64
0
31424
1088
64
0
31808
1152
64
0
32192
1216
64
0
32576
1280
64
0
32960
1344
64
0
33344
1408
64
0
33728
1472
64
0
34112
1536
64
0
34496
1600
64
0
34880
1664
64
0
35264
1728
64
0
35648
1792
64
0
36032
1856
64
0
36416
1920
64
0
36800
1984
64
0
36864
0
64
0
37248
64
64
0
37632
128
64
0
38016
192
64
0
38400
256
64
0
38784
320
64
0
39168
384
64
0
39552
448
64
0
39936
512
64
0
40320
576
64
0
40704
640
64
0
41088
704
64
0
41472
768
64
0
41856
832
64
0
42240
896
64
0
42624
960
64
0
43008
1024
64
0
43392
1088
64
0
43776
1152
64
0
44160
1216
64
0
44544
1280
64
0
44928
1344
64
0
45312
1408
64
0
45696
1472
64
0
46080
1536
64
0
46464
1600
64
0
46848
1664
64
0
47232
1728
64
0
47616
1792
64
0
48000
1856
64
0
48384
1920
64
0
48768
1984
64
0
36928
0
64
0
37312
64
64
0
37696
128
64
0
38080
192
64
0
38464
256
64
0
38848
320
64
0
39232
384
64
0
39616
448
64
0
40000
512
64
0
40384
576
64
0
40768
640
64
0
41152
704
64
0
41536
768
64
0
41920
832
64
0
42304
896
64
0
42688
960
64
0
43072
1024
64
0
43456
1088
64
0
43840
1152
64
0
44224
1216
64
0
44608
1280
64
0
44992
1344
64
0
45376
1408
64
0
45760
1472
64
0
46144
1536
64
0
46528
1600
64
0
46912
1664
64
0
47296
1728
64
0
47680
1792
64
0
48064
1856
64
0
48448
1920
64
0
48832
1984
64
0
36992
0
64
0
37376
64
64
0
37760
128
64
0
38144
192
64
0
38528
256
64
0
38912
320
64
0
39296
384
64
0
39680
448
64
0
40064
512
64
0
40448
576
64
0
40832
640
64
0
41216
704
64
0
41600
768
64
0
41984
832
64
0
42368
896
64
0
42752
960
64
0
43136
1024
64
0
43520
1088
64
0
43904
1152
64
0
44288
1216
64
0
44672
1280
64
0
45056
1344
64
0
45440
1408
64
0
45824
1472
64
0
46208
1536
64
0
46592
1600
64
0
46976
1664
64
0
47360
1728
64
0
47744
1792
64
0
48128
1856
64
0
48512
1920
64
0
48896
1984
64
0
37056
0
64
0
37440
64
64
0
37824
128
64
0
38208
192
64
0
38592
256
64
0
38976
320
64
0
39360
384
64
0
39744
448
64
0
40128
512
64
0
40512
576
64
0
40896
640
64
0
41280
704
64
0
41664
768
64
0
42048
832
64
0
42432
896
64
0
42816
960
64
0
43200
1024
64
0
43584
1088
64
0
43968
1152
64
0
44352
1216
64
0
44736
1280
64
0
45120
1344
64
0
45504
1408
64
0
45888
1472
64
0
46272
1536
64
0
46656
1600
64
0
47040
1664
64
0
47424
1728
64
0
47808
1792
64
0
48192
1856
64
0
48576
1920
64
0
48960
1984
64
0
37120
0
64
0
37504
64
64
0
37888
128
64
0
38272
192
64
0
38656
256
64
0
39040
320
64
0
39424
384
64
0
39808
448
64
0
40192
512
64
0
40576
576
64
0
40960
640
64
0
41344
704
64
0
41728
768
64
0
42112
832
64
0
42496
896
64
0
42880
960
64
0
43264
1024
64
0
43648
1088
64
0
44032
1152
64
0
44416
1216
64
0
44800
1280
64
0
45184
1344
64
0
45568
1408
64
0
45952
1472
64
0
46336
1536
64
0
46720
1600
64
0
47104
1664
64
0
47488
1728
64
0
47872
1792
64
0
48256
1856
64
0
48640
1920
64
0
49024
1984
64
0
37184
0
64
0
37568
64
64
0
37952
128
64
0
38336
192
64
0
38720
256
64
0
39104
320
64
0
39488
384
64
0
39872
448
64
0
40256
512
64
0
40640
576
64
0
41024
640
64
0
41408
704
64
0
41792
768
64
0
42176
832
64
0
42560
896
64
0
42944
960
64
0
43328
1024
64
0
43712
1088
64
0
44096
1152
64
0
44480
1216
64
0
44864
1280
64
0
45248
1344
64
0
45632
1408
64
0
46016
1472
64
0
46400
1536
64
0
46784
1600
64
0
47168
1664
64
0
47552
1728
64
0
47936
1792
64
0
48320
1856
64
0
48704
1920
64
0
49088
1984
64
0
49152
0
64
0
49536
64
64
0
49920
128
64
0
50304
192
64
0
50688
256
64
0
51072
320
64
0
51456
384
64
0
51840
448
64
0
52224
512
64
0
52608
576
64
0
52992
640
64
0
53376
704
64
0
53760
768
64
0
54144
832
64
0
54528
896
64
0
54912
960
64
0
55296
1024
64
0
55680
1088
64
0
56064
1152
64
0
56448
1216
64
0
56832
1280
64
0
57216
1344
64
0
57600
1408
64
0
57984
1472
64
0
58368
1536
64
0
58752
1600
64
0
59136
1664
64
0
59520
1728
64
0
59904
1792
64
0
60288
1856
64
0
60672
1920
64
0
61056
1984
64
0
49216
0
64
0
49600
64
64
0
49984
128
64
0
50368
192
64
0
50752
256
64
0
51136
320
64
0
51520
384
64
0
51904
448
64
0
52288
512
64
0
52672
576
64
0
53056
640
64
0
53440
704
64
0
53824
768
64
0
54208
832
64
0
54592
896
64
0
54976
960
64
0
55360
1024
64
0
55744
1088
64
0
56128
1152
64
0
56512
1216
64
0
56896
1280
64
0
57280
1344
64
0
57664
1408
64
0
58048
1472
64
0
58432
1536
64
0
58816
1600
64
0
59200
1664
64
0
59584
1728
64
0
59968
1792
64
0
60352
1856
64
0
60736
1920
64
0
61120
1984
64
0
49280
0
64
0
49664
64
64
0
50048
128
64
0
50432
192
64
0
50816
256
64
0
51200
320
64
0
51584
384
64
0
51968
448
64
0
52352
512
64
0
52736
576
64
0
53120
640
64
0
53504
704
64
0
53888
768
64
0
54272
832
64
0
54656
896
64
0
55040
960
64
0
55424
1024
64
0
55808
1088
64
0
56192
1152
64
0
56576
1216
64
0
56960
1280
64
0
57344
1344
64
0
57728
1408
64
0
58112
1472
64
0
58496
1536
64
0
58880
1600
64
0
59264
1664
64
0
59648
1728
64
0
60032
1792
64
0
60416
1856
64
0
60800
1920
64
0
61184
1984
64
0
49344
0
64
0
49728
64
64
0
50112
128
64
0
50496
192
64
0
50880
256
64
0
51264
320
64
0
51648
384
64
0
52032
448
64
0
52416
512
64
0
52800
576
64
0
53184
640
64
0
53568
704
64
0
53952
768
64
0
54336
832
64
0
54720
896
64
0
55104
960
64
0
55488
1024
64
0
55872
1088
64
0
56256
1152
64
0
56640
1216
64
0
57024
1280
64
0
57408
1344
64
0
57792
1408
64
0
58176
1472
64
0
58560
1536
64
0
58944
1600
64
0
59328
1664
64
0
59712
1728
64
0
60096
1792
64
0
60480
1856
64
0
60864
1920
64
0
61248
1984
64
0
49408
0
64
0
49792
64
64
0
50176
128
64
0
50560
192
64
0
50944
256
64
0
51328
320
64
0
51712
384
64
0
52096
448
64
0
52480
512
64
0
52864
576
64
0
53248
640
64
0
53632
704
64
0
54016
768
64
0
54400
832
64
0
54784
896
64
0
55168
960
64
0
55552
1024
64
0
55936
1088
64
0
56320
1152
64
0
56704
1216
64
0
57088
1280
64
0
57472
1344
64
0
57856
1408
64
0
58240
1472
64
0
58624
1536
64
0
59008
1600
64
0
59392
1664
64
0
59776
1728
64
0
60160
1792
64
0
60544
1856
64
0
60928
1920
64
0
61312
1984
64
0
49472
0
64
0
49856
64
64
0
50240
128
64
0
50624
192
64
0
51008
256
64
0
51392
320
64
0
51776
384
64
0
52160
448
64
0
52544
512
64
0
52928
576
64
0
53312
640
64
0
53696
704
64
0
54080
768
64
0
54464
832
64
0
54848
896
64
0
55232
960
64
0
55616
1024
64
0
56000
1088
64
0
56384
1152
64
0
56768
1216
64
0
57152
1280
64
0
57536
1344
64
0
57920
1408
64
0
58304
1472
64
0
58688
1536
64
0
59072
1600
64
0
59456
1664
64
0
59840
1728
64
0
60224
1792
64
0
60608
1856
64
0
60992
1920
64
0
61376
1984
64
0
61440
0
64
0
61824
64
64
0
62208
128
64
0
62592
192
64
0
62976
256
64
0
63360
320
64
0
63744
384
64
0
64128
448
64
0
64512
512
64
0
64896
576
64
0
65280
640
64
0
65664
704
64
0
66048
768
64
0
66432
832
64
0
66816
896
64
0
67200
960
64
0
67584
1024
64
0
67968
1088
64
0
68352
1152
64
0
68736
1216
64
0
69120
1280
64
0
69504
1344
64
0
69888
1408
64
0
70272
1472
64
0
70656
1536
64
0
71040
1600
64
0
71424
1664
64
0
71808
1728
64
0
72192
1792
64
0
72576
1856
64
0
72960
1920
64
0
73344
1984
64
0
61504
0
64
0
61888
64
64
0
62272
128
64
0
62656
192
64
0
63040
256
64
0
63424
320
64
0
63808
384
64
0
64192
448
64
0
64576
512
64
0
64960
576
64
0
65344
640
64
0
65728
704
64
0
66112
768
64
0
66496
832
64
0
66880
896
64
0
67264
960
64
0
67648
1024
64
0
68032
1088
64
0
68416
1152
64
0
68800
1216
64
0
69184
1280
64
0
69568
1344
64
0
69952
1408
64
0
70336
1472
64
0
70720
1536
64
0
71104
1600
64
0
71488
1664
64
0
71872
1728
64
0
72256
1792
64
0
72640
1856
64
0
73024
1920
64
0
73408
1984
64
0
61568
0
64
0
61952
64
64
0
62336
128
64
0
62720
192
64
0
63104
256
64
0
63488
320
64
0
63872
384
64
0
64256
448
64
0
64640
512
64
0
65024
576
64
0
65408
640
64
0
65792
704
64
0
66176
768
64
0
66560
832
64
0
66944
896
64
0
67328
960
64
0
67712
1024
64
0
68096
1088
64
0
68480
1152
64
0
68864
1216
64
0
69248
1280
64
0
69632
1344
64
0
70016
1408
64
0
70400
1472
64
0
70784
1536
64
0
71168
1600
64
0
71552
1664
64
0
71936
1728
64
0
72320
1792
64
0
72704
1856
64
0
73088
1920
64
0
73472
1984
64
0
61632
0
64
0
62016
64
64
0
62400
128
64
0
62784
192
64
0
63168
256
64
0
63552
320
64
0
63936
384
64
0
64320
448
64
0
64704
512
64
0
65088
576
64
0
65472
640
64
0
65856
704
64
0
66240
768
64
0
66624
832
64
0
67008
896
64
0
67392
960
64
0
67776
1024
64
0
68160
1088
64
0
68544
1152
64
0
68928
1216
64
0
69312
1280
64
0
69696
1344
64
0
70080
1408
64
0
70464
1472
64
0
70848
1536
64
0
71232
1600
64
0
71616
1664
64
0
72000
1728
64
0
72384
1792
64
0
72768
1856
64
0
73152
1920
64
0
73536
1984
64
0
61696
0
64
0
62080
64
64
0
62464
128
64
0
62848
192
64
0
63232
256
64
0
63616
320
64
0
64000
384
64
0
64384
448
64
0
64768
512
64
0
65152
576
64
0
65536
640
64
0
65920
704
64
0
66304
768
64
0
66688
832
64
0
67072
896
64
0
67456
960
64
0
67840
1024
64
0
68224
1088
64
0
68608
1152
64
0
68992
1216
64
0
69376
1280
64
0
69760
1344
64
0
70144
1408
64
0
70528
1472
64
0
70912
1536
64
0
71296
1600
64
0
71680
1664
64
0
72064
1728
64
0
72448
1792
64
0
72832
1856
64
0
73216
1920
64
0
73600
1984
64
0
61760
0
64
0
62144
64
64
0
62528
128
64
0
62912
192
64
0
63296
256
64
0
63680
320
64
0
64064
384
64
0
64448
448
64
0
64832
512
64
0
65216
576
64
0
65600
640
64
0
65984
704
64
0
66368
768
64
0
66752
832
64
0
67136
896
64
0
67520
960
64
0
67904
1024
64
0
68288
1088
64
0
68672
1152
64
0
69056
1216
64
0
69440
1280
64
0
69824
1344
64
0
70208
1408
64
0
70592
1472
64
0
70976
1536
64
0
71360
1600
64
0
71744
1664
64
0
72128
1728
64
0
72512
1792
64
0
72896
1856
64
0
73280
1920
64
0
73664
1984
64
0
73728
0
64
0
74112
64
64
0
74496
128
64
0
74880
192
64
0
75264
256
64
0
75648
320
64
0
76032
384
64
0
76416
448
64
0
76800
512
64
0
77184
576
64
0
77568
640
64
0
77952
704
64
0
78336
768
64
0
78720
832
64
0
79104
896
64
0
79488
960
64
0
79872
1024
64
0
80256
1088
64
0
80640
1152
64
0
81024
1216
64
0
81408
1280
64
0
81792
1344
64
0
82176
1408
64
0
82560
1472
64
0
82944
1536
64
0
83328
1600
64
0
83712
1664
64
0
84096
1728
64
0
84480
1792
64
0
84864
1856
64
0
85248
1920
64
0
85632
1984
64
0
73792
0
64
0
74176
64
64
0
74560
128
64
0
74944
192
64
0
75328
256
64
0
75712
320
64
0
76096
384
64
0
76480
448
64
0
76864
512
64
0
77248
576
64
0
77632
640
64
0
78016
704
64
0
78400
768
64
0
78784
832
64
0
79168
896
64
0
79552
960
64
0
79936
1024
64
0
80320
1088
64
0
80704
1152
64
0
81088
1216
64
0
81472
1280
64
0
81856
1344
64
0
82240
1408
64
0
82624
1472
64
0
83008
1536
64
0
83392
1600
64
0
83776
1664
64
0
84160
1728
64
0
84544
1792
64
0
84928
1856
64
0
85312
1920
64
0
85696
1984
64
0
73856
0
64
0
74240
64
64
0
74624
128
64
0
75008
192
64
0
75392
256
64
0
75776
320
64
0
76160
384
64
0
76544
448
64
0
76928
512
64
0
77312
576
64
0
77696
640
64
0
78080
704
64
0
78464
768
64
0
78848
832
64
0
79232
896
64
0
79616
960
64
0
80000
1024
64
0
80384
1088
64
0
80768
1152
64
0
81152
1216
64
0
81536
1280
64
0
81920
1344
64
0
82304
1408
64
0
82688
1472
64
0
83072
1536
64
0
83456
1600
64
0
83840
1664
64
0
84224
1728
64
0
84608
1792
64
0
84992
1856
64
0
85376
1920
64
0
85760
1984
64
0
73920
0
64
0
74304
64
64
0
74688
128
64
0
75072
192
64
0
75456
256
64
0
75840
320
64
0
76224
384
64
0
76608
448
64
0
76992
512
64
0
77376
576
64
0
77760
640
64
0
78144
704
64
0
78528
768
64
0
78912
832
64
0
79296
896
64
0
79680
960
64
0
80064
1024
64
0
80448
1088
64
0
80832
1152
64
0
81216
1216
64
0
81600
1280
64
0
81984
1344
64
0
82368
1408
64
0
82752
1472
64
0
83136
1536
64
0
83520
1600
64
0
83904
1664
64
0
84288
1728
64
0
84672
1792
64
0
85056
1856
64
0
85440
1920
64
0
85824
1984
64
0
73984
0
64
0
74368
64
64
0
74752
128
64
0
75136
192
64
0
75520
256
64
0
75904
320
64
0
76288
384
64
0
76672
448
64
0
77056
512
64
0
77440
576
64
0
77824
640
64
0
78208
704
64
0
78592
768
64
0
78976
832
64
0
79360
896
64
0
79744
960
64
0
80128
1024
64
0
80512
1088
64
0
80896
1152
64
0
81280
1216
64
0
81664
1280
64
0
82048
1344
64
0
82432
1408
64
0
82816
1472
64
0
83200
1536
64
0
83584
1600
64
0
83968
1664
64
0
84352
1728
64
0
84736
1792
64
0
85120
1856
64
0
85504
1920
64
0
85888
1984
64
0
74048
0
64
0
74432
64
64
0
74816
128
64
0
75200
192
64
0
75584
256
64
0
75968
320
64
0
76352
384
64
0
76736
448
64
0
77120
512
64
0
77504
576
64
0
77888
640
64
0
78272
704
64
0
78656
768
64
0
79040
832
64
0
79424
896
64
0
79808
960
64
0
80192
1024
64
0
80576
1088
64
0
80960
1152
64
0
81344
1216
64
0
81728
1280
64
0
82112
1344
64
0
82496
1408
64
0
82880
1472
64
0
83264
1536
64
0
83648
1600
64
0
84032
1664
64
0
84416
1728
64
0
84800
1792
64
0
85184
1856
64
0
85568
1920
64
0
85952
1984
64
0
86016
0
64
0
86400
64
64
0
86784
128
64
0
87168
192
64
0
87552
256
64
0
87936
320
64
0
88320
384
64
0
88704
448
64
0
89088
512
64
0
89472
576
64
0
89856
640
64
0
90240
704
64
0
90624
768
64
0
91008
832
64
0
91392
896
64
0
91776
960
64
0
92160
1024
64
0
92544
1088
64
0
92928
1152
64
0
93312
1216
64
0
93696
1280
64
0
94080
1344
64
0
94464
1408
64
0
94848
1472
64
0
95232
1536
64
0
95616
1600
64
0
96000
1664
64
0
96384
1728
64
0
96768
1792
64
0
97152
1856
64
0
97536
1920
64
0
97920
1984
64
0
86080
0
64
0
86464
64
64
0
86848
128
64
0
87232
192
64
0
87616
256
64
0
88000
320
64
0
88384
384
64
0
88768
448
64
0
89152
512
64
0
89536
576
64
0
89920
640
64
0
90304
704
64
0
90688
768
64
0
91072
832
64
0
91456
896
64
0
91840
960
64
0
92224
1024
64
0
92608
1088
64
0
92992
1152
64
0
93376
1216
64
0
93760
1280
64
0
94144
1344
64
0
94528
1408
64
0
94912
1472
64
0
95296
1536
64
0
95680
1600
64
0
96064
1664
64
0
96448
1728
64
0
96832
1792
64
0
97216
1856
64
0
97600
1920
64
0
97984
1984
64
0
86144
0
64
0
86528
64
64
0
86912
128
64
0
87296
192
64
0
87680
256
64
0
88064
320
64
0
88448
384
64
0
88832
448
64
0
89216
512
64
0
89600
576
64
0
89984
640
64
0
90368
704
64
0
90752
768
64
0
91136
832
64
0
91520
896
64
0
91904
960
64
0
92288
1024
64
0
92672
1088
64
0
93056
1152
64
0
93440
1216
64
0
93824
1280
64
0
94208
1344
64
0
94592
1408
64
0
94976
1472
64
0
95360
1536
64
0
95744
1600
64
0
96128
1664
64
0
96512
1728
64
0
96896
1792
64
0
97280
1856
64
0
97664
1920
64
0
98048
1984
64
0
86208
0
64
0
86592
64
64
0
86976
128
64
0
87360
192
64
0
87744
256
64
0
88128
320
64
0
88512
384
64
0
88896
448
64
0
89280
512
64
0
89664
576
64
0
90048
640
64
0
90432
704
64
0
90816
768
64
0
91200
832
64
0
91584
896
64
0
91968
960
64
0
92352
1024
64
0
92736
1088
64
0
93120
1152
64
0
93504
1216
64
0
93888
1280
64
0
94272
1344
64
0
94656
1408
64
0
95040
1472
64
0
95424
1536
64
0
95808
1600
64
0
96192
1664
64
0
96576
1728
64
0
96960
1792
64
0
97344
1856
64
0
97728
1920
64
0
98112
1984
64
0
86272
0
64
0
86656
64
64
0
87040
128
64
0
87424
192
64
0
87808
256
64
0
88192
320
64
0
88576
384
64
0
88960
448
64
0
89344
512
64
0
89728
576
64
0
90112
640
64
0
90496
704
64
0
90880
768
64
0
91264
832
64
0
91648
896
64
0
92032
960
64
0
92416
1024
64
0
92800
1088
64
0
93184
1152
64
0
93568
1216
64
0
93952
1280
64
0
94336
1344
64
0
94720
1408
64
0
95104
1472
64
0
95488
1536
64
0
95872
1600
64
0
96256
1664
64
0
96640
1728
64
0
97024
1792
64
0
97408
1856
64
0
97792
1920
64
0
98176
1984
64
0
86336
0
64
0
86720
64
64
0
87104
128
64
0
87488
192
64
0
87872
256
64
0
88256
320
64
0
88640
384
64
0
89024
448
64
0
89408
512
64
0
89792
576
64
0
90176
640
64
0
90560
704
64
0
90944
768
64
0
91328
832
64
0
91712
896
64
0
92096
960
64
0
92480
1024
64
0
92864
1088
64
0
93248
1152
64
0
93632
1216
64
0
94016
1280
64
0
94400
1344
64
0
94784
1408
64
0
95168
1472
64
0
95552
1536
64
0
95936
1600
64
0
96320
1664
64
0
96704
1728
64
0
97088
1792
64
0
97472
1856
64
0
97856
1920
64
0
98240
1984
64
0
98304
0
64
0
98688
64
64
0
99072
128
64
0
99456
192
64
0
99840
256
64
0
100224
320
64
0
100608
384
64
0
100992
448
64
0
101376
512
64
0
101760
576
64
0
102144
640
64
0
102528
704
64
0
102912
768
64
0
103296
832
64
0
103680
896
64
0
104064
960
64
0
104448
1024
64
0
104832
1088
64
0
105216
1152
64
0
105600
1216
64
0
105984
1280
64
0
106368
1344
64
0
106752
1408
64
0
107136
1472
64
0
107520
1536
64
0
107904
1600
64
0
108288
1664
64
0
108672
1728
64
0
109056
1792
64
0
109440
1856
64
0
109824
1920
64
0
110208
1984
64
0
98368
0
64
0
98752
64
64
0
99136
128
64
0
99520
192
64
0
99904
256
64
0
100288
320
64
0
100672
384
64
0
101056
448
64
0
101440
512
64
0
101824
576
64
0
102208
640
64
0
102592
704
64
0
102976
768
64
0
103360
832
64
0
103744
896
64
0
104128
960
64
0
104512
1024
64
0
104896
1088
64
0
105280
1152
64
0
105664
1216
64
0
106048
1280
64
0
106432
1344
64
0
106816
1408
64
0
107200
1472
64
0
107584
1536
64
0
107968
1600
64
0
108352
1664
64
0
108736
1728
64
0
109120
1792
64
0
109504
1856
64
0
109888
1920
64
0
110272
1984
64
0
98432
0
64
0
98816
64
64
0
99200
128
64
0
99584
192
64
0
99968
256
64
0
100352
320
64
0
100736
384
64
0
101120
448
64
0
101504
512
64
0
101888
576
64
0
102272
640
64
0
102656
704
64
0
103040
768
64
0
103424
832
64
0
103808
896
64
0
104192
960
64
0
104576
1024
64
0
104960
1088
64
0
105344
1152
64
0
105728
1216
64
0
106112
1280
64
0
106496
1344
64
0
106880
1408
64
0
107264
1472
64
0
107648
1536
64
0
108032
1600
64
0
108416
1664
64
0
108800
1728
64
0
109184
1792
64
0
109568
1856
64
0
109952
1920
64
0
110336
1984
64
0
98496
0
64
0
98880
64
64
0
99264
128
64
0
99648
192
64
0
100032
256
64
0
100416
320
64
0
100800
384
64
0
101184
448
64
0
101568
512
64
0
101952
576
64
0
102336
640
64
0
102720
704
64
0
103104
768
64
0
103488
832
64
0
103872
896
64
0
104256
960
64
0
104640
1024
64
0
105024
1088
64
0
105408
1152
64
0
105792
1216
64
0
106176
1280
64
0
106560
1344
64
0
106944
1408
64
0
107328
1472
64
0
107712
1536
64
0
108096
1600
64
0
108480
1664
64
0
108864
1728
64
0
109248
1792
64
0
109632
1856
64
0
110016
1920
64
0
110400
1984
64
0
98560
0
64
0
98944
64
64
0
99328
128
64
0
99712
192
64
0
100096
256
64
0
100480
320
64
0
100864
384
64
0
101248
448
64
0
101632
512
64
0
102016
576
64
0
102400
640
64
0
102784
704
64
0
103168
768
64
0
103552
832
64
0
103936
896
64
0
104320
960
64
0
104704
1024
64
0
105088
1088
64
0
105472
1152
64
0
105856
1216
64
0
106240
1280
64
0
106624
1344
64
0
107008
1408
64
0
107392
1472
64
0
107776
1536
64
0
108160
1600
64
0
108544
1664
64
0
108928
1728
64
0
109312
1792
64
0
109696
1856
64
0
110080
1920
64
0
110464
1984
64
0
98624
0
64
0
99008
64
64
0
99392
128
64
0
99776
192
64
0
100160
256
64
0
100544
320
64
0
100928
384
64
0
101312
448
64
0
101696
512
64
0
102080
576
64
0
102464
640
64
0
102848
704
64
0
103232
768
64
0
103616
832
64
0
104000
896
64
0
104384
960
64
0
104768
1024
64
0
105152
1088
64
0
105536
1152
64
0
105920
1216
64
0
106304
1280
64
0
106688
1344
64
0
107072
1408
64
0
107456
1472
64
0
107840
1536
64
0
108224
1600
64
0
108608
1664
64
0
108992
1728
64
0
109376
1792
64
0
109760
1856
64
0
110144
1920
64
0
110528
1984
64
0
110592
0
64
0
110976
64
64
0
111360
128
64
0
111744
192
64
0
112128
256
64
0
112512
320
64
0
112896
384
64
0
113280
448
64
0
113664
512
64
0
114048
576
64
0
114432
640
64
0
114816
704
64
0
115200
768
64
0
115584
832
64
0
115968
896
64
0
116352
960
64
0
116736
1024
64
0
117120
1088
64
0
117504
1152
64
0
117888
1216
64
0
118272
1280
64
0
118656
1344
64
0
119040
1408
64
0
119424
1472
64
0
119808
1536
64
0
120192
1600
64
0
120576
1664
64
0
120960
1728
64
0
121344
1792
64
0
121728
1856
64
0
122112
1920
64
0
122496
1984
64
0
110656
0
64
0
111040
64
64
0
111424
128
64
0
111808
192
64
0
112192
256
64
0
112576
320
64
0
112960
384
64
0
113344
448
64
0
113728
512
64
0
114112
576
64
0
114496
640
64
0
114880
704
64
0
115264
768
64
0
115648
832
64
0
116032
896
64
0
116416
960
64
0
116800
1024
64
0
117184
1088
64
0
117568
1152
64
0
117952
1216
64
0
118336
1280
64
0
118720
1344
64
0
119104
1408
64
0
119488
1472
64
0
119872
1536
64
0
120256
1600
64
0
120640
1664
64
0
121024
1728
64
0
121408
1792
64
0
121792
1856
64
0
122176
1920
64
0
122560
1984
64
0
110720
0
64
0
111104
64
64
0
111488
128
64
0
111872
192
64
0
112256
256
64
0
112640
320
64
0
113024
384
64
0
113408
448
64
0
113792
512
64
0
114176
576
64
0
114560
640
64
0
114944
704
64
0
115328
768
64
0
115712
832
64
0
116096
896
64
0
116480
960
64
0
116864
1024
64
0
117248
1088
64
0
117632
1152
64
0
118016
1216
64
0
118400
1280
64
0
118784
1344
64
0
119168
1408
64
0
119552
1472
64
0
119936
1536
64
0
120320
1600
64
0
120704
1664
64
0
121088
1728
64
0
121472
1792
64
0
121856
1856
64
0
122240
1920
64
0
122624
1984
64
0
110784
0
64
0
111168
64
64
0
111552
128
64
0
111936
192
64
0
112320
256
64
0
112704
320
64
0
113088
384
64
0
113472
448
64
0
113856
512
64
0
114240
576
64
0
114624
640
64
0
115008
704
64
0
115392
768
64
0
115776
832
64
0
116160
896
64
0
116544
960
64
0
116928
1024
64
0
117312
1088
64
0
117696
1152
64
0
118080
1216
64
0
118464
1280
64
0
118848
1344
64
0
119232
1408
64
0
119616
1472
64
0
120000
1536
64
0
120384
1600
64
0
120768
1664
64
0
121152
1728
64
0
121536
1792
64
0
121920
1856
64
0
122304
1920
64
0
122688
1984
64
0
110848
0
64
0
111232
64
64
0
111616
128
64
0
112000
192
64
0
112384
256
64
0
112768
320
64
0
113152
384
64
0
113536
448
64
0
113920
512
64
0
114304
576
64
0
114688
640
64
0
115072
704
64
0
115456
768
64
0
115840
832
64
0
116224
896
64
0
116608
960
64
0
116992
1024
64
0
117376
1088
64
0
117760
1152
64
0
118144
1216
64
0
118528
1280
64
0
118912
1344
64
0
119296
1408
64
0
119680
1472
64
0
120064
1536
64
0
120448
1600
64
0
120832
1664
64
0
121216
1728
64
0
121600
1792
64
0
121984
1856
64
0
122368
1920
64
0
122752
1984
64
0
110912
0
64
0
111296
64
64
0
111680
128
64
0
112064
192
64
0
112448
256
64
0
112832
320
64
0
113216
384
64
0
113600
448
64
0
113984
512
64
0
114368
576
64
0
114752
640
64
0
115136
704
64
0
115520
768
64
0
115904
832
64
0
116288
896
64
0
116672
960
64
0
117056
1024
64
0
117440
1088
64
0
117824
1152
64
0
118208
1216
64
0
118592
1280
64
0
118976
1344
64
0
119360
1408
64
0
119744
1472
64
0
120128
1536
64
0
120512
1600
64
0
120896
1664
64
0
121280
1728
64
0
121664
1792
64
0
122048
1856
64
0
122432
1920
64
0
122816
1984
64
0
122880
0
64
0
123264
64
64
0
123648
128
64
0
124032
192
64
0
124416
256
64
0
124800
320
64
0
125184
384
64
0
125568
448
64
0
125952
512
64
0
126336
576
64
0
126720
640
64
0
127104
704
64
0
127488
768
64
0
127872
832
64
0
128256
896
64
0
128640
960
64
0
129024
1024
64
0
129408
1088
64
0
129792
1152
64
0
130176
1216
64
0
130560
1280
64
0
130944
1344
64
0
131328
1408
64
0
131712
1472
64
0
132096
1536
64
0
132480
1600
64
0
132864
1664
64
0
133248
1728
64
0
133632
1792
64
0
134016
1856
64
0
134400
1920
64
0
134784
1984
64
0
122944
0
64
0
123328
64
64
0
123712
128
64
0
124096
192
64
0
124480
256
64
0
124864
320
64
0
125248
384
64
0
125632
448
64
0
126016
512
64
0
126400
576
64
0
126784
640
64
0
127168
704
64
0
127552
768
64
0
127936
832
64
0
128320
896
64
0
128704
960
64
0
129088
1024
64
0
129472
1088
64
0
129856
1152
64
0
130240
1216
64
0
130624
1280
64
0
131008
1344
64
0
131392
1408
64
0
131776
1472
64
0
132160
1536
64
0
132544
1600
64
0
132928
1664
64
0
133312
1728
64
0
133696
1792
64
0
134080
1856
64
0
134464
1920
64
0
134848
1984
64
0
123008
0
64
0
123392
64
64
0
123776
128
64
0
124160
192
64
0
124544
256
64
0
124928
320
64
0
125312
384
64
0
125696
448
64
0
126080
512
64
0
126464
576
64
0
126848
640
64
0
127232
704
64
0
127616
768
64
0
128000
832
64
0
128384
896
64
0
128768
960
64
0
129152
1024
64
0
129536
1088
64
0
129920
1152
64
0
130304
1216
64
0
130688
1280
64
0
131072
1344
64
0
131456
1408
64
0
131840
1472
64
0
132224
1536
64
0
132608
1600
64
0
132992
1664
64
0
133376
1728
64
0
133760
1792
64
0
134144
1856
64
0
134528
1920
64
0
134912
1984
64
0
123072
0
64
0
123456
64
64
0
123840
128
64
0
124224
192
64
0
124608
256
64
0
124992
320
64
0
125376
384
64
0
125760
448
64
0
126144
512
64
0
126528
576
64
0
126912
640
64
0
127296
704
64
0
127680
768
64
0
128064
832
64
0
128448
896
64
0
128832
960
64
0
129216
1024
64
0
129600
1088
64
0
129984
1152
64
0
130368
1216
64
0
130752
1280
64
0
131136
1344
64
0
131520
1408
64
0
131904
1472
64
0
132288
1536
64
0
132672
1600
64
0
133056
1664
64
0
133440
1728
64
0
133824
1792
64
0
134208
1856
64
0
134592
1920
64
0
134976
1984
64
0
123136
0
64
0
123520
64
64
0
123904
128
64
0
124288
192
64
0
124672
256
64
0
125056
320
64
0
125440
384
64
0
125824
448
64
0
126208
512
64
0
126592
576
64
0
126976
640
64
0
127360
704
64
0
127744
768
64
0
128128
832
64
0
128512
896
64
0
128896
960
64
0
129280
1024
64
0
129664
1088
64
0
130048
1152
64
0
130432
1216
64
0
130816
1280
64
0
131200
1344
64
0
131584
1408
64
0
131968
1472
64
0
132352
1536
64
0
132736
1600
64
0
133120
1664
64
0
133504
1728
64
0
133888
1792
64
0
134272
1856
64
0
134656
1920
64
0
135040
1984
64
0
123200
0
64
0
123584
64
64
0
123968
128
64
0
124352
192
64
0
124736
256
64
0
125120
320
64
0
125504
384
64
0
125888
448
64
0
126272
512
64
0
126656
576
64
0
127040
640
64
0
127424
704
64
0
127808
768
64
0
128192
832
64
0
128576
896
64
0
128960
960
64
0
129344
1024
64
0
129728
1088
64
0
130112
1152
64
0
130496
1216
64
0
130880
1280
64
0
131264
1344
64
0
131648
1408
64
0
132032
1472
64
0
132416
1536
64
0
132800
1600
64
0
133184
1664
64
0
133568
1728
64
0
133952
1792
64
0
134336
1856
64
0
134720
1920
64
0
135104
1984
64
0
135168
0
64
0
135552
64
64
0
135936
128
64
0
136320
192
64
0
136704
256
64
0
137088
320
64
0
137472
384
64
0
137856
448
64
0
138240
512
64
0
138624
576
64
0
139008
640
64
0
139392
704
64
0
139776
768
64
0
140160
832
64
0
140544
896
64
0
140928
960
64
0
141312
1024
64
0
141696
1088
64
0
142080
1152
64
0
142464
1216
64
0
142848
1280
64
0
143232
1344
64
0
143616
1408
64
0
144000
1472
64
0
144384
1536
64
0
144768
1600
64
0
145152
1664
64
0
145536
1728
64
0
145920
1792
64
0
146304
1856
64
0
146688
1920
64
0
147072
1984
64
0
135232
0
64
0
135616
64
64
0
136000
128
64
0
136384
192
64
0
136768
256
64
0
137152
320
64
0
137536
384
64
0
137920
448
64
0
138304
512
64
0
138688
576
64
0
139072
640
64
0
139456
704
64
0
139840
768
64
0
140224
832
64
0
140608
896
64
0
140992
960
64
0
141376
1024
64
0
141760
1088
64
0
142144
1152
64
0
142528
1216
64
0
142912
1280
64
0
143296
1344
64
0
143680
1408
64
0
144064
1472
64
0
144448
1536
64
0
144832
1600
64
0
145216
1664
64
0
145600
1728
64
0
145984
1792
64
0
146368
1856
64
0
146752
1920
64
0
147136
1984
64
0
135296
0
64
0
135680
64
64
0
136064
128
64
0
136448
192
64
0
136832
256
64
0
137216
320
64
0
137600
384
64
0
137984
448
64
0
138368
512
64
0
138752
576
64
0
139136
640
64
0
139520
704
64
0
139904
768
64
0
140288
832
64
0
140672
896
64
0
141056
960
64
0
141440
1024
64
0
141824
1088
64
0
142208
1152
64
0
142592
1216
64
0
142976
1280
64
0
143360
1344
64
0
143744
1408
64
0
144128
1472
64
0
144512
1536
64
0
144896
1600
64
0
145280
1664
64
0
145664
1728
64
0
146048
1792
64
0
146432
1856
64
0
146816
1920
64
0
147200
1984
64
0
135360
0
64
0
135744
64
64
0
136128
128
64
0
136512
192
64
0
136896
256
64
0
137280
320
64
0
137664
384
64
0
138048
448
64
0
138432
512
64
0
138816
576
64
0
139200
640
64
0
139584
704
64
0
139968
768
64
0
140352
832
64
0
140736
896
64
0
141120
960
64
0
141504
1024
64
0
141888
1088
64
0
142272
1152
64
0
142656
1216
64
0
143040
1280
64
0
143424
1344
64
0
143808
1408
64
0
144192
1472
64
0
144576
1536
64
0
144960
1600
64
0
145344
1664
64
0
145728
1728
64
0
146112
1792
64
0
146496
1856
64
0
146880
1920
64
0
147264
1984
64
0
135424
0
64
0
135808
64
64
0
136192
128
64
0
136576
192
64
0
136960
256
64
0
137344
320
64
0
137728
384
64
0
138112
448
64
0
138496
512
64
0
138880
576
64
0
139264
640
64
0
139648
704
64
0
140032
768
64
0
140416
832
64
0
140800
896
64
0
141184
960
64
0
141568
1024
64
0
141952
1088
64
0
142336
1152
64
0
142720
1216
64
0
143104
1280
64
0
143488
1344
64
0
143872
1408
64
0
144256
1472
64
0
144640
1536
64
0
145024
1600
64
0
145408
1664
64
0
145792
1728
64
0
146176
1792
64
0
146560
1856
64
0
146944
1920
64
0
147328
1984
64
0
135488
0
64
0
135872
64
64
0
136256
128
64
0
136640
192
64
0
137024
256
64
0
137408
320
64
0
137792
384
64
0
138176
448
64
0
138560
512
64
0
138944
576
64
0
139328
640
64
0
139712
704
64
0
140096
768
64
0
140480
832
64
0
140864
896
64
0
141248
960
64
0
141632
1024
64
0
142016
1088
64
0
142400
1152
64
0
142784
1216
64
0
143168
1280
64
0
143552
1344
64
0
143936
1408
64
0
144320
1472
64
0
144704
1536
64
0
145088
1600
64
0
145472
1664
64
0
145856
1728
64
0
146240
1792
64
0
146624
1856
64
0
147008
1920
64
0
147392
1984
64
0
147456
0
64
0
147840
64
64
0
148224
128
64
0
148608
192
64
0
148992
256
64
0
149376
320
64
0
149760
384
64
0
150144
448
64
0
150528
512
64
0
150912
576
64
0
151296
640
64
0
151680
704
64
0
152064
768
64
0
152448
832
64
0
152832
896
64
0
153216
960
64
0
153600
1024
64
0
153984
1088
64
0
154368
1152
64
0
154752
1216
64
0
155136
1280
64
0
155520
1344
64
0
155904
1408
64
0
156288
1472
64
0
156672
1536
64
0
157056
1600
64
0
157440
1664
64
0
157824
1728
64
0
158208
1792
64
0
158592
1856
64
0
158976
1920
64
0
159360
1984
64
0
147520
0
64
0
147904
64
64
0
148288
128
64
0
148672
192
64
0
149056
256
64
0
149440
320
64
0
149824
384
64
0
150208
448
64
0
150592
512
64
0
150976
576
64
0
151360
640
64
0
151744
704
64
0
152128
768
64
0
152512
832
64
0
152896
896
64
0
153280
960
64
0
153664
1024
64
0
154048
1088
64
0
154432
1152
64
0
154816
1216
64
0
155200
1280
64
0
155584
1344
64
0
155968
1408
64
0
156352
1472
64
0
156736
1536
64
0
157120
1600
64
0
157504
1664
64
0
157888
1728
64
0
158272
1792
64
0
158656
1856
64
0
159040
1920
64
0
159424
1984
64
0
147584
0
64
0
147968
64
64
0
148352
128
64
0
148736
192
64
0
149120
256
64
0
149504
320
64
0
149888
384
64
0
150272
448
64
0
150656
512
64
0
151040
576
64
0
151424
640
64
0
151808
704
64
0
152192
768
64
0
152576
832
64
0
152960
896
64
0
153344
960
64
0
153728
1024
64
0
154112
1088
64
0
154496
1152
64
0
154880
1216
64
0
155264
1280
64
0
155648
1344
64
0
156032
1408
64
0
156416
1472
64
0
156800
1536
64
0
157184
1600
64
0
157568
1664
64
0
157952
1728
64
0
158336
1792
64
0
158720
1856
64
0
159104
1920
64
0
159488
1984
64
0
147648
0
64
0
148032
64
64
0
148416
128
64
0
148800
192
64
0
149184
256
64
0
149568
320
64
0
149952
384
64
0
150336
448
64
0
150720
512
64
0
151104
576
64
0
151488
640
64
0
151872
704
64
0
152256
768
64
0
152640
832
64
0
153024
896
64
0
153408
960
64
0
153792
1024
64
0
154176
1088
64
0
154560
1152
64
0
154944
1216
64
0
155328
1280
64
0
155712
1344
64
0
156096
1408
64
0
156480
1472
64
0
156864
1536
64
0
157248
1600
64
0
157632
1664
64
0
158016
1728
64
0
158400
1792
64
0
158784
1856
64
0
159168
1920
64
0
159552
1984
64
0
147712
0
64
0
148096
64
64
0
148480
128
64
0
148864
192
64
0
149248
256
64
0
149632
320
64
0
150016
384
64
0
150400
448
64
0
150784
512
64
0
151168
576
64
0
151552
640
64
0
151936
704
64
0
152320
768
64
0
152704
832
64
0
153088
896
64
0
153472
960
64
0
153856
1024
64
0
154240
1088
64
0
154624
1152
64
0
155008
1216
64
0
155392
1280
64
0
155776
1344
64
0
156160
1408
64
0
156544
1472
64
0
156928
1536
64
0
157312
1600
64
0
157696
1664
64
0
158080
1728
64
0
158464
1792
64
0
158848
1856
64
0
159232
1920
64
0
159616
1984
64
0
147776
0
64
0
148160
64
64
0
148544
128
64
0
148928
192
64
0
149312
256
64
0
149696
320
64
0
150080
384
64
0
150464
448
64
0
150848
512
64
0
151232
576
64
0
151616
640
64
0
152000
704
64
0
152384
768
64
0
152768
832
64
0
153152
896
64
0
153536
960
64
0
153920
1024
64
0
154304
1088
64
0
154688
1152
64
0
155072
1216
64
0
155456
1280
64
0
155840
1344
64
0
156224
1408
64
0
156608
1472
64
0
156992
1536
64
0
157376
1600
64
0
157760
1664
64
0
158144
1728
64
0
158528
1792
64
0
158912
1856
64
0
159296
1920
64
0
159680
1984
64
0
159744
0
64
0
160128
64
64
0
160512
128
64
0
160896
192
64
0
161280
256
64
0
161664
320
64
0
162048
384
64
0
162432
448
64
0
162816
512
64
0
163200
576
64
0
163584
640
64
0
163968
704
64
0
164352
768
64
0
164736
832
64
0
165120
896
64
0
165504
960
64
0
165888
1024
64
0
166272
1088
64
0
166656
1152
64
0
167040
1216
64
0
167424
1280
64
0
167808
1344
64
0
168192
1408
64
0
168576
1472
64
0
168960
1536
64
0
169344
1600
64
0
169728
1664
64
0
170112
1728
64
0
170496
1792
64
0
170880
1856
64
0
171264
1920
64
0
171648
1984
64
0
159808
0
64
0
160192
64
64
0
160576
128
64
0
160960
192
64
0
161344
256
64
0
161728
320
64
0
162112
384
64
0
162496
448
64
0
162880
512
64
0
163264
576
64
0
163648
640
64
0
164032
704
64
0
164416
768
64
0
164800
832
64
0
165184
896
64
0
165568
960
64
0
165952
1024
64
0
166336
1088
64
0
166720
1152
64
0
167104
1216
64
0
167488
1280
64
0
167872
1344
64
0
168256
1408
64
0
168640
1472
64
0
169024
1536
64
0
169408
1600
64
0
169792
1664
64
0
170176
1728
64
0
170560
1792
64
0
170944
1856
64
0
171328
1920
64
0
171712
1984
64
0
159872
0
64
0
160256
64
64
0
160640
128
64
0
161024
192
64
0
161408
256
64
0
161792
320
64
0
162176
384
64
0
162560
448
64
0
162944
512
64
0
163328
576
64
0
163712
640
64
0
164096
704
64
0
164480
768
64
0
164864
832
64
0
165248
896
64
0
165632
960
64
0
166016
1024
64
0
166400
1088
64
0
166784
1152
64
0
167168
1216
64
0
167552
1280
64
0
167936
1344
64
0
168320
1408
64
0
168704
1472
64
0
169088
1536
64
0
169472
1600
64
0
169856
1664
64
0
170240
1728
64
0
170624
1792
64
0
171008
1856
64
0
171392
1920
64
0
171776
1984
64
0
159936
0
64
0
160320
64
64
0
160704
128
64
0
161088
192
64
0
161472
256
64
0
161856
320
64
0
162240
384
64
0
162624
448
64
0
163008
512
64
0
163392
576
64
0
163776
640
64
0
164160
704
64
0
164544
768
64
0
164928
832
64
0
165312
896
64
0
165696
960
64
0
166080
1024
64
0
166464
1088
64
0
166848
1152
64
0
167232
1216
64
0
167616
1280
64
0
168000
1344
64
0
168384
1408
64
0
168768
1472
64
0
169152
1536
64
0
169536
1600
64
0
169920
1664
64
0
170304
1728
64
0
170688
1792
64
0
171072
1856
64
0
171456
1920
64
0
171840
1984
64
0
160000
0
64
0
160384
64
64
0
160768
128
64
0
161152
192
64
0
161536
256
64
0
161920
320
64
0
162304
384
64
0
162688
448
64
0
163072
512
64
0
163456
576
64
0
163840
640
64
0
164224
704
64
0
164608
768
64
0
164992
832
64
0
165376
896
64
0
165760
960
64
0
166144
1024
64
0
166528
1088
64
0
166912
1152
64
0
167296
1216
64
0
167680
1280
64
0
168064
1344
64
0
168448
1408
64
0
168832
1472
64
0
169216
1536
64
0
169600
1600
64
0
169984
1664
64
0
170368
1728
64
0
170752
1792
64
0
171136
1856
64
0
171520
1920
64
0
171904
1984
64
0
160064
0
64
0
160448
64
64
0
160832
128
64
0
161216
192
64
0
161600
256
64
0
161984
320
64
0
162368
384
64
0
162752
448
64
0
163136
512
64
0
163520
576
64
0
163904
640
64
0
164288
704
64
0
164672
768
64
0
165056
832
64
0
165440
896
64
0
165824
960
64
0
166208
1024
64
0
166592
1088
64
0
166976
1152
64
0
167360
1216
64
0
167744
1280
64
0
168128
1344
64
0
168512
1408
64
0
168896
1472
64
0
169280
1536
64
0
169664
1600
64
0
170048
1664
64
0
170432
1728
64
0
170816
1792
64
0
171200
1856
64
0
171584
1920
64
0
171968
1984
64
0
172032
0
64
0
172416
64
64
0
172800
128
64
0
173184
192
64
0
173568
256
64
0
173952
320
64
0
174336
384
64
0
174720
448
64
0
175104
512
64
0
175488
576
64
0
175872
640
64
0
176256
704
64
0
176640
768
64
0
177024
832
64
0
177408
896
64
0
177792
960
64
0
178176
1024
64
0
178560
1088
64
0
178944
1152
64
0
179328
1216
64
0
179712
1280
64
0
180096
1344
64
0
180480
1408
64
0
180864
1472
64
0
181248
1536
64
0
181632
1600
64
0
182016
1664
64
0
182400
1728
64
0
182784
1792
64
0
183168
1856
64
0
183552
1920
64
0
183936
1984
64
0
172096
0
64
0
172480
64
64
0
172864
128
64
0
173248
192
64
0
173632
256
64
0
174016
320
64
0
174400
384
64
0
174784
448
64
0
175168
512
64
0
175552
576
64
0
175936
640
64
0
176320
704
64
0
176704
768
64
0
177088
832
64
0
177472
896
64
0
177856
960
64
0
178240
1024
64
0
178624
1088
64
0
179008
1152
64
0
179392
1216
64
0
179776
1280
64
0
180160
1344
64
0
180544
1408
64
0
180928
1472
64
0
181312
1536
64
0
181696
1600
64
0
182080
1664
64
0
182464
1728
64
0
182848
1792
64
0
183232
1856
64
0
183616
1920
64
0
184000
1984
64
0
172160
0
64
0
172544
64
64
0
172928
128
64
0
173312
192
64
0
173696
256
64
0
174080
320
64
0
174464
384
64
0
174848
448
64
0
175232
512
64
0
175616
576
64
0
176000
640
64
0
176384
704
64
0
176768
768
64
0
177152
832
64
0
177536
896
64
0
177920
960
64
0
178304
1024
64
0
178688
1088
64
0
179072
1152
64
0
179456
1216
64
0
179840
1280
64
0
180224
1344
64
0
180608
1408
64
0
180992
1472
64
0
181376
1536
64
0
181760
1600
64
0
182144
1664
64
0
182528
1728
64
0
182912
1792
64
0
183296
1856
64
0
183680
1920
64
0
184064
1984
64
0
172224
0
64
0
172608
64
64
0
172992
128
64
0
173376
192
64
0
173760
256
64
0
174144
320
64
0
174528
384
64
0
174912
448
64
0
175296
512
64
0
175680
576
64
0
176064
640
64
0
176448
704
64
0
176832
768
64
0
177216
832
64
0
177600
896
64
0
177984
960
64
0
178368
1024
64
0
178752
1088
64
0
179136
1152
64
0
179520
1216
64
0
179904
1280
64
0
180288
1344
64
0
180672
1408
64
0
181056
1472
64
0
181440
1536
64
0
181824
1600
64
0
182208
1664
64
0
182592
1728
64
0
182976
1792
64
0
183360
1856
64
0
183744
1920
64
0
184128
1984
64
0
172288
0
64
0
172672
64
64
0
173056
128
64
0
173440
192
64
0
173824
256
64
0
174208
320
64
0
174592
384
64
0
174976
448
64
0
175360
512
64
0
175744
576
64
0
176128
640
64
0
176512
704
64
0
176896
768
64
0
177280
832
64
0
177664
896
64
0
178048
960
64
0
178432
1024
64
0
178816
1088
64
0
179200
1152
64
0
179584
1216
64
0
179968
1280
64
0
180352
1344
64
0
180736
1408
64
0
181120
1472
64
0
181504
1536
64
0
181888
1600
64
0
182272
1664
64
0
182656
1728
64
0
183040
1792
64
0
183424
1856
64
0
183808
1920
64
0
184192
1984
64
0
172352
0
64
0
172736
64
64
0
173120
128
64
0
173504
192
64
0
173888
256
64
0
174272
320
64
0
174656
384
64
0
175040
448
64
0
175424
512
64
0
175808
576
64
0
176192
640
64
0
176576
704
64
0
176960
768
64
0
177344
832
64
0
177728
896
64
0
178112
960
64
0
178496
1024
64
0
178880
1088
64
0
179264
1152
64
0
179648
1216
64
0
180032
1280
64
0
180416
1344
64
0
180800
1408
64
0
181184
1472
64
0
181568
1536
64
0
181952
1600
64
0
182336
1664
64
0
182720
1728
64
0
183104
1792
64
0
183488
1856
64
0
183872
1920
64
0
184256
1984
64
0
184320
0
64
0
184704
64
64
0
185088
128
64
0
185472
192
64
0
185856
256
64
0
186240
320
64
0
186624
384
64
0
187008
448
64
0
187392
512
64
0
187776
576
64
0
188160
640
64
0
188544
704
64
0
188928
768
64
0
189312
832
64
0
189696
896
64
0
190080
960
64
0
190464
1024
64
0
190848
1088
64
0
191232
1152
64
0
191616
1216
64
0
192000
1280
64
0
192384
1344
64
0
192768
1408
64
0
193152
1472
64
0
193536
1536
64
0
193920
1600
64
0
194304
1664
64
0
194688
1728
64
0
195072
1792
64
0
195456
1856
64
0
195840
1920
64
0
196224
1984
64
0
184384
0
64
0
184768
64
64
0
185152
128
64
0
185536
192
64
0
185920
256
64
0
186304
320
64
0
186688
384
64
0
187072
448
64
0
187456
512
64
0
187840
576
64
0
188224
640
64
0
188608
704
64
0
188992
768
64
0
189376
832
64
0
189760
896
64
0
190144
960
64
0
190528
1024
64
0
190912
1088
64
0
191296
1152
64
0
191680
1216
64
0
192064
1280
64
0
192448
1344
64
0
192832
1408
64
0
193216
1472
64
0
193600
1536
64
0
193984
1600
64
0
194368
1664
64
0
194752
1728
64
0
195136
1792
64
0
195520
1856
64
0
195904
1920
64
0
196288
1984
64
0
184448
0
64
0
184832
64
64
0
185216
128
64
0
185600
192
64
0
185984
256
64
0
186368
320
64
0
186752
384
64
0
187136
448
64
0
187520
512
64
0
187904
576
64
0
188288
640
64
0
188672
704
64
0
189056
768
64
0
189440
832
64
0
189824
896
64
0
190208
960
64
0
190592
1024
64
0
190976
1088
64
0
191360
1152
64
0
191744
1216
64
0
192128
1280
64
0
192512
1344
64
0
192896
1408
64
0
193280
1472
64
0
193664
1536
64
0
194048
1600
64
0
194432
1664
64
0
194816
1728
64
0
195200
1792
64
0
195584
1856
64
0
195968
1920
64
0
196352
1984
64
0
184512
0
64
0
184896
64
64
0
185280
128
64
0
185664
192
64
0
186048
256
64
0
186432
320
64
0
186816
384
64
0
187200
448
64
0
187584
512
64
0
187968
576
64
0
188352
640
64
0
188736
704
64
0
189120
768
64
0
189504
832
64
0
189888
896
64
0
190272
960
64
0
190656
1024
64
0
191040
1088
64
0
191424
1152
64
0
191808
1216
64
0
192192
1280
64
0
192576
1344
64
0
192960
1408
64
0
193344
1472
64
0
193728
1536
64
0
194112
1600
64
0
194496
1664
64
0
194880
1728
64
0
195264
1792
64
0
195648
1856
64
0
196032
1920
64
0
196416
1984
64
0
184576
0
64
0
184960
64
64
0
185344
128
64
0
185728
192
64
0
186112
256
64
0
186496
320
64
0
186880
384
64
0
187264
448
64
0
187648
512
64
0
188032
576
64
0
188416
640
64
0
188800
704
64
0
189184
768
64
0
189568
832
64
0
189952
896
64
0
190336
960
64
0
190720
1024
64
0
191104
1088
64
0
191488
1152
64
0
191872
1216
64
0
192256
1280
64
0
192640
1344
64
0
193024
1408
64
0
193408
1472
64
0
193792
1536
64
0
194176
1600
64
0
194560
1664
64
0
194944
1728
64
0
195328
1792
64
0
195712
1856
64
0
196096
1920
64
0
196480
1984
64
0
184640
0
64
0
185024
64
64
0
185408
128
64
0
185792
192
64
0
186176
256
64
0
186560
320
64
0
186944
384
64
0
187328
448
64
0
187712
512
64
0
188096
576
64
0
188480
640
64
0
188864
704
64
0
189248
768
64
0
189632
832
64
0
190016
896
64
0
190400
960
64
0
190784
1024
64
0
191168
1088
64
0
191552
1152
64
0
191936
1216
64
0
192320
1280
64
0
192704
1344
64
0
193088
1408
64
0
193472
1472
64
0
193856
1536
64
0
194240
1600
64
0
194624
1664
64
0
195008
1728
64
0
195392
1792
64
0
195776
1856
64
0
196160
1920
64
0
196544
1984
64
0
196608
0
64
0
196992
64
64
0
197376
128
64
0
197760
192
64
0
198144
256
64
0
198528
320
64
0
198912
384
64
0
199296
448
64
0
199680
512
64
0
200064
576
64
0
200448
640
64
0
200832
704
64
0
201216
768
64
0
201600
832
64
0
201984
896
64
0
202368
960
64
0
202752
1024
64
0
203136
1088
64
0
203520
1152
64
0
203904
1216
64
0
204288
1280
64
0
204672
1344
64
0
205056
1408
64
0
205440
1472
64
0
205824
1536
64
0
206208
1600
64
0
206592
1664
64
0
206976
1728
64
0
207360
1792
64
0
207744
1856
64
0
208128
1920
64
0
208512
1984
64
0
196672
0
64
0
197056
64
64
0
197440
128
64
0
197824
192
64
0
198208
256
64
0
198592
320
64
0
198976
384
64
0
199360
448
64
0
199744
512
64
0
200128
576
64
0
200512
640
64
0
200896
704
64
0
201280
768
64
0
201664
832
64
0
202048
896
64
0
202432
960
64
0
202816
1024
64
0
203200
1088
64
0
203584
1152
64
0
203968
1216
64
0
204352
1280
64
0
204736
1344
64
0
205120
1408
64
0
205504
1472
64
0
205888
1536
64
0
206272
1600
64
0
206656
1664
64
0
207040
1728
64
0
207424
1792
64
0
207808
1856
64
0
208192
1920
64
0
208576
1984
64
0
196736
0
64
0
197120
64
64
0
197504
128
64
0
197888
192
64
0
198272
256
64
0
198656
320
64
0
199040
384
64
0
199424
448
64
0
199808
512
64
0
200192
576
64
0
200576
640
64
0
200960
704
64
0
201344
768
64
0
201728
832
64
0
202112
896
64
0
202496
960
64
0
202880
1024
64
0
203264
1088
64
0
203648
1152
64
0
204032
1216
64
0
204416
1280
64
0
204800
1344
64
0
205184
1408
64
0
205568
1472
64
0
205952
1536
64
0
206336
1600
64
0
206720
1664
64
0
207104
1728
64
0
207488
1792
64
0
207872
1856
64
0
208256
1920
64
0
208640
1984
64
0
196800
0
64
0
197184
64
64
0
197568
128
64
0
197952
192
64
0
198336
256
64
0
198720
320
64
0
199104
384
64
0
199488
448
64
0
199872
512
64
0
200256
576
64
0
200640
640
64
0
201024
704
64
0
201408
768
64
0
201792
832
64
0
202176
896
64
0
202560
960
64
0
202944
1024
64
0
203328
1088
64
0
203712
1152
64
0
204096
1216
64
0
204480
1280
64
0
204864
1344
64
0
205248
1408
64
0
205632
1472
64
0
206016
1536
64
0
206400
1600
64
0
206784
1664
64
0
207168
1728
64
0
207552
1792
64
0
207936
1856
64
0
208320
1920
64
0
208704
1984
64
0
196864
0
64
0
197248
64
64
0
197632
128
64
0
198016
192
64
0
198400
256
64
0
198784
320
64
0
199168
384
64
0
199552
448
64
0
199936
512
64
0
200320
576
64
0
200704
640
64
0
201088
704
64
0
201472
768
64
0
201856
832
64
0
202240
896
64
0
202624
960
64
0
203008
1024
64
0
203392
1088
64
0
203776
1152
64
0
204160
1216
64
0
204544
1280
64
0
204928
1344
64
0
205312
1408
64
0
205696
1472
64
0
206080
1536
64
0
206464
1600
64
0
206848
1664
64
0
207232
1728
64
0
207616
1792
64
0
208000
1856
64
0
208384
1920
64
0
208768
1984
64
0
196928
0
64
0
197312
64
64
0
197696
128
64
0
198080
192
64
0
198464
256
64
0
198848
320
64
0
199232
384
64
0
199616
448
64
0
200000
512
64
0
200384
576
64
0
200768
640
64
0
201152
704
64
0
201536
768
64
0
201920
832
64
0
202304
896
64
0
202688
960
64
0
203072
1024
64
0
203456
1088
64
0
203840
1152
64
0
204224
1216
64
0
204608
1280
64
0
204992
1344
64
0
205376
1408
64
0
205760
1472
64
0
206144
1536
64
0
206528
1600
64
0
206912
1664
64
0
207296
1728
64
0
207680
1792
64
0
208064
1856
64
0
208448
1920
64
0
208832
1984
64
0
208896
0
64
0
209280
64
64
0
209664
128
64
0
210048
192
64
0
210432
256
64
0
210816
320
64
0
211200
384
64
0
211584
448
64
0
211968
512
64
0
212352
576
64
0
212736
640
64
0
213120
704
64
0
213504
768
64
0
213888
832
64
0
214272
896
64
0
214656
960
64
0
215040
1024
64
0
215424
1088
64
0
215808
1152
64
0
216192
1216
64
0
216576
1280
64
0
216960
1344
64
0
217344
1408
64
0
217728
1472
64
0
218112
1536
64
0
218496
1600
64
0
218880
1664
64
0
219264
1728
64
0
219648
1792
64
0
220032
1856
64
0
220416
1920
64
0
220800
1984
64
0
208960
0
64
0
209344
64
64
0
209728
128
64
0
210112
192
64
0
210496
256
64
0
210880
320
64
0
211264
384
64
0
211648
448
64
0
212032
512
64
0
212416
576
64
0
212800
640
64
0
213184
704
64
0
213568
768
64
0
213952
832
64
0
214336
896
64
0
214720
960
64
0
215104
1024
64
0
215488
1088
64
0
215872
1152
64
0
216256
1216
64
0
216640
1280
64
0
217024
1344
64
0
217408
1408
64
0
217792
1472
64
0
218176
1536
64
0
218560
1600
64
0
218944
1664
64
0
219328
1728
64
0
219712
1792
64
0
220096
1856
64
0
220480
1920
64
0
220864
1984
64
0
209024
0
64
0
209408
64
64
0
209792
128
64
0
210176
192
64
0
210560
256
64
0
210944
320
64
0
211328
384
64
0
211712
448
64
0
212096
512
64
0
212480
576
64
0
212864
640
64
0
213248
704
64
0
213632
768
64
0
214016
832
64
0
214400
896
64
0
214784
960
64
0
215168
1024
64
0
215552
1088
64
0
215936
1152
64
0
216320
1216
64
0
216704
1280
64
0
217088
1344
64
0
217472
1408
64
0
217856
1472
64
0
218240
1536
64
0
218624
1600
64
0
219008
1664
64
0
219392
1728
64
0
219776
1792
64
0
220160
1856
64
0
220544
1920
64
0
220928
1984
64
0
209088
0
64
0
209472
64
64
0
209856
128
64
0
210240
192
64
0
210624
256
64
0
211008
320
64
0
211392
384
64
0
211776
448
64
0
212160
512
64
0
212544
576
64
0
212928
640
64
0
213312
704
64
0
213696
768
64
0
214080
832
64
0
214464
896
64
0
214848
960
64
0
215232
1024
64
0
215616
1088
64
0
216000
1152
64
0
216384
1216
64
0
216768
1280
64
0
217152
1344
64
0
217536
1408
64
0
217920
1472
64
0
218304
1536
64
0
218688
1600
64
0
219072
1664
64
0
219456
1728
64
0
219840
1792
64
0
220224
1856
64
0
220608
1920
64
0
220992
1984
64
0
209152
0
64
0
209536
64
64
0
209920
128
64
0
210304
192
64
0
210688
256
64
0
211072
320
64
0
211456
384
64
0
211840
448
64
0
212224
512
64
0
212608
576
64
0
212992
640
64
0
213376
704
64
0
213760
768
64
0
214144
832
64
0
214528
896
64
0
214912
960
64
0
215296
1024
64
0
215680
1088
64
0
216064
1152
64
0
216448
1216
64
0
216832
1280
64
0
217216
1344
64
0
217600
1408
64
0
217984
1472
64
0
218368
1536
64
0
218752
1600
64
0
219136
1664
64
0
219520
1728
64
0
219904
1792
64
0
220288
1856
64
0
220672
1920
64
0
221056
1984
64
0
209216
0
64
0
209600
64
64
0
209984
128
64
0
210368
192
64
0
210752
256
64
0
211136
320
64
0
211520
384
64
0
211904
448
64
0
212288
512
64
0
212672
576
64
0
213056
640
64
0
213440
704
64
0
213824
768
64
0
214208
832
64
0
214592
896
64
0
214976
960
64
0
215360
1024
64
0
215744
1088
64
0
216128
1152
64
0
216512
1216
64
0
216896
1280
64
0
217280
1344
64
0
217664
1408
64
0
218048
1472
64
0
218432
1536
64
0
218816
1600
64
0
219200
1664
64
0
219584
1728
64
0
219968
1792
64
0
220352
1856
64
0
220736
1920
64
0
221120
1984
64
0
221184
0
64
0
221568
64
64
0
221952
128
64
0
222336
192
64
0
222720
256
64
0
223104
320
64
0
223488
384
64
0
223872
448
64
0
224256
512
64
0
224640
576
64
0
225024
640
64
0
225408
704
64
0
225792
768
64
0
226176
832
64
0
226560
896
64
0
226944
960
64
0
227328
1024
64
0
227712
1088
64
0
228096
1152
64
0
228480
1216
64
0
228864
1280
64
0
229248
1344
64
0
229632
1408
64
0
230016
1472
64
0
230400
1536
64
0
230784
1600
64
0
231168
1664
64
0
231552
1728
64
0
231936
1792
64
0
232320
1856
64
0
232704
1920
64
0
233088
1984
64
0
221248
0
64
0
221632
64
64
0
222016
128
64
0
222400
192
64
0
222784
256
64
0
223168
320
64
0
223552
384
64
0
223936
448
64
0
224320
512
64
0
224704
576
64
0
225088
640
64
0
225472
704
64
0
225856
768
64
0
226240
832
64
0
226624
896
64
0
227008
960
64
0
227392
1024
64
0
227776
1088
64
0
228160
1152
64
0
228544
1216
64
0
228928
1280
64
0
229312
1344
64
0
229696
1408
64
0
230080
1472
64
0
230464
1536
64
0
230848
1600
64
0
231232
1664
64
0
231616
1728
64
0
232000
1792
64
0
232384
1856
64
0
232768
1920
64
0
233152
1984
64
0
221312
0
64
0
221696
64
64
0
222080
128
64
0
222464
192
64
0
222848
256
64
0
223232
320
64
0
223616
384
64
0
224000
448
64
0
224384
512
64
0
224768
576
64
0
225152
640
64
0
225536
704
64
0
225920
768
64
0
226304
832
64
0
226688
896
64
0
227072
960
64
0
227456
1024
64
0
227840
1088
64
0
228224
1152
64
0
228608
1216
64
0
228992
1280
64
0
229376
1344
64
0
229760
1408
64
0
230144
1472
64
0
230528
1536
64
0
230912
1600
64
0
231296
1664
64
0
231680
1728
64
0
232064
1792
64
0
232448
1856
64
0
232832
1920
64
0
233216
1984
64
0
221376
0
64
0
221760
64
64
0
222144
128
64
0
222528
192
64
0
222912
256
64
0
223296
320
64
0
223680
384
64
0
224064
448
64
0
224448
512
64
0
224832
576
64
0
225216
640
64
0
225600
704
64
0
225984
768
64
0
226368
832
64
0
226752
896
64
0
227136
960
64
0
227520
1024
64
0
227904
1088
64
0
228288
1152
64
0
228672
1216
64
0
229056
1280
64
0
229440
1344
64
0
229824
1408
64
0
230208
1472
64
0
230592
1536
64
0
230976
1600
64
0
231360
1664
64
0
231744
1728
64
0
232128
1792
64
0
232512
1856
64
0
232896
1920
64
0
233280
1984
64
0
221440
0
64
0
221824
64
64
0
222208
128
64
0
222592
192
64
0
222976
256
64
0
223360
320
64
0
223744
384
64
0
224128
448
64
0
224512
512
64
0
224896
576
64
0
225280
640
64
0
225664
704
64
0
226048
768
64
0
226432
832
64
0
226816
896
64
0
227200
960
64
0
227584
1024
64
0
227968
1088
64
0
228352
1152
64
0
228736
1216
64
0
229120
1280
64
0
229504
1344
64
0
229888
1408
64
0
230272
1472
64
0
230656
1536
64
0
231040
1600
64
0
231424
1664
64
0
231808
1728
64
0
232192
1792
64
0
232576
1856
64
0
232960
1920
64
0
233344
1984
64
0
221504
0
64
0
221888
64
64
0
222272
128
64
0
222656
192
64
0
223040
256
64
0
223424
320
64
0
223808
384
64
0
224192
448
64
0
224576
512
64
0
224960
576
64
0
225344
640
64
0
225728
704
64
0
226112
768
64
0
226496
832
64
0
226880
896
64
0
227264
960
64
0
227648
1024
64
0
228032
1088
64
0
228416
1152
64
0
228800
1216
64
0
229184
1280
64
0
229568
1344
64
0
229952
1408
64
0
230336
1472
64
0
230720
1536
64
0
231104
1600
64
0
231488
1664
64
0
231872
1728
64
0
232256
1792
64
0
232640
1856
64
0
233024
1920
64
0
233408
1984
64
0
233472
0
64
0
233856
64
64
0
234240
128
64
0
234624
192
64
0
235008
256
64
0
235392
320
64
0
235776
384
64
0
236160
448
64
0
236544
512
64
0
236928
576
64
0
237312
640
64
0
237696
704
64
0
238080
768
64
0
238464
832
64
0
238848
896
64
0
239232
960
64
0
239616
1024
64
0
240000
1088
64
0
240384
1152
64
0
240768
1216
64
0
241152
1280
64
0
241536
1344
64
0
241920
1408
64
0
242304
1472
64
0
242688
1536
64
0
243072
1600
64
0
243456
1664
64
0
243840
1728
64
0
244224
1792
64
0
244608
1856
64
0
244992
1920
64
0
245376
1984
64
0
233536
0
64
0
233920
64
64
0
234304
128
64
0
234688
192
64
0
235072
256
64
0
235456
320
64
0
235840
384
64
0
236224
448
64
0
236608
512
64
0
236992
576
64
0
237376
640
64
0
237760
704
64
0
238144
768
64
0
238528
832
64
0
238912
896
64
0
239296
960
64
0
239680
1024
64
0
240064
1088
64
0
240448
1152
64
0
240832
1216
64
0
241216
1280
64
0
241600
1344
64
0
241984
1408
64
0
242368
1472
64
0
242752
1536
64
0
243136
1600
64
0
243520
1664
64
0
243904
1728
64
0
244288
1792
64
0
244672
1856
64
0
245056
1920
64
0
245440
1984
64
0
233600
0
64
0
233984
64
64
0
234368
128
64
0
234752
192
64
0
235136
256
64
0
235520
320
64
0
235904
384
64
0
236288
448
64
0
236672
512
64
0
237056
576
64
0
237440
640
64
0
237824
704
64
0
238208
768
64
0
238592
832
64
0
238976
896
64
0
239360
960
64
0
239744
1024
64
0
240128
1088
64
0
240512
1152
64
0
240896
1216
64
0
241280
1280
64
0
241664
1344
64
0
242048
1408
64
0
242432
1472
64
0
242816
1536
64
0
243200
1600
64
0
243584
1664
64
0
243968
1728
64
0
244352
1792
64
0
244736
1856
64
0
245120
1920
64
0
245504
1984
64
0
233664
0
64
0
234048
64
64
0
234432
128
64
0
234816
192
64
0
235200
256
64
0
235584
320
64
0
235968
384
64
0
236352
448
64
0
236736
512
64
0
237120
576
64
0
237504
640
64
0
237888
704
64
0
238272
768
64
0
238656
832
64
0
239040
896
64
0
239424
960
64
0
239808
1024
64
0
240192
1088
64
0
240576
1152
64
0
240960
1216
64
0
241344
1280
64
0
241728
1344
64
0
242112
1408
64
0
242496
1472
64
0
242880
1536
64
0
243264
1600
64
0
243648
1664
64
0
244032
1728
64
0
244416
1792
64
0
244800
1856
64
0
245184
1920
64
0
245568
1984
64
0
233728
0
64
0
234112
64
64
0
234496
128
64
0
234880
192
64
0
235264
256
64
0
235648
320
64
0
236032
384
64
0
236416
448
64
0
236800
512
64
0
237184
576
64
0
237568
640
64
0
237952
704
64
0
238336
768
64
0
238720
832
64
0
239104
896
64
0
239488
960
64
0
239872
1024
64
0
240256
1088
64
0
240640
1152
64
0
241024
1216
64
0
241408
1280
64
0
241792
1344
64
0
242176
1408
64
0
242560
1472
64
0
242944
1536
64
0
243328
1600
64
0
243712
1664
64
0
244096
1728
64
0
244480
1792
64
0
244864
1856
64
0
245248
1920
64
0
245632
1984
64
0
233792
0
64
0
234176
64
64
0
234560
128
64
0
234944
192
64
0
235328
256
64
0
235712
320
64
0
236096
384
64
0
236480
448
64
0
236864
512
64
0
237248
576
64
0
237632
640
64
0
238016
704
64
0
238400
768
64
0
238784
832
64
0
239168
896
64
0
239552
960
64
0
239936
1024
64
0
240320
1088
64
0
240704
1152
64
0
241088
1216
64
0
241472
1280
64
0
241856
1344
64
0
242240
1408
64
0
242624
1472
64
0
243008
1536
64
0
243392
1600
64
0
243776
1664
64
0
244160
1728
64
0
244544
1792
64
0
244928
1856
64
0
245312
1920
64
0
245696
1984
64
0
245760
0
64
0
246144
64
64
0
246528
128
64
0
246912
192
64
0
247296
256
64
0
247680
320
64
0
248064
384
64
0
248448
448
64
0
248832
512
64
0
249216
576
64
0
249600
640
64
0
249984
704
64
0
250368
768
64
0
250752
832
64
0
251136
896
64
0
251520
960
64
0
251904
1024
64
0
252288
1088
64
0
252672
1152
64
0
253056
1216
64
0
253440
1280
64
0
253824
1344
64
0
254208
1408
64
0
254592
1472
64
0
254976
1536
64
0
255360
1600
64
0
255744
1664
64
0
256128
1728
64
0
256512
1792
64
0
256896
1856
64
0
257280
1920
64
0
257664
1984
64
0
245824
0
64
0
246208
64
64
0
246592
128
64
0
246976
192
64
0
247360
256
64
0
247744
320
64
0
248128
384
64
0
248512
448
64
0
248896
512
64
0
249280
576
64
0
249664
640
64
0
250048
704
64
0
250432
768
64
0
250816
832
64
0
251200
896
64
0
251584
960
64
0
251968
1024
64
0
252352
1088
64
0
252736
1152
64
0
253120
1216
64
0
253504
1280
64
0
253888
1344
64
0
254272
1408
64
0
254656
1472
64
0
255040
1536
64
0
255424
1600
64
0
255808
1664
64
0
256192
1728
64
0
256576
1792
64
0
256960
1856
64
0
257344
1920
64
0
257728
1984
64
0
245888
0
64
0
246272
64
64
0
246656
128
64
0
247040
192
64
0
247424
256
64
0
247808
320
64
0
248192
384
64
0
248576
448
64
0
248960
512
64
0
249344
576
64
0
249728
640
64
0
250112
704
64
0
250496
768
64
0
250880
832
64
0
251264
896
64
0
251648
960
64
0
252032
1024
64
0
252416
1088
64
0
252800
1152
64
0
253184
1216
64
0
253568
1280
64
0
253952
1344
64
0
254336
1408
64
0
254720
1472
64
0
255104
1536
64
0
255488
1600
64
0
255872
1664
64
0
256256
1728
64
0
256640
1792
64
0
257024
1856
64
0
257408
1920
64
0
257792
1984
64
0
245952
0
64
0
246336
64
64
0
246720
128
64
0
247104
192
64
0
247488
256
64
0
247872
320
64
0
248256
384
64
0
248640
448
64
0
249024
512
64
0
249408
576
64
0
249792
640
64
0
250176
704
64
0
250560
768
64
0
250944
832
64
0
251328
896
64
0
251712
960
64
0
252096
1024
64
0
252480
1088
64
0
252864
1152
64
0
253248
1216
64
0
253632
1280
64
0
254016
1344
64
0
254400
1408
64
0
254784
1472
64
0
255168
1536
64
0
255552
1600
64
0
255936
1664
64
0
256320
1728
64
0
256704
1792
64
0
257088
1856
64
0
257472
1920
64
0
257856
1984
64
0
246016
0
64
0
246400
64
64
0
246784
128
64
0
247168
192
64
0
247552
256
64
0
247936
320
64
0
248320
384
64
0
248704
448
64
0
249088
512
64
0
249472
576
64
0
249856
640
64
0
250240
704
64
0
250624
768
64
0
251008
832
64
0
251392
896
64
0
251776
960
64
0
252160
1024
64
0
252544
1088
64
0
252928
1152
64
0
253312
1216
64
0
253696
1280
64
0
254080
1344
64
0
254464
1408
64
0
254848
1472
64
0
255232
1536
64
0
255616
1600
64
0
256000
1664
64
0
256384
1728
64
0
256768
1792
64
0
257152
1856
64
0
257536
1920
64
0
257920
1984
64
0
246080
0
64
0
246464
64
64
0
246848
128
64
0
247232
192
64
0
247616
256
64
0
248000
320
64
0
248384
384
64
0
248768
448
64
0
249152
512
64
0
249536
576
64
0
249920
640
64
0
250304
704
64
0
250688
768
64
0
251072
832
64
0
251456
896
64
0
251840
960
64
0
252224
1024
64
0
252608
1088
64
0
252992
1152
64
0
253376
1216
64
0
253760
1280
64
0
254144
1344
64
0
254528
1408
64
0
254912
1472
64
0
255296
1536
64
0
255680
1600
64
0
256064
1664
64
0
256448
1728
64
0
256832
1792
64
0
257216
1856
64
0
257600
1920
64
0
257984
1984
64
0
258048
0
64
0
258432
64
64
0
258816
128
64
0
259200
192
64
0
259584
256
64
0
259968
320
64
0
260352
384
64
0
260736
448
64
0
261120
512
64
0
261504
576
64
0
261888
640
64
0
262272
704
64
0
262656
768
64
0
263040
832
64
0
263424
896
64
0
263808
960
64
0
264192
1024
64
0
264576
1088
64
0
264960
1152
64
0
265344
1216
64
0
265728
1280
64
0
266112
1344
64
0
266496
1408
64
0
266880
1472
64
0
267264
1536
64
0
267648
1600
64
0
268032
1664
64
0
268416
1728
64
0
268800
1792
64
0
269184
1856
64
0
269568
1920
64
0
269952
1984
64
0
258112
0
64
0
258496
64
64
0
258880
128
64
0
259264
192
64
0
259648
256
64
0
260032
320
64
0
260416
384
64
0
260800
448
64
0
261184
512
64
0
261568
576
64
0
261952
640
64
0
262336
704
64
0
262720
768
64
0
263104
832
64
0
263488
896
64
0
263872
960
64
0
264256
1024
64
0
264640
1088
64
0
265024
1152
64
0
265408
1216
64
0
265792
1280
64
0
266176
1344
64
0
266560
1408
64
0
266944
1472
64
0
267328
1536
64
0
267712
1600
64
0
268096
1664
64
0
268480
1728
64
0
268864
1792
64
0
269248
1856
64
0
269632
1920
64
0
270016
1984
64
0
258176
0
64
0
258560
64
64
0
258944
128
64
0
259328
192
64
0
259712
256
64
0
260096
320
64
0
260480
384
64
0
260864
448
64
0
261248
512
64
0
261632
576
64
0
262016
640
64
0
262400
704
64
0
262784
768
64
0
263168
832
64
0
263552
896
64
0
263936
960
64
0
264320
1024
64
0
264704
1088
64
0
265088
1152
64
0
265472
1216
64
0
265856
1280
64
0
266240
1344
64
0
266624
1408
64
0
267008
1472
64
0
267392
1536
64
0
267776
1600
64
0
268160
1664
64
0
268544
1728
64
0
268928
1792
64
0
269312
1856
64
0
269696
1920
64
0
270080
1984
64
0
258240
0
64
0
258624
64
64
0
259008
128
64
0
259392
192
64
0
259776
256
64
0
260160
320
64
0
260544
384
64
0
260928
448
64
0
261312
512
64
0
261696
576
64
0
262080
640
64
0
262464
704
64
0
262848
768
64
0
263232
832
64
0
263616
896
64
0
264000
960
64
0
264384
1024
64
0
264768
1088
64
0
265152
1152
64
0
265536
1216
64
0
265920
1280
64
0
266304
1344
64
0
266688
1408
64
0
267072
1472
64
0
267456
1536
64
0
267840
1600
64
0
268224
1664
64
0
268608
1728
64
0
268992
1792
64
0
269376
1856
64
0
269760
1920
64
0
270144
1984
64
0
258304
0
64
0
258688
64
64
0
259072
128
64
0
259456
192
64
0
259840
256
64
0
260224
320
64
0
260608
384
64
0
260992
448
64
0
261376
512
64
0
261760
576
64
0
262144
640
64
0
262528
704
64
0
262912
768
64
0
263296
832
64
0
263680
896
64
0
264064
960
64
0
264448
1024
64
0
264832
1088
64
0
265216
1152
64
0
265600
1216
64
0
265984
1280
64
0
266368
1344
64
0
266752
1408
64
0
267136
1472
64
0
267520
1536
64
0
267904
1600
64
0
268288
1664
64
0
268672
1728
64
0
269056
1792
64
0
269440
1856
64
0
269824
1920
64
0
270208
1984
64
0
258368
0
64
0
258752
64
64
0
259136
128
64
0
259520
192
64
0
259904
256
64
0
260288
320
64
0
260672
384
64
0
261056
448
64
0
261440
512
64
0
261824
576
64
0
262208
640
64
0
262592
704
64
0
262976
768
64
0
263360
832
64
0
263744
896
64
0
264128
960
64
0
264512
1024
64
0
264896
1088
64
0
265280
1152
64
0
265664
1216
64
0
266048
1280
64
0
266432
1344
64
0
266816
1408
64
0
267200
1472
64
0
267584
1536
64
0
267968
1600
64
0
268352
1664
64
0
268736
1728
64
0
269120
1792
64
0
269504
1856
64
0
269888
1920
64
0
270272
1984
64
0
270336
0
64
0
270720
64
64
0
271104
128
64
0
271488
192
64
0
271872
256
64
0
272256
320
64
0
272640
384
64
0
273024
448
64
0
273408
512
64
0
273792
576
64
0
274176
640
64
0
274560
704
64
0
274944
768
64
0
275328
832
64
0
275712
896
64
0
276096
960
64
0
276480
1024
64
0
276864
1088
64
0
277248
1152
64
0
277632
1216
64
0
278016
1280
64
0
278400
1344
64
0
278784
1408
64
0
279168
1472
64
0
279552
1536
64
0
279936
1600
64
0
280320
1664
64
0
280704
1728
64
0
281088
1792
64
0
281472
1856
64
0
281856
1920
64
0
282240
1984
64
0
270400
0
64
0
270784
64
64
0
271168
128
64
0
271552
192
64
0
271936
256
64
0
272320
320
64
0
272704
384
64
0
273088
448
64
0
273472
512
64
0
273856
576
64
0
274240
640
64
0
274624
704
64
0
275008
768
64
0
275392
832
64
0
275776
896
64
0
276160
960
64
0
276544
1024
64
0
276928
1088
64
0
277312
1152
64
0
277696
1216
64
0
278080
1280
64
0
278464
1344
64
0
278848
1408
64
0
279232
1472
64
0
279616
1536
64
0
280000
1600
64
0
280384
1664
64
0
280768
1728
64
0
281152
1792
64
0
281536
1856
64
0
281920
1920
64
0
282304
1984
64
0
270464
0
64
0
270848
64
64
0
271232
128
64
0
271616
192
64
0
272000
256
64
0
272384
320
64
0
272768
384
64
0
273152
448
64
0
273536
512
64
0
273920
576
64
0
274304
640
64
0
274688
704
64
0
275072
768
64
0
275456
832
64
0
275840
896
64
0
276224
960
64
0
276608
1024
64
0
276992
1088
64
0
277376
1152
64
0
277760
1216
64
0
278144
1280
64
0
278528
1344
64
0
278912
1408
64
0
279296
1472
64
0
279680
1536
64
0
280064
1600
64
0
280448
1664
64
0
280832
1728
64
0
281216
1792
64
0
281600
1856
64
0
281984
1920
64
0
282368
1984
64
0
270528
0
64
0
270912
64
64
0
271296
128
64
0
271680
192
64
0
272064
256
64
0
272448
320
64
0
272832
384
64
0
273216
448
64
0
273600
512
64
0
273984
576
64
0
274368
640
64
0
274752
704
64
0
275136
768
64
0
275520
832
64
0
275904
896
64
0
276288
960
64
0
276672
1024
64
0
277056
1088
64
0
277440
1152
64
0
277824
1216
64
0
278208
1280
64
0
278592
1344
64
0
278976
1408
64
0
279360
1472
64
0
279744
1536
64
0
280128
1600
64
0
280512
1664
64
0
280896
1728
64
0
281280
1792
64
0
281664
1856
64
0
282048
1920
64
0
282432
1984
64
0
270592
0
64
0
270976
64
64
0
271360
128
64
0
271744
192
64
0
272128
256
64
0
272512
320
64
0
272896
384
64
0
273280
448
64
0
273664
512
64
0
274048
576
64
0
274432
640
64
0
274816
704
64
0
275200
768
64
0
275584
832
64
0
275968
896
64
0
276352
960
64
0
276736
1024
64
0
277120
1088
64
0
277504
1152
64
0
277888
1216
64
0
278272
1280
64
0
278656
1344
64
0
279040
1408
64
0
279424
1472
64
0
279808
1536
64
0
280192
1600
64
0
280576
1664
64
0
280960
1728
64
0
281344
1792
64
0
281728
1856
64
0
282112
1920
64
0
282496
1984
64
0
270656
0
64
0
271040
64
64
0
271424
128
64
0
271808
192
64
0
272192
256
64
0
272576
320
64
0
272960
384
64
0
273344
448
64
0
273728
512
64
0
274112
576
64
0
274496
640
64
0
274880
704
64
0
275264
768
64
0
275648
832
64
0
276032
896
64
0
276416
960
64
0
276800
1024
64
0
277184
1088
64
0
277568
1152
64
0
277952
1216
64
0
278336
1280
64
0
278720
1344
64
0
279104
1408
64
0
279488
1472
64
0
279872
1536
64
0
280256
1600
64
0
280640
1664
64
0
281024
1728
64
0
281408
1792
64
0
281792
1856
64
0
282176
1920
64
0
282560
1984
64
0
282624
0
64
0
283008
64
64
0
283392
128
64
0
283776
192
64
0
284160
256
64
0
284544
320
64
0
284928
384
64
0
285312
448
64
0
285696
512
64
0
286080
576
64
0
286464
640
64
0
286848
704
64
0
287232
768
64
0
287616
832
64
0
288000
896
64
0
288384
960
64
0
288768
1024
64
0
289152
1088
64
0
289536
1152
64
0
289920
1216
64
0
290304
1280
64
0
290688
1344
64
0
291072
1408
64
0
291456
1472
64
0
291840
1536
64
0
292224
1600
64
0
292608
1664
64
0
292992
1728
64
0
293376
1792
64
0
293760
1856
64
0
294144
1920
64
0
294528
1984
64
0
282688
0
64
0
283072
64
64
0
283456
128
64
0
283840
192
64
0
284224
256
64
0
284608
320
64
0
284992
384
64
0
285376
448
64
0
285760
512
64
0
286144
576
64
0
286528
640
64
0
286912
704
64
0
287296
768
64
0
287680
832
64
0
288064
896
64
0
288448
960
64
0
288832
1024
64
0
289216
1088
64
0
289600
1152
64
0
289984
1216
64
0
290368
1280
64
0
290752
1344
64
0
291136
1408
64
0
291520
1472
64
0
291904
1536
64
0
292288
1600
64
0
292672
1664
64
0
293056
1728
64
0
293440
1792
64
0
293824
1856
64
0
294208
1920
64
0
294592
1984
64
0
282752
0
64
0
283136
64
64
0
283520
128
64
0
283904
192
64
0
284288
256
64
0
284672
320
64
0
285056
384
64
0
285440
448
64
0
285824
512
64
0
286208
576
64
0
286592
640
64
0
286976
704
64
0
287360
768
64
0
287744
832
64
0
288128
896
64
0
288512
960
64
0
288896
1024
64
0
289280
1088
64
0
289664
1152
64
0
290048
1216
64
0
290432
1280
64
0
290816
1344
64
0
291200
1408
64
0
291584
1472
64
0
291968
1536
64
0
292352
1600
64
0
292736
1664
64
0
293120
1728
64
0
293504
1792
64
0
293888
1856
64
0
294272
1920
64
0
294656
1984
64
0
282816
0
64
0
283200
64
64
0
283584
128
64
0
283968
192
64
0
284352
256
64
0
284736
320
64
0
285120
384
64
0
285504
448
64
0
285888
512
64
0
286272
576
64
0
286656
640
64
0
287040
704
64
0
287424
768
64
0
287808
832
64
0
288192
896
64
0
288576
960
64
0
288960
1024
64
0
289344
1088
64
0
289728
1152
64
0
290112
1216
64
0
290496
1280
64
0
290880
1344
64
0
291264
1408
64
0
291648
1472
64
0
292032
1536
64
0
292416
1600
64
0
292800
1664
64
0
293184
1728
64
0
293568
1792
64
0
293952
1856
64
0
294336
1920
64
0
294720
1984
64
0
282880
0
64
0
283264
64
64
0
283648
128
64
0
284032
192
64
0
284416
256
64
0
284800
320
64
0
285184
384
64
0
285568
448
64
0
285952
512
64
0
286336
576
64
0
286720
640
64
0
287104
704
64
0
287488
768
64
0
287872
832
64
0
288256
896
64
0
288640
960
64
0
289024
1024
64
0
289408
1088
64
0
289792
1152
64
0
290176
1216
64
0
290560
1280
64
0
290944
1344
64
0
291328
1408
64
0
291712
1472
64
0
292096
1536
64
0
292480
1600
64
0
292864
1664
64
0
293248
1728
64
0
293632
1792
64
0
294016
1856
64
0
294400
1920
64
0
294784
1984
64
0
282944
0
64
0
283328
64
64
0
283712
128
64
0
284096
192
64
0
284480
256
64
0
284864
320
64
0
285248
384
64
0
285632
448
64
0
286016
512
64
0
286400
576
64
0
286784
640
64
0
287168
704
64
0
287552
768
64
0
287936
832
64
0
288320
896
64
0
288704
960
64
0
289088
1024
64
0
289472
1088
64
0
289856
1152
64
0
290240
1216
64
0
290624
1280
64
0
291008
1344
64
0
291392
1408
64
0
291776
1472
64
0
292160
1536
64
0
292544
1600
64
0
292928
1664
64
0
293312
1728
64
0
293696
1792
64
0
294080
1856
64
0
294464
1920
64
0
294848
1984
64
0
294912
0
64
0
295296
64
64
0
295680
128
64
0
296064
192
64
0
296448
256
64
0
296832
320
64
0
297216
384
64
0
297600
448
64
0
297984
512
64
0
298368
576
64
0
298752
640
64
0
299136
704
64
0
299520
768
64
0
299904
832
64
0
300288
896
64
0
300672
960
64
0
0
1024
64
1
0
1088
64
1
0
1152
64
1
0
1216
64
1
0
1280
64
1
0
1344
64
1
0
1408
64
1
0
1472
64
1
0
1536
64
1
0
1600
64
1
0
1664
64
1
0
1728
64
1
0
1792
64
1
0
1856
64
1
0
1920
64
1
0
1984
64
1
294976
0
64
0
295360
64
64
0
295744
128
64
0
296128
192
64
0
296512
256
64
0
296896
320
64
0
297280
384
64
0
297664
448
64
0
298048
512
64
0
298432
576
64
0
298816
640
64
0
299200
704
64
0
299584
768
64
0
299968
832
64
0
300352
896
64
0
300736
960
64
0
64
1024
64
1
64
1088
64
1
64
1152
64
1
64
1216
64
1
64
1280
64
1
64
1344
64
1
64
1408
64
1
64
1472
64
1
64
1536
64
1
64
1600
64
1
64
1664
64
1
64
1728
64
1
64
1792
64
1
64
1856
64
1
64
1920
64
1
64
1984
64
1
295040
0
64
0
295424
64
64
0
295808
128
64
0
296192
192
64
0
296576
256
64
0
296960
320
64
0
297344
384
64
0
297728
448
64
0
298112
512
64
0
298496
576
64
0
298880
640
64
0
299264
704
64
0
299648
768
64
0
300032
832
64
0
300416
896
64
0
300800
960
64
0
128
1024
64
1
128
1088
64
1
128
1152
64
1
128
1216
64
1
128
1280
64
1
128
1344
64
1
128
1408
64
1
128
1472
64
1
128
1536
64
1
128
1600
64
1
128
1664
64
1
128
1728
64
1
128
1792
64
1
128
1856
64
1
128
1920
64
1
128
1984
64
1
295104
0
64
0
295488
64
64
0
295872
128
64
0
296256
192
64
0
296640
256
64
0
297024
320
64
0
297408
384
64
0
297792
448
64
0
298176
512
64
0
298560
576
64
0
298944
640
64
0
299328
704
64
0
299712
768
64
0
300096
832
64
0
300480
896
64
0
300864
960
64
0
192
1024
64
1
192
1088
64
1
192
1152
64
1
192
1216
64
1
192
1280
64
1
192
1344
64
1
192
1408
64
1
192
1472
64
1
192
1536
64
1
192
1600
64
1
192
1664
64
1
192
1728
64
1
192
1792
64
1
192
1856
64
1
192
1920
64
1
192
1984
64
1
295168
0
64
0
295552
64
64
0
295936
128
64
0
296320
192
64
0
296704
256
64
0
297088
320
64
0
297472
384
64
0
297856
448
64
0
298240
512
64
0
298624
576
64
0
299008
640
64
0
299392
704
64
0
299776
768
64
0
300160
832
64
0
300544
896
64
0
300928
960
64
0
256
1024
64
1
256
1088
64
1
256
1152
64
1
256
1216
64
1
256
1280
64
1
256
1344
64
1
256
1408
64
1
256
1472
64
1
256
1536
64
1
256
1600
64
1
256
1664
64
1
256
1728
64
1
256
1792
64
1
256
1856
64
1
256
1920
64
1
256
1984
64
1
295232
0
64
0
295616
64
64
0
296000
128
64
0
296384
192
64
0
296768
256
64
0
297152
320
64
0
297536
384
64
0
297920
448
64
0
298304
512
64
0
298688
576
64
0
299072
640
64
0
299456
704
64
0
299840
768
64
0
300224
832
64
0
300608
896
64
0
300992
960
64
0
320
1024
64
1
320
1088
64
1
320
1152
64
1
320
1216
64
1
320
1280
64
1
320
1344
64
1
320
1408
64
1
320
1472
64
1
320
1536
64
1
320
1600
64
1
320
1664
64
1
320
1728
64
1
320
1792
64
1
320
1856
64
1
320
1920
64
1
320
1984
64
1
