0
0
64
1
0
64
64
1
0
128
64
1
0
192
64
1
0
256
64
1
0
320
64
1
0
384
64
1
0
448
64
1
0
512
64
1
0
576
64
1
0
640
64
1
0
704
64
1
0
768
64
1
0
832
64
1
0
896
64
0
128
960
64
0
256
1024
64
0
384
1088
64
0
512
1152
64
0
640
1216
64
0
768
1280
64
0
896
1344
64
0
1024
1408
64
0
1152
1472
64
0
1280
1536
64
0
1408
1600
64
0
0
1664
64
1
1664
1728
64
0
1792
1792
64
0
1920
1856
64
0
2048
1920
64
0
2176
1984
64
0
64
0
64
1
64
64
64
1
64
128
64
1
64
192
64
1
64
256
64
1
64
320
64
1
64
384
64
1
64
448
64
1
64
512
64
1
64
576
64
1
64
640
64
1
64
704
64
1
64
768
64
1
64
832
64
1
64
896
64
0
192
960
64
0
320
1024
64
0
448
1088
64
0
576
1152
64
0
704
1216
64
0
832
1280
64
0
960
1344
64
0
1088
1408
64
0
1216
1472
64
0
1344
1536
64
0
1472
1600
64
0
64
1664
64
1
1728
1728
64
0
1856
1792
64
0
1984
1856
64
0
2112
1920
64
0
2240
1984
64
0
0
0
64
1
0
64
64
1
0
128
64
1
0
192
64
1
0
256
64
1
0
320
64
1
0
384
64
1
0
448
64
1
0
512
64
1
0
576
64
1
0
640
64
1
0
704
64
1
0
768
64
1
0
832
64
0
128
896
64
0
256
960
64
0
384
1024
64
0
512
1088
64
0
640
1152
64
0
768
1216
64
0
896
1280
64
0
1024
1344
64
0
1152
1408
64
0
1280
1472
64
0
1408
1536
64
0
1536
1600
64
0
1664
1664
64
0
1792
1728
64
0
1920
1792
64
0
2048
1856
64
0
2176
1920
64
0
2304
1984
64
0
64
0
64
1
64
64
64
1
64
128
64
1
64
192
64
1
64
256
64
1
64
320
64
1
64
384
64
1
64
448
64
1
64
512
64
1
64
576
64
1
64
640
64
1
64
704
64
1
64
768
64
1
64
832
64
0
192
896
64
0
320
960
64
0
448
1024
64
0
576
1088
64
0
704
1152
64
0
832
1216
64
0
960
1280
64
0
1088
1344
64
0
1216
1408
64
0
1344
1472
64
0
1472
1536
64
0
1600
1600
64
0
1728
1664
64
0
1856
1728
64
0
1984
1792
64
0
2112
1856
64
0
2240
1920
64
0
2368
1984
64
0
0
0
64
1
0
64
64
1
0
128
64
1
0
192
64
1
0
256
64
1
0
320
64
1
0
384
64
1
0
448
64
1
0
512
64
1
0
576
64
1
0
640
64
1
0
704
64
1
0
768
64
1
128
832
64
0
256
896
64
0
384
960
64
0
512
1024
64
0
640
1088
64
0
768
1152
64
0
896
1216
64
0
1024
1280
64
0
1152
1344
64
0
1280
1408
64
0
1408
1472
64
0
1536
1536
64
0
0
1600
64
1
1792
1664
64
0
1920
1728
64
0
2048
1792
64
0
2176
1856
64
0
2304
1920
64
0
2432
1984
64
0
64
0
64
1
64
64
64
1
64
128
64
1
64
192
64
1
64
256
64
1
64
320
64
1
64
384
64
1
64
448
64
1
64
512
64
1
64
576
64
1
64
640
64
1
64
704
64
1
64
768
64
1
192
832
64
0
320
896
64
0
448
960
64
0
576
1024
64
0
704
1088
64
0
832
1152
64
0
960
1216
64
0
1088
1280
64
0
1216
1344
64
0
1344
1408
64
0
1472
1472
64
0
1600
1536
64
0
64
1600
64
1
1856
1664
64
0
1984
1728
64
0
2112
1792
64
0
2240
1856
64
0
2368
1920
64
0
2496
1984
64
0
0
0
64
1
0
64
64
0
128
128
64
0
256
192
64
0
384
256
64
0
512
320
64
0
640
384
64
0
768
448
64
0
896
512
64
0
1024
576
64
0
1152
640
64
0
1280
704
64
0
1408
768
64
0
0
832
64
1
1664
896
64
0
1792
960
64
0
1920
1024
64
0
2048
1088
64
0
2176
1152
64
0
2304
1216
64
0
2432
1280
64
0
2560
1344
64
0
2688
1408
64
0
2816
1472
64
0
2944
1536
64
0
3072
1600
64
0
0
1664
64
1
3328
1728
64
0
3456
1792
64
0
3584
1856
64
0
3712
1920
64
0
3840
1984
64
0
64
0
64
1
64
64
64
0
192
128
64
0
320
192
64
0
448
256
64
0
576
320
64
0
704
384
64
0
832
448
64
0
960
512
64
0
1088
576
64
0
1216
640
64
0
1344
704
64
0
1472
768
64
0
64
832
64
1
1728
896
64
0
1856
960
64
0
1984
1024
64
0
2112
1088
64
0
2240
1152
64
0
2368
1216
64
0
2496
1280
64
0
2624
1344
64
0
2752
1408
64
0
2880
1472
64
0
3008
1536
64
0
3136
1600
64
0
64
1664
64
1
3392
1728
64
0
3520
1792
64
0
3648
1856
64
0
3776
1920
64
0
3904
1984
64
0
0
0
64
0
128
64
64
0
256
128
64
0
384
192
64
0
512
256
64
0
640
320
64
0
768
384
64
0
896
448
64
0
1024
512
64
0
1152
576
64
0
1280
640
64
0
1408
704
64
0
1536
768
64
0
1664
832
64
0
1792
896
64
0
1920
960
64
0
2048
1024
64
0
2176
1088
64
0
2304
1152
64
0
2432
1216
64
0
2560
1280
64
0
2688
1344
64
0
2816
1408
64
0
2944
1472
64
0
3072
1536
64
0
3200
1600
64
0
3328
1664
64
0
3456
1728
64
0
3584
1792
64
0
3712
1856
64
0
3840
1920
64
0
3968
1984
64
0
64
0
64
0
192
64
64
0
320
128
64
0
448
192
64
0
576
256
64
0
704
320
64
0
832
384
64
0
960
448
64
0
1088
512
64
0
1216
576
64
0
1344
640
64
0
1472
704
64
0
1600
768
64
0
1728
832
64
0
1856
896
64
0
1984
960
64
0
2112
1024
64
0
2240
1088
64
0
2368
1152
64
0
2496
1216
64
0
2624
1280
64
0
2752
1344
64
0
2880
1408
64
0
3008
1472
64
0
3136
1536
64
0
3264
1600
64
0
3392
1664
64
0
3520
1728
64
0
3648
1792
64
0
3776
1856
64
0
3904
1920
64
0
4032
1984
64
0
128
0
64
0
256
64
64
0
384
128
64
0
512
192
64
0
640
256
64
0
768
320
64
0
896
384
64
0
1024
448
64
0
1152
512
64
0
1280
576
64
0
1408
640
64
0
1536
704
64
0
0
768
64
1
1792
832
64
0
1920
896
64
0
2048
960
64
0
2176
1024
64
0
2304
1088
64
0
2432
1152
64
0
2560
1216
64
0
2688
1280
64
0
2816
1344
64
0
2944
1408
64
0
3072
1472
64
0
3200
1536
64
0
0
1600
64
1
3456
1664
64
0
3584
1728
64
0
3712
1792
64
0
3840
1856
64
0
3968
1920
64
0
4096
1984
64
0
192
0
64
0
320
64
64
0
448
128
64
0
576
192
64
0
704
256
64
0
832
320
64
0
960
384
64
0
1088
448
64
0
1216
512
64
0
1344
576
64
0
1472
640
64
0
1600
704
64
0
64
768
64
1
1856
832
64
0
1984
896
64
0
2112
960
64
0
2240
1024
64
0
2368
1088
64
0
2496
1152
64
0
2624
1216
64
0
2752
1280
64
0
2880
1344
64
0
3008
1408
64
0
3136
1472
64
0
3264
1536
64
0
64
1600
64
1
3520
1664
64
0
3648
1728
64
0
3776
1792
64
0
3904
1856
64
0
4032
1920
64
0
4160
1984
64
0
0
0
64
1
1664
64
64
0
1792
128
64
0
1920
192
64
0
2048
256
64
0
2176
320
64
0
2304
384
64
0
2432
448
64
0
2560
512
64
0
2688
576
64
0
2816
640
64
0
2944
704
64
0
3072
768
64
0
0
832
64
1
3328
896
64
0
3456
960
64
0
3584
1024
64
0
3712
1088
64
0
3840
1152
64
0
3968
1216
64
0
4096
1280
64
0
4224
1344
64
0
4352
1408
64
0
4480
1472
64
0
4608
1536
64
0
4736
1600
64
0
0
1664
64
1
4992
1728
64
0
5120
1792
64
0
5248
1856
64
0
5376
1920
64
0
5504
1984
64
0
64
0
64
1
1728
64
64
0
1856
128
64
0
1984
192
64
0
2112
256
64
0
2240
320
64
0
2368
384
64
0
2496
448
64
0
2624
512
64
0
2752
576
64
0
2880
640
64
0
3008
704
64
0
3136
768
64
0
64
832
64
1
3392
896
64
0
3520
960
64
0
3648
1024
64
0
3776
1088
64
0
3904
1152
64
0
4032
1216
64
0
4160
1280
64
0
4288
1344
64
0
4416
1408
64
0
4544
1472
64
0
4672
1536
64
0
4800
1600
64
0
64
1664
64
1
5056
1728
64
0
5184
1792
64
0
5312
1856
64
0
5440
1920
64
0
5568
1984
64
0
1664
0
64
0
1792
64
64
0
1920
128
64
0
2048
192
64
0
2176
256
64
0
2304
320
64
0
2432
384
64
0
2560
448
64
0
2688
512
64
0
2816
576
64
0
2944
640
64
0
3072
704
64
0
3200
768
64
0
3328
832
64
0
3456
896
64
0
3584
960
64
0
3712
1024
64
0
3840
1088
64
0
3968
1152
64
0
4096
1216
64
0
4224
1280
64
0
4352
1344
64
0
4480
1408
64
0
4608
1472
64
0
4736
1536
64
0
4864
1600
64
0
4992
1664
64
0
5120
1728
64
0
5248
1792
64
0
5376
1856
64
0
5504
1920
64
0
5632
1984
64
0
1728
0
64
0
1856
64
64
0
1984
128
64
0
2112
192
64
0
2240
256
64
0
2368
320
64
0
2496
384
64
0
2624
448
64
0
2752
512
64
0
2880
576
64
0
3008
640
64
0
3136
704
64
0
3264
768
64
0
3392
832
64
0
3520
896
64
0
3648
960
64
0
3776
1024
64
0
3904
1088
64
0
4032
1152
64
0
4160
1216
64
0
4288
1280
64
0
4416
1344
64
0
4544
1408
64
0
4672
1472
64
0
4800
1536
64
0
4928
1600
64
0
5056
1664
64
0
5184
1728
64
0
5312
1792
64
0
5440
1856
64
0
5568
1920
64
0
5696
1984
64
0
1792
0
64
0
1920
64
64
0
2048
128
64
0
2176
192
64
0
2304
256
64
0
2432
320
64
0
2560
384
64
0
2688
448
64
0
2816
512
64
0
2944
576
64
0
3072
640
64
0
3200
704
64
0
0
768
64
1
3456
832
64
0
3584
896
64
0
3712
960
64
0
3840
1024
64
0
3968
1088
64
0
4096
1152
64
0
4224
1216
64
0
4352
1280
64
0
4480
1344
64
0
4608
1408
64
0
4736
1472
64
0
4864
1536
64
0
0
1600
64
1
5120
1664
64
0
5248
1728
64
0
5376
1792
64
0
5504
1856
64
0
5632
1920
64
0
5760
1984
64
0
1856
0
64
0
1984
64
64
0
2112
128
64
0
2240
192
64
0
2368
256
64
0
2496
320
64
0
2624
384
64
0
2752
448
64
0
2880
512
64
0
3008
576
64
0
3136
640
64
0
3264
704
64
0
64
768
64
1
3520
832
64
0
3648
896
64
0
3776
960
64
0
3904
1024
64
0
4032
1088
64
0
4160
1152
64
0
4288
1216
64
0
4416
1280
64
0
4544
1344
64
0
4672
1408
64
0
4800
1472
64
0
4928
1536
64
0
64
1600
64
1
5184
1664
64
0
5312
1728
64
0
5440
1792
64
0
5568
1856
64
0
5696
1920
64
0
5824
1984
64
0
2304
0
64
0
2432
64
64
0
2560
128
64
0
2688
192
64
0
2816
256
64
0
2944
320
64
0
3072
384
64
0
0
448
64
1
3328
512
64
0
3456
576
64
0
3584
640
64
0
3712
704
64
0
3840
768
64
0
3968
832
64
0
4096
896
64
0
4224
960
64
0
4352
1024
64
0
4480
1088
64
0
4608
1152
64
0
4736
1216
64
0
0
1280
64
1
4992
1344
64
0
5120
1408
64
0
5248
1472
64
0
5376
1536
64
0
5504
1600
64
0
5632
1664
64
0
5760
1728
64
0
5888
1792
64
0
6016
1856
64
0
6144
1920
64
0
6272
1984
64
0
2368
0
64
0
2496
64
64
0
2624
128
64
0
2752
192
64
0
2880
256
64
0
3008
320
64
0
3136
384
64
0
64
448
64
1
3392
512
64
0
3520
576
64
0
3648
640
64
0
3776
704
64
0
3904
768
64
0
4032
832
64
0
4160
896
64
0
4288
960
64
0
4416
1024
64
0
4544
1088
64
0
4672
1152
64
0
4800
1216
64
0
64
1280
64
1
5056
1344
64
0
5184
1408
64
0
5312
1472
64
0
5440
1536
64
0
5568
1600
64
0
5696
1664
64
0
5824
1728
64
0
5952
1792
64
0
6080
1856
64
0
6208
1920
64
0
6336
1984
64
0
2432
0
64
0
2560
64
64
0
2688
128
64
0
2816
192
64
0
2944
256
64
0
3072
320
64
0
3200
384
64
0
3328
448
64
0
3456
512
64
0
3584
576
64
0
3712
640
64
0
3840
704
64
0
3968
768
64
0
4096
832
64
0
4224
896
64
0
4352
960
64
0
4480
1024
64
0
4608
1088
64
0
4736
1152
64
0
4864
1216
64
0
4992
1280
64
0
5120
1344
64
0
5248
1408
64
0
5376
1472
64
0
5504
1536
64
0
5632
1600
64
0
5760
1664
64
0
5888
1728
64
0
6016
1792
64
0
6144
1856
64
0
6272
1920
64
0
6400
1984
64
0
2496
0
64
0
2624
64
64
0
2752
128
64
0
2880
192
64
0
3008
256
64
0
3136
320
64
0
3264
384
64
0
3392
448
64
0
3520
512
64
0
3648
576
64
0
3776
640
64
0
3904
704
64
0
4032
768
64
0
4160
832
64
0
4288
896
64
0
4416
960
64
0
4544
1024
64
0
4672
1088
64
0
4800
1152
64
0
4928
1216
64
0
5056
1280
64
0
5184
1344
64
0
5312
1408
64
0
5440
1472
64
0
5568
1536
64
0
5696
1600
64
0
5824
1664
64
0
5952
1728
64
0
6080
1792
64
0
6208
1856
64
0
6336
1920
64
0
6464
1984
64
0
2560
0
64
0
2688
64
64
0
2816
128
64
0
2944
192
64
0
3072
256
64
0
3200
320
64
0
0
384
64
1
3456
448
64
0
3584
512
64
0
3712
576
64
0
3840
640
64
0
3968
704
64
0
4096
768
64
0
4224
832
64
0
4352
896
64
0
4480
960
64
0
4608
1024
64
0
4736
1088
64
0
4864
1152
64
0
0
1216
64
1
5120
1280
64
0
5248
1344
64
0
5376
1408
64
0
5504
1472
64
0
5632
1536
64
0
5760
1600
64
0
5888
1664
64
0
6016
1728
64
0
6144
1792
64
0
6272
1856
64
0
6400
1920
64
0
6528
1984
64
0
2624
0
64
0
2752
64
64
0
2880
128
64
0
3008
192
64
0
3136
256
64
0
3264
320
64
0
64
384
64
1
3520
448
64
0
3648
512
64
0
3776
576
64
0
3904
640
64
0
4032
704
64
0
4160
768
64
0
4288
832
64
0
4416
896
64
0
4544
960
64
0
4672
1024
64
0
4800
1088
64
0
4928
1152
64
0
64
1216
64
1
5184
1280
64
0
5312
1344
64
0
5440
1408
64
0
5568
1472
64
0
5696
1536
64
0
5824
1600
64
0
5952
1664
64
0
6080
1728
64
0
6208
1792
64
0
6336
1856
64
0
6464
1920
64
0
6592
1984
64
0
3968
0
64
0
4096
64
64
0
4224
128
64
0
4352
192
64
0
4480
256
64
0
4608
320
64
0
4736
384
64
0
0
448
64
1
4992
512
64
0
5120
576
64
0
5248
640
64
0
5376
704
64
0
5504
768
64
0
5632
832
64
0
5760
896
64
0
5888
960
64
0
6016
1024
64
0
6144
1088
64
0
6272
1152
64
0
6400
1216
64
0
0
1280
64
1
6656
1344
64
0
6784
1408
64
0
6912
1472
64
0
7040
1536
64
0
7168
1600
64
0
7296
1664
64
0
7424
1728
64
0
7552
1792
64
0
7680
1856
64
0
7808
1920
64
0
7936
1984
64
0
4032
0
64
0
4160
64
64
0
4288
128
64
0
4416
192
64
0
4544
256
64
0
4672
320
64
0
4800
384
64
0
64
448
64
1
5056
512
64
0
5184
576
64
0
5312
640
64
0
5440
704
64
0
5568
768
64
0
5696
832
64
0
5824
896
64
0
5952
960
64
0
6080
1024
64
0
6208
1088
64
0
6336
1152
64
0
6464
1216
64
0
64
1280
64
1
6720
1344
64
0
6848
1408
64
0
6976
1472
64
0
7104
1536
64
0
7232
1600
64
0
7360
1664
64
0
7488
1728
64
0
7616
1792
64
0
7744
1856
64
0
7872
1920
64
0
8000
1984
64
0
4096
0
64
0
4224
64
64
0
4352
128
64
0
4480
192
64
0
4608
256
64
0
4736
320
64
0
4864
384
64
0
4992
448
64
0
5120
512
64
0
5248
576
64
0
5376
640
64
0
5504
704
64
0
5632
768
64
0
5760
832
64
0
5888
896
64
0
6016
960
64
0
6144
1024
64
0
6272
1088
64
0
6400
1152
64
0
6528
1216
64
0
6656
1280
64
0
6784
1344
64
0
6912
1408
64
0
7040
1472
64
0
7168
1536
64
0
7296
1600
64
0
7424
1664
64
0
7552
1728
64
0
7680
1792
64
0
7808
1856
64
0
7936
1920
64
0
8064
1984
64
0
4160
0
64
0
4288
64
64
0
4416
128
64
0
4544
192
64
0
4672
256
64
0
4800
320
64
0
4928
384
64
0
5056
448
64
0
5184
512
64
0
5312
576
64
0
5440
640
64
0
5568
704
64
0
5696
768
64
0
5824
832
64
0
5952
896
64
0
6080
960
64
0
6208
1024
64
0
6336
1088
64
0
6464
1152
64
0
6592
1216
64
0
6720
1280
64
0
6848
1344
64
0
6976
1408
64
0
7104
1472
64
0
7232
1536
64
0
7360
1600
64
0
7488
1664
64
0
7616
1728
64
0
7744
1792
64
0
7872
1856
64
0
8000
1920
64
0
8128
1984
64
0
4224
0
64
0
4352
64
64
0
4480
128
64
0
4608
192
64
0
4736
256
64
0
4864
320
64
0
0
384
64
1
5120
448
64
0
5248
512
64
0
5376
576
64
0
5504
640
64
0
5632
704
64
0
5760
768
64
0
5888
832
64
0
6016
896
64
0
6144
960
64
0
6272
1024
64
0
6400
1088
64
0
6528
1152
64
0
0
1216
64
1
6784
1280
64
0
6912
1344
64
0
7040
1408
64
0
7168
1472
64
0
7296
1536
64
0
7424
1600
64
0
7552
1664
64
0
7680
1728
64
0
7808
1792
64
0
7936
1856
64
0
8064
1920
64
0
8192
1984
64
0
4288
0
64
0
4416
64
64
0
4544
128
64
0
4672
192
64
0
4800
256
64
0
4928
320
64
0
64
384
64
1
5184
448
64
0
5312
512
64
0
5440
576
64
0
5568
640
64
0
5696
704
64
0
5824
768
64
0
5952
832
64
0
6080
896
64
0
6208
960
64
0
6336
1024
64
0
6464
1088
64
0
6592
1152
64
0
64
1216
64
1
6848
1280
64
0
6976
1344
64
0
7104
1408
64
0
7232
1472
64
0
7360
1536
64
0
7488
1600
64
0
7616
1664
64
0
7744
1728
64
0
7872
1792
64
0
8000
1856
64
0
8128
1920
64
0
8256
1984
64
0
5632
0
64
0
5760
64
64
0
5888
128
64
0
6016
192
64
0
6144
256
64
0
6272
320
64
0
6400
384
64
0
0
448
64
1
6656
512
64
0
6784
576
64
0
6912
640
64
0
7040
704
64
0
7168
768
64
0
7296
832
64
0
7424
896
64
0
7552
960
64
0
7680
1024
64
0
7808
1088
64
0
7936
1152
64
0
8064
1216
64
0
0
1280
64
1
8320
1344
64
0
8448
1408
64
0
8576
1472
64
0
8704
1536
64
0
8832
1600
64
0
8960
1664
64
0
9088
1728
64
0
9216
1792
64
0
9344
1856
64
0
9472
1920
64
0
9600
1984
64
0
5696
0
64
0
5824
64
64
0
5952
128
64
0
6080
192
64
0
6208
256
64
0
6336
320
64
0
6464
384
64
0
64
448
64
1
6720
512
64
0
6848
576
64
0
6976
640
64
0
7104
704
64
0
7232
768
64
0
7360
832
64
0
7488
896
64
0
7616
960
64
0
7744
1024
64
0
7872
1088
64
0
8000
1152
64
0
8128
1216
64
0
64
1280
64
1
8384
1344
64
0
8512
1408
64
0
8640
1472
64
0
8768
1536
64
0
8896
1600
64
0
9024
1664
64
0
9152
1728
64
0
9280
1792
64
0
9408
1856
64
0
9536
1920
64
0
9664
1984
64
0
5760
0
64
0
5888
64
64
0
6016
128
64
0
6144
192
64
0
6272
256
64
0
6400
320
64
0
6528
384
64
0
6656
448
64
0
6784
512
64
0
6912
576
64
0
7040
640
64
0
7168
704
64
0
7296
768
64
0
7424
832
64
0
7552
896
64
0
7680
960
64
0
7808
1024
64
0
7936
1088
64
0
8064
1152
64
0
8192
1216
64
0
8320
1280
64
0
8448
1344
64
0
8576
1408
64
0
8704
1472
64
0
8832
1536
64
0
8960
1600
64
0
9088
1664
64
0
9216
1728
64
0
9344
1792
64
0
9472
1856
64
0
9600
1920
64
0
9728
1984
64
0
5824
0
64
0
5952
64
64
0
6080
128
64
0
6208
192
64
0
6336
256
64
0
6464
320
64
0
6592
384
64
0
6720
448
64
0
6848
512
64
0
6976
576
64
0
7104
640
64
0
7232
704
64
0
7360
768
64
0
7488
832
64
0
7616
896
64
0
7744
960
64
0
7872
1024
64
0
8000
1088
64
0
8128
1152
64
0
8256
1216
64
0
8384
1280
64
0
8512
1344
64
0
8640
1408
64
0
8768
1472
64
0
8896
1536
64
0
9024
1600
64
0
9152
1664
64
0
9280
1728
64
0
9408
1792
64
0
9536
1856
64
0
9664
1920
64
0
9792
1984
64
0
5888
0
64
0
6016
64
64
0
6144
128
64
0
6272
192
64
0
6400
256
64
0
6528
320
64
0
0
384
64
1
6784
448
64
0
6912
512
64
0
7040
576
64
0
7168
640
64
0
7296
704
64
0
7424
768
64
0
7552
832
64
0
7680
896
64
0
7808
960
64
0
7936
1024
64
0
8064
1088
64
0
8192
1152
64
0
0
1216
64
1
8448
1280
64
0
8576
1344
64
0
8704
1408
64
0
8832
1472
64
0
8960
1536
64
0
9088
1600
64
0
9216
1664
64
0
9344
1728
64
0
9472
1792
64
0
9600
1856
64
0
9728
1920
64
0
9856
1984
64
0
5952
0
64
0
6080
64
64
0
6208
128
64
0
6336
192
64
0
6464
256
64
0
6592
320
64
0
64
384
64
1
6848
448
64
0
6976
512
64
0
7104
576
64
0
7232
640
64
0
7360
704
64
0
7488
768
64
0
7616
832
64
0
7744
896
64
0
7872
960
64
0
8000
1024
64
0
8128
1088
64
0
8256
1152
64
0
64
1216
64
1
8512
1280
64
0
8640
1344
64
0
8768
1408
64
0
8896
1472
64
0
9024
1536
64
0
9152
1600
64
0
9280
1664
64
0
9408
1728
64
0
9536
1792
64
0
9664
1856
64
0
9792
1920
64
0
9920
1984
64
0
6400
0
64
0
0
64
64
1
6656
128
64
0
6784
192
64
0
6912
256
64
0
7040
320
64
0
7168
384
64
0
7296
448
64
0
7424
512
64
0
7552
576
64
0
7680
640
64
0
7808
704
64
0
7936
768
64
0
8064
832
64
0
0
896
64
1
8320
960
64
0
8448
1024
64
0
8576
1088
64
0
8704
1152
64
0
8832
1216
64
0
8960
1280
64
0
9088
1344
64
0
9216
1408
64
0
9344
1472
64
0
9472
1536
64
0
9600
1600
64
0
9728
1664
64
0
0
1728
64
1
9984
1792
64
0
10112
1856
64
0
10240
1920
64
0
10368
1984
64
0
6464
0
64
0
64
64
64
1
6720
128
64
0
6848
192
64
0
6976
256
64
0
7104
320
64
0
7232
384
64
0
7360
448
64
0
7488
512
64
0
7616
576
64
0
7744
640
64
0
7872
704
64
0
8000
768
64
0
8128
832
64
0
64
896
64
1
8384
960
64
0
8512
1024
64
0
8640
1088
64
0
8768
1152
64
0
8896
1216
64
0
9024
1280
64
0
9152
1344
64
0
9280
1408
64
0
9408
1472
64
0
9536
1536
64
0
9664
1600
64
0
9792
1664
64
0
64
1728
64
1
10048
1792
64
0
10176
1856
64
0
10304
1920
64
0
10432
1984
64
0
6528
0
64
0
6656
64
64
0
6784
128
64
0
6912
192
64
0
7040
256
64
0
7168
320
64
0
7296
384
64
0
7424
448
64
0
7552
512
64
0
7680
576
64
0
7808
640
64
0
7936
704
64
0
8064
768
64
0
8192
832
64
0
8320
896
64
0
8448
960
64
0
8576
1024
64
0
8704
1088
64
0
8832
1152
64
0
8960
1216
64
0
9088
1280
64
0
9216
1344
64
0
9344
1408
64
0
9472
1472
64
0
9600
1536
64
0
9728
1600
64
0
9856
1664
64
0
9984
1728
64
0
10112
1792
64
0
10240
1856
64
0
10368
1920
64
0
10496
1984
64
0
6592
0
64
0
6720
64
64
0
6848
128
64
0
6976
192
64
0
7104
256
64
0
7232
320
64
0
7360
384
64
0
7488
448
64
0
7616
512
64
0
7744
576
64
0
7872
640
64
0
8000
704
64
0
8128
768
64
0
8256
832
64
0
8384
896
64
0
8512
960
64
0
8640
1024
64
0
8768
1088
64
0
8896
1152
64
0
9024
1216
64
0
9152
1280
64
0
9280
1344
64
0
9408
1408
64
0
9536
1472
64
0
9664
1536
64
0
9792
1600
64
0
9920
1664
64
0
10048
1728
64
0
10176
1792
64
0
10304
1856
64
0
10432
1920
64
0
10560
1984
64
0
0
0
64
1
6784
64
64
0
6912
128
64
0
7040
192
64
0
7168
256
64
0
7296
320
64
0
7424
384
64
0
7552
448
64
0
7680
512
64
0
7808
576
64
0
7936
640
64
0
8064
704
64
0
8192
768
64
0
0
832
64
1
8448
896
64
0
8576
960
64
0
8704
1024
64
0
8832
1088
64
0
8960
1152
64
0
9088
1216
64
0
9216
1280
64
0
9344
1344
64
0
9472
1408
64
0
9600
1472
64
0
9728
1536
64
0
9856
1600
64
0
0
1664
64
1
10112
1728
64
0
10240
1792
64
0
10368
1856
64
0
10496
1920
64
0
10624
1984
64
0
64
0
64
1
6848
64
64
0
6976
128
64
0
7104
192
64
0
7232
256
64
0
7360
320
64
0
7488
384
64
0
7616
448
64
0
7744
512
64
0
7872
576
64
0
8000
640
64
0
8128
704
64
0
8256
768
64
0
64
832
64
1
8512
896
64
0
8640
960
64
0
8768
1024
64
0
8896
1088
64
0
9024
1152
64
0
9152
1216
64
0
9280
1280
64
0
9408
1344
64
0
9536
1408
64
0
9664
1472
64
0
9792
1536
64
0
9920
1600
64
0
64
1664
64
1
10176
1728
64
0
10304
1792
64
0
10432
1856
64
0
10560
1920
64
0
10688
1984
64
0
8064
0
64
0
0
64
64
1
8320
128
64
0
8448
192
64
0
8576
256
64
0
8704
320
64
0
8832
384
64
0
8960
448
64
0
9088
512
64
0
9216
576
64
0
9344
640
64
0
9472
704
64
0
9600
768
64
0
9728
832
64
0
0
896
64
1
9984
960
64
0
10112
1024
64
0
10240
1088
64
0
10368
1152
64
0
10496
1216
64
0
10624
1280
64
0
10752
1344
64
0
10880
1408
64
0
11008
1472
64
0
11136
1536
64
0
11264
1600
64
0
11392
1664
64
0
0
1728
64
1
11648
1792
64
0
11776
1856
64
0
11904
1920
64
0
12032
1984
64
0
8128
0
64
0
64
64
64
1
8384
128
64
0
8512
192
64
0
8640
256
64
0
8768
320
64
0
8896
384
64
0
9024
448
64
0
9152
512
64
0
9280
576
64
0
9408
640
64
0
9536
704
64
0
9664
768
64
0
9792
832
64
0
64
896
64
1
10048
960
64
0
10176
1024
64
0
10304
1088
64
0
10432
1152
64
0
10560
1216
64
0
10688
1280
64
0
10816
1344
64
0
10944
1408
64
0
11072
1472
64
0
11200
1536
64
0
11328
1600
64
0
11456
1664
64
0
64
1728
64
1
11712
1792
64
0
11840
1856
64
0
11968
1920
64
0
12096
1984
64
0
8192
0
64
0
8320
64
64
0
8448
128
64
0
8576
192
64
0
8704
256
64
0
8832
320
64
0
8960
384
64
0
9088
448
64
0
9216
512
64
0
9344
576
64
0
9472
640
64
0
9600
704
64
0
9728
768
64
0
9856
832
64
0
9984
896
64
0
10112
960
64
0
10240
1024
64
0
10368
1088
64
0
10496
1152
64
0
10624
1216
64
0
10752
1280
64
0
10880
1344
64
0
11008
1408
64
0
11136
1472
64
0
11264
1536
64
0
11392
1600
64
0
11520
1664
64
0
11648
1728
64
0
11776
1792
64
0
11904
1856
64
0
12032
1920
64
0
12160
1984
64
0
8256
0
64
0
8384
64
64
0
8512
128
64
0
8640
192
64
0
8768
256
64
0
8896
320
64
0
9024
384
64
0
9152
448
64
0
9280
512
64
0
9408
576
64
0
9536
640
64
0
9664
704
64
0
9792
768
64
0
9920
832
64
0
10048
896
64
0
10176
960
64
0
10304
1024
64
0
10432
1088
64
0
10560
1152
64
0
10688
1216
64
0
10816
1280
64
0
10944
1344
64
0
11072
1408
64
0
11200
1472
64
0
11328
1536
64
0
11456
1600
64
0
11584
1664
64
0
11712
1728
64
0
11840
1792
64
0
11968
1856
64
0
12096
1920
64
0
12224
1984
64
0
0
0
64
1
8448
64
64
0
8576
128
64
0
8704
192
64
0
8832
256
64
0
8960
320
64
0
9088
384
64
0
9216
448
64
0
9344
512
64
0
9472
576
64
0
9600
640
64
0
9728
704
64
0
9856
768
64
0
0
832
64
1
10112
896
64
0
10240
960
64
0
10368
1024
64
0
10496
1088
64
0
10624
1152
64
0
10752
1216
64
0
10880
1280
64
0
11008
1344
64
0
11136
1408
64
0
11264
1472
64
0
11392
1536
64
0
11520
1600
64
0
0
1664
64
1
11776
1728
64
0
11904
1792
64
0
12032
1856
64
0
12160
1920
64
0
12288
1984
64
0
64
0
64
1
8512
64
64
0
8640
128
64
0
8768
192
64
0
8896
256
64
0
9024
320
64
0
9152
384
64
0
9280
448
64
0
9408
512
64
0
9536
576
64
0
9664
640
64
0
9792
704
64
0
9920
768
64
0
64
832
64
1
10176
896
64
0
10304
960
64
0
10432
1024
64
0
10560
1088
64
0
10688
1152
64
0
10816
1216
64
0
10944
1280
64
0
11072
1344
64
0
11200
1408
64
0
11328
1472
64
0
11456
1536
64
0
11584
1600
64
0
64
1664
64
1
11840
1728
64
0
11968
1792
64
0
12096
1856
64
0
12224
1920
64
0
12352
1984
64
0
9728
0
64
0
0
64
64
1
9984
128
64
0
10112
192
64
0
10240
256
64
0
10368
320
64
0
10496
384
64
0
10624
448
64
0
10752
512
64
0
10880
576
64
0
11008
640
64
0
11136
704
64
0
11264
768
64
0
11392
832
64
0
0
896
64
1
11648
960
64
0
11776
1024
64
0
11904
1088
64
0
12032
1152
64
0
12160
1216
64
0
12288
1280
64
0
12416
1344
64
0
12544
1408
64
0
12672
1472
64
0
12800
1536
64
0
12928
1600
64
0
13056
1664
64
0
0
1728
64
1
13312
1792
64
0
13440
1856
64
0
13568
1920
64
0
13696
1984
64
0
9792
0
64
0
64
64
64
1
10048
128
64
0
10176
192
64
0
10304
256
64
0
10432
320
64
0
10560
384
64
0
10688
448
64
0
10816
512
64
0
10944
576
64
0
11072
640
64
0
11200
704
64
0
11328
768
64
0
11456
832
64
0
64
896
64
1
11712
960
64
0
11840
1024
64
0
11968
1088
64
0
12096
1152
64
0
12224
1216
64
0
12352
1280
64
0
12480
1344
64
0
12608
1408
64
0
12736
1472
64
0
12864
1536
64
0
12992
1600
64
0
13120
1664
64
0
64
1728
64
1
13376
1792
64
0
13504
1856
64
0
13632
1920
64
0
13760
1984
64
0
9856
0
64
0
9984
64
64
0
10112
128
64
0
10240
192
64
0
10368
256
64
0
10496
320
64
0
10624
384
64
0
10752
448
64
0
10880
512
64
0
11008
576
64
0
11136
640
64
0
11264
704
64
0
11392
768
64
0
11520
832
64
0
11648
896
64
0
11776
960
64
0
11904
1024
64
0
12032
1088
64
0
12160
1152
64
0
12288
1216
64
0
12416
1280
64
0
12544
1344
64
0
12672
1408
64
0
12800
1472
64
0
12928
1536
64
0
13056
1600
64
0
13184
1664
64
0
13312
1728
64
0
13440
1792
64
0
13568
1856
64
0
13696
1920
64
0
13824
1984
64
0
9920
0
64
0
10048
64
64
0
10176
128
64
0
10304
192
64
0
10432
256
64
0
10560
320
64
0
10688
384
64
0
10816
448
64
0
10944
512
64
0
11072
576
64
0
11200
640
64
0
11328
704
64
0
11456
768
64
0
11584
832
64
0
11712
896
64
0
11840
960
64
0
11968
1024
64
0
12096
1088
64
0
12224
1152
64
0
12352
1216
64
0
12480
1280
64
0
12608
1344
64
0
12736
1408
64
0
12864
1472
64
0
12992
1536
64
0
13120
1600
64
0
13248
1664
64
0
13376
1728
64
0
13504
1792
64
0
13632
1856
64
0
13760
1920
64
0
13888
1984
64
0
0
0
64
1
10112
64
64
0
10240
128
64
0
10368
192
64
0
10496
256
64
0
10624
320
64
0
10752
384
64
0
10880
448
64
0
11008
512
64
0
11136
576
64
0
11264
640
64
0
11392
704
64
0
11520
768
64
0
0
832
64
1
11776
896
64
0
11904
960
64
0
12032
1024
64
0
12160
1088
64
0
12288
1152
64
0
12416
1216
64
0
12544
1280
64
0
12672
1344
64
0
12800
1408
64
0
12928
1472
64
0
13056
1536
64
0
13184
1600
64
0
0
1664
64
1
13440
1728
64
0
13568
1792
64
0
13696
1856
64
0
13824
1920
64
0
13952
1984
64
0
64
0
64
1
10176
64
64
0
10304
128
64
0
10432
192
64
0
10560
256
64
0
10688
320
64
0
10816
384
64
0
10944
448
64
0
11072
512
64
0
11200
576
64
0
11328
640
64
0
11456
704
64
0
11584
768
64
0
64
832
64
1
11840
896
64
0
11968
960
64
0
12096
1024
64
0
12224
1088
64
0
12352
1152
64
0
12480
1216
64
0
12608
1280
64
0
12736
1344
64
0
12864
1408
64
0
12992
1472
64
0
13120
1536
64
0
13248
1600
64
0
64
1664
64
1
13504
1728
64
0
13632
1792
64
0
13760
1856
64
0
13888
1920
64
0
14016
1984
64
0
10496
0
64
0
10624
64
64
0
10752
128
64
0
10880
192
64
0
11008
256
64
0
11136
320
64
0
11264
384
64
0
11392
448
64
0
0
512
64
1
11648
576
64
0
11776
640
64
0
11904
704
64
0
12032
768
64
0
12160
832
64
0
12288
896
64
0
12416
960
64
0
12544
1024
64
0
12672
1088
64
0
12800
1152
64
0
12928
1216
64
0
13056
1280
64
0
0
1344
64
1
13312
1408
64
0
13440
1472
64
0
13568
1536
64
0
13696
1600
64
0
13824
1664
64
0
13952
1728
64
0
14080
1792
64
0
14208
1856
64
0
14336
1920
64
0
14464
1984
64
0
10560
0
64
0
10688
64
64
0
10816
128
64
0
10944
192
64
0
11072
256
64
0
11200
320
64
0
11328
384
64
0
11456
448
64
0
64
512
64
1
11712
576
64
0
11840
640
64
0
11968
704
64
0
12096
768
64
0
12224
832
64
0
12352
896
64
0
12480
960
64
0
12608
1024
64
0
12736
1088
64
0
12864
1152
64
0
12992
1216
64
0
13120
1280
64
0
64
1344
64
1
13376
1408
64
0
13504
1472
64
0
13632
1536
64
0
13760
1600
64
0
13888
1664
64
0
14016
1728
64
0
14144
1792
64
0
14272
1856
64
0
14400
1920
64
0
14528
1984
64
0
10624
0
64
0
10752
64
64
0
10880
128
64
0
11008
192
64
0
11136
256
64
0
11264
320
64
0
11392
384
64
0
11520
448
64
0
11648
512
64
0
11776
576
64
0
11904
640
64
0
12032
704
64
0
12160
768
64
0
12288
832
64
0
12416
896
64
0
12544
960
64
0
12672
1024
64
0
12800
1088
64
0
12928
1152
64
0
13056
1216
64
0
13184
1280
64
0
13312
1344
64
0
13440
1408
64
0
13568
1472
64
0
13696
1536
64
0
13824
1600
64
0
13952
1664
64
0
14080
1728
64
0
14208
1792
64
0
14336
1856
64
0
14464
1920
64
0
14592
1984
64
0
10688
0
64
0
10816
64
64
0
10944
128
64
0
11072
192
64
0
11200
256
64
0
11328
320
64
0
11456
384
64
0
11584
448
64
0
11712
512
64
0
11840
576
64
0
11968
640
64
0
12096
704
64
0
12224
768
64
0
12352
832
64
0
12480
896
64
0
12608
960
64
0
12736
1024
64
0
12864
1088
64
0
12992
1152
64
0
13120
1216
64
0
13248
1280
64
0
13376
1344
64
0
13504
1408
64
0
13632
1472
64
0
13760
1536
64
0
13888
1600
64
0
14016
1664
64
0
14144
1728
64
0
14272
1792
64
0
14400
1856
64
0
14528
1920
64
0
14656
1984
64
0
10752
0
64
0
10880
64
64
0
11008
128
64
0
11136
192
64
0
11264
256
64
0
11392
320
64
0
11520
384
64
0
0
448
64
1
11776
512
64
0
11904
576
64
0
12032
640
64
0
12160
704
64
0
12288
768
64
0
12416
832
64
0
12544
896
64
0
12672
960
64
0
12800
1024
64
0
12928
1088
64
0
13056
1152
64
0
13184
1216
64
0
0
1280
64
1
13440
1344
64
0
13568
1408
64
0
13696
1472
64
0
13824
1536
64
0
13952
1600
64
0
14080
1664
64
0
14208
1728
64
0
14336
1792
64
0
14464
1856
64
0
14592
1920
64
0
14720
1984
64
0
10816
0
64
0
10944
64
64
0
11072
128
64
0
11200
192
64
0
11328
256
64
0
11456
320
64
0
11584
384
64
0
64
448
64
1
11840
512
64
0
11968
576
64
0
12096
640
64
0
12224
704
64
0
12352
768
64
0
12480
832
64
0
12608
896
64
0
12736
960
64
0
12864
1024
64
0
12992
1088
64
0
13120
1152
64
0
13248
1216
64
0
64
1280
64
1
13504
1344
64
0
13632
1408
64
0
13760
1472
64
0
13888
1536
64
0
14016
1600
64
0
14144
1664
64
0
14272
1728
64
0
14400
1792
64
0
14528
1856
64
0
14656
1920
64
0
14784
1984
64
0
12160
0
64
0
12288
64
64
0
12416
128
64
0
12544
192
64
0
12672
256
64
0
12800
320
64
0
12928
384
64
0
13056
448
64
0
0
512
64
1
13312
576
64
0
13440
640
64
0
13568
704
64
0
13696
768
64
0
13824
832
64
0
13952
896
64
0
14080
960
64
0
14208
1024
64
0
14336
1088
64
0
14464
1152
64
0
14592
1216
64
0
14720
1280
64
0
0
1344
64
1
14976
1408
64
0
15104
1472
64
0
15232
1536
64
0
15360
1600
64
0
15488
1664
64
0
15616
1728
64
0
15744
1792
64
0
15872
1856
64
0
16000
1920
64
0
16128
1984
64
0
12224
0
64
0
12352
64
64
0
12480
128
64
0
12608
192
64
0
12736
256
64
0
12864
320
64
0
12992
384
64
0
13120
448
64
0
64
512
64
1
13376
576
64
0
13504
640
64
0
13632
704
64
0
13760
768
64
0
13888
832
64
0
14016
896
64
0
14144
960
64
0
14272
1024
64
0
14400
1088
64
0
14528
1152
64
0
14656
1216
64
0
14784
1280
64
0
64
1344
64
1
15040
1408
64
0
15168
1472
64
0
15296
1536
64
0
15424
1600
64
0
15552
1664
64
0
15680
1728
64
0
15808
1792
64
0
15936
1856
64
0
16064
1920
64
0
16192
1984
64
0
12288
0
64
0
12416
64
64
0
12544
128
64
0
12672
192
64
0
12800
256
64
0
12928
320
64
0
13056
384
64
0
13184
448
64
0
13312
512
64
0
13440
576
64
0
13568
640
64
0
13696
704
64
0
13824
768
64
0
13952
832
64
0
14080
896
64
0
14208
960
64
0
14336
1024
64
0
14464
1088
64
0
14592
1152
64
0
14720
1216
64
0
14848
1280
64
0
14976
1344
64
0
15104
1408
64
0
15232
1472
64
0
15360
1536
64
0
15488
1600
64
0
15616
1664
64
0
15744
1728
64
0
15872
1792
64
0
16000
1856
64
0
16128
1920
64
0
16256
1984
64
0
12352
0
64
0
12480
64
64
0
12608
128
64
0
12736
192
64
0
12864
256
64
0
12992
320
64
0
13120
384
64
0
13248
448
64
0
13376
512
64
0
13504
576
64
0
13632
640
64
0
13760
704
64
0
13888
768
64
0
14016
832
64
0
14144
896
64
0
14272
960
64
0
14400
1024
64
0
14528
1088
64
0
14656
1152
64
0
14784
1216
64
0
14912
1280
64
0
15040
1344
64
0
15168
1408
64
0
15296
1472
64
0
15424
1536
64
0
15552
1600
64
0
15680
1664
64
0
15808
1728
64
0
15936
1792
64
0
16064
1856
64
0
16192
1920
64
0
16320
1984
64
0
12416
0
64
0
12544
64
64
0
12672
128
64
0
12800
192
64
0
12928
256
64
0
13056
320
64
0
13184
384
64
0
0
448
64
1
13440
512
64
0
13568
576
64
0
13696
640
64
0
13824
704
64
0
13952
768
64
0
14080
832
64
0
14208
896
64
0
14336
960
64
0
14464
1024
64
0
14592
1088
64
0
14720
1152
64
0
14848
1216
64
0
0
1280
64
1
15104
1344
64
0
15232
1408
64
0
15360
1472
64
0
15488
1536
64
0
15616
1600
64
0
15744
1664
64
0
15872
1728
64
0
16000
1792
64
0
16128
1856
64
0
16256
1920
64
0
16384
1984
64
0
12480
0
64
0
12608
64
64
0
12736
128
64
0
12864
192
64
0
12992
256
64
0
13120
320
64
0
13248
384
64
0
64
448
64
1
13504
512
64
0
13632
576
64
0
13760
640
64
0
13888
704
64
0
14016
768
64
0
14144
832
64
0
14272
896
64
0
14400
960
64
0
14528
1024
64
0
14656
1088
64
0
14784
1152
64
0
14912
1216
64
0
64
1280
64
1
15168
1344
64
0
15296
1408
64
0
15424
1472
64
0
15552
1536
64
0
15680
1600
64
0
15808
1664
64
0
15936
1728
64
0
16064
1792
64
0
16192
1856
64
0
16320
1920
64
0
16448
1984
64
0
13824
0
64
0
13952
64
64
0
14080
128
64
0
14208
192
64
0
14336
256
64
0
14464
320
64
0
14592
384
64
0
14720
448
64
0
0
512
64
1
14976
576
64
0
15104
640
64
0
15232
704
64
0
15360
768
64
0
15488
832
64
0
15616
896
64
0
15744
960
64
0
15872
1024
64
0
16000
1088
64
0
16128
1152
64
0
16256
1216
64
0
16384
1280
64
0
0
1344
64
1
16640
1408
64
0
16768
1472
64
0
16896
1536
64
0
17024
1600
64
0
17152
1664
64
0
17280
1728
64
0
17408
1792
64
0
17536
1856
64
0
17664
1920
64
0
17792
1984
64
0
13888
0
64
0
14016
64
64
0
14144
128
64
0
14272
192
64
0
14400
256
64
0
14528
320
64
0
14656
384
64
0
14784
448
64
0
64
512
64
1
15040
576
64
0
15168
640
64
0
15296
704
64
0
15424
768
64
0
15552
832
64
0
15680
896
64
0
15808
960
64
0
15936
1024
64
0
16064
1088
64
0
16192
1152
64
0
16320
1216
64
0
16448
1280
64
0
64
1344
64
1
16704
1408
64
0
16832
1472
64
0
16960
1536
64
0
17088
1600
64
0
17216
1664
64
0
17344
1728
64
0
17472
1792
64
0
17600
1856
64
0
17728
1920
64
0
17856
1984
64
0
13952
0
64
0
14080
64
64
0
14208
128
64
0
14336
192
64
0
14464
256
64
0
14592
320
64
0
14720
384
64
0
14848
448
64
0
14976
512
64
0
15104
576
64
0
15232
640
64
0
15360
704
64
0
15488
768
64
0
15616
832
64
0
15744
896
64
0
15872
960
64
0
16000
1024
64
0
16128
1088
64
0
16256
1152
64
0
16384
1216
64
0
16512
1280
64
0
16640
1344
64
0
16768
1408
64
0
16896
1472
64
0
17024
1536
64
0
17152
1600
64
0
17280
1664
64
0
17408
1728
64
0
17536
1792
64
0
17664
1856
64
0
17792
1920
64
0
17920
1984
64
0
14016
0
64
0
14144
64
64
0
14272
128
64
0
14400
192
64
0
14528
256
64
0
14656
320
64
0
14784
384
64
0
14912
448
64
0
15040
512
64
0
15168
576
64
0
15296
640
64
0
15424
704
64
0
15552
768
64
0
15680
832
64
0
15808
896
64
0
15936
960
64
0
16064
1024
64
0
16192
1088
64
0
16320
1152
64
0
16448
1216
64
0
16576
1280
64
0
16704
1344
64
0
16832
1408
64
0
16960
1472
64
0
17088
1536
64
0
17216
1600
64
0
17344
1664
64
0
17472
1728
64
0
17600
1792
64
0
17728
1856
64
0
17856
1920
64
0
17984
1984
64
0
14080
0
64
0
14208
64
64
0
14336
128
64
0
14464
192
64
0
14592
256
64
0
14720
320
64
0
14848
384
64
0
0
448
64
1
15104
512
64
0
15232
576
64
0
15360
640
64
0
15488
704
64
0
15616
768
64
0
15744
832
64
0
15872
896
64
0
16000
960
64
0
16128
1024
64
0
16256
1088
64
0
16384
1152
64
0
16512
1216
64
0
0
1280
64
1
16768
1344
64
0
16896
1408
64
0
17024
1472
64
0
17152
1536
64
0
17280
1600
64
0
17408
1664
64
0
17536
1728
64
0
17664
1792
64
0
17792
1856
64
0
17920
1920
64
0
18048
1984
64
0
14144
0
64
0
14272
64
64
0
14400
128
64
0
14528
192
64
0
14656
256
64
0
14784
320
64
0
14912
384
64
0
64
448
64
1
15168
512
64
0
15296
576
64
0
15424
640
64
0
15552
704
64
0
15680
768
64
0
15808
832
64
0
15936
896
64
0
16064
960
64
0
16192
1024
64
0
16320
1088
64
0
16448
1152
64
0
16576
1216
64
0
64
1280
64
1
16832
1344
64
0
16960
1408
64
0
17088
1472
64
0
17216
1536
64
0
17344
1600
64
0
17472
1664
64
0
17600
1728
64
0
17728
1792
64
0
17856
1856
64
0
17984
1920
64
0
18112
1984
64
0
14592
0
64
0
14720
64
64
0
0
128
64
1
14976
192
64
0
15104
256
64
0
15232
320
64
0
15360
384
64
0
15488
448
64
0
15616
512
64
0
15744
576
64
0
15872
640
64
0
16000
704
64
0
16128
768
64
0
16256
832
64
0
16384
896
64
0
0
960
64
1
16640
1024
64
0
16768
1088
64
0
16896
1152
64
0
17024
1216
64
0
17152
1280
64
0
17280
1344
64
0
17408
1408
64
0
17536
1472
64
0
17664
1536
64
0
17792
1600
64
0
17920
1664
64
0
18048
1728
64
0
0
1792
64
1
18304
1856
64
0
18432
1920
64
0
18560
1984
64
0
14656
0
64
0
14784
64
64
0
64
128
64
1
15040
192
64
0
15168
256
64
0
15296
320
64
0
15424
384
64
0
15552
448
64
0
15680
512
64
0
15808
576
64
0
15936
640
64
0
16064
704
64
0
16192
768
64
0
16320
832
64
0
16448
896
64
0
64
960
64
1
16704
1024
64
0
16832
1088
64
0
16960
1152
64
0
17088
1216
64
0
17216
1280
64
0
17344
1344
64
0
17472
1408
64
0
17600
1472
64
0
17728
1536
64
0
17856
1600
64
0
17984
1664
64
0
18112
1728
64
0
64
1792
64
1
18368
1856
64
0
18496
1920
64
0
18624
1984
64
0
14720
0
64
0
14848
64
64
0
14976
128
64
0
15104
192
64
0
15232
256
64
0
15360
320
64
0
15488
384
64
0
15616
448
64
0
15744
512
64
0
15872
576
64
0
16000
640
64
0
16128
704
64
0
16256
768
64
0
16384
832
64
0
16512
896
64
0
16640
960
64
0
16768
1024
64
0
16896
1088
64
0
17024
1152
64
0
17152
1216
64
0
17280
1280
64
0
17408
1344
64
0
17536
1408
64
0
17664
1472
64
0
17792
1536
64
0
17920
1600
64
0
18048
1664
64
0
18176
1728
64
0
18304
1792
64
0
18432
1856
64
0
18560
1920
64
0
18688
1984
64
0
14784
0
64
0
14912
64
64
0
15040
128
64
0
15168
192
64
0
15296
256
64
0
15424
320
64
0
15552
384
64
0
15680
448
64
0
15808
512
64
0
15936
576
64
0
16064
640
64
0
16192
704
64
0
16320
768
64
0
16448
832
64
0
16576
896
64
0
16704
960
64
0
16832
1024
64
0
16960
1088
64
0
17088
1152
64
0
17216
1216
64
0
17344
1280
64
0
17472
1344
64
0
17600
1408
64
0
17728
1472
64
0
17856
1536
64
0
17984
1600
64
0
18112
1664
64
0
18240
1728
64
0
18368
1792
64
0
18496
1856
64
0
18624
1920
64
0
18752
1984
64
0
14848
0
64
0
0
64
64
1
15104
128
64
0
15232
192
64
0
15360
256
64
0
15488
320
64
0
15616
384
64
0
15744
448
64
0
15872
512
64
0
16000
576
64
0
16128
640
64
0
16256
704
64
0
16384
768
64
0
16512
832
64
0
0
896
64
1
16768
960
64
0
16896
1024
64
0
17024
1088
64
0
17152
1152
64
0
17280
1216
64
0
17408
1280
64
0
17536
1344
64
0
17664
1408
64
0
17792
1472
64
0
17920
1536
64
0
18048
1600
64
0
18176
1664
64
0
0
1728
64
1
18432
1792
64
0
18560
1856
64
0
18688
1920
64
0
18816
1984
64
0
14912
0
64
0
64
64
64
1
15168
128
64
0
15296
192
64
0
15424
256
64
0
15552
320
64
0
15680
384
64
0
15808
448
64
0
15936
512
64
0
16064
576
64
0
16192
640
64
0
16320
704
64
0
16448
768
64
0
16576
832
64
0
64
896
64
1
16832
960
64
0
16960
1024
64
0
17088
1088
64
0
17216
1152
64
0
17344
1216
64
0
17472
1280
64
0
17600
1344
64
0
17728
1408
64
0
17856
1472
64
0
17984
1536
64
0
18112
1600
64
0
18240
1664
64
0
64
1728
64
1
18496
1792
64
0
18624
1856
64
0
18752
1920
64
0
18880
1984
64
0
16256
0
64
0
16384
64
64
0
0
128
64
1
16640
192
64
0
16768
256
64
0
16896
320
64
0
17024
384
64
0
17152
448
64
0
17280
512
64
0
17408
576
64
0
17536
640
64
0
17664
704
64
0
17792
768
64
0
17920
832
64
0
18048
896
64
0
0
960
64
1
18304
1024
64
0
18432
1088
64
0
18560
1152
64
0
18688
1216
64
0
18816
1280
64
0
18944
1344
64
0
19072
1408
64
0
19200
1472
64
0
19328
1536
64
0
19456
1600
64
0
19584
1664
64
0
19712
1728
64
0
0
1792
64
1
19968
1856
64
0
20096
1920
64
0
20224
1984
64
0
16320
0
64
0
16448
64
64
0
64
128
64
1
16704
192
64
0
16832
256
64
0
16960
320
64
0
17088
384
64
0
17216
448
64
0
17344
512
64
0
17472
576
64
0
17600
640
64
0
17728
704
64
0
17856
768
64
0
17984
832
64
0
18112
896
64
0
64
960
64
1
18368
1024
64
0
18496
1088
64
0
18624
1152
64
0
18752
1216
64
0
18880
1280
64
0
19008
1344
64
0
19136
1408
64
0
19264
1472
64
0
19392
1536
64
0
19520
1600
64
0
19648
1664
64
0
19776
1728
64
0
64
1792
64
1
20032
1856
64
0
20160
1920
64
0
20288
1984
64
0
16384
0
64
0
16512
64
64
0
16640
128
64
0
16768
192
64
0
16896
256
64
0
17024
320
64
0
17152
384
64
0
17280
448
64
0
17408
512
64
0
17536
576
64
0
17664
640
64
0
17792
704
64
0
17920
768
64
0
18048
832
64
0
18176
896
64
0
18304
960
64
0
18432
1024
64
0
18560
1088
64
0
18688
1152
64
0
18816
1216
64
0
18944
1280
64
0
19072
1344
64
0
19200
1408
64
0
19328
1472
64
0
19456
1536
64
0
19584
1600
64
0
19712
1664
64
0
19840
1728
64
0
19968
1792
64
0
20096
1856
64
0
20224
1920
64
0
20352
1984
64
0
16448
0
64
0
16576
64
64
0
16704
128
64
0
16832
192
64
0
16960
256
64
0
17088
320
64
0
17216
384
64
0
17344
448
64
0
17472
512
64
0
17600
576
64
0
17728
640
64
0
17856
704
64
0
17984
768
64
0
18112
832
64
0
18240
896
64
0
18368
960
64
0
18496
1024
64
0
18624
1088
64
0
18752
1152
64
0
18880
1216
64
0
19008
1280
64
0
19136
1344
64
0
19264
1408
64
0
19392
1472
64
0
19520
1536
64
0
19648
1600
64
0
19776
1664
64
0
19904
1728
64
0
20032
1792
64
0
20160
1856
64
0
20288
1920
64
0
20416
1984
64
0
16512
0
64
0
0
64
64
1
16768
128
64
0
16896
192
64
0
17024
256
64
0
17152
320
64
0
17280
384
64
0
17408
448
64
0
17536
512
64
0
17664
576
64
0
17792
640
64
0
17920
704
64
0
18048
768
64
0
18176
832
64
0
0
896
64
1
18432
960
64
0
18560
1024
64
0
18688
1088
64
0
18816
1152
64
0
18944
1216
64
0
19072
1280
64
0
19200
1344
64
0
19328
1408
64
0
19456
1472
64
0
19584
1536
64
0
19712
1600
64
0
19840
1664
64
0
0
1728
64
1
20096
1792
64
0
20224
1856
64
0
20352
1920
64
0
20480
1984
64
0
16576
0
64
0
64
64
64
1
16832
128
64
0
16960
192
64
0
17088
256
64
0
17216
320
64
0
17344
384
64
0
17472
448
64
0
17600
512
64
0
17728
576
64
0
17856
640
64
0
17984
704
64
0
18112
768
64
0
18240
832
64
0
64
896
64
1
18496
960
64
0
18624
1024
64
0
18752
1088
64
0
18880
1152
64
0
19008
1216
64
0
19136
1280
64
0
19264
1344
64
0
19392
1408
64
0
19520
1472
64
0
19648
1536
64
0
19776
1600
64
0
19904
1664
64
0
64
1728
64
1
20160
1792
64
0
20288
1856
64
0
20416
1920
64
0
20544
1984
64
0
17920
0
64
0
18048
64
64
0
0
128
64
1
18304
192
64
0
18432
256
64
0
18560
320
64
0
18688
384
64
0
18816
448
64
0
18944
512
64
0
19072
576
64
0
19200
640
64
0
19328
704
64
0
19456
768
64
0
19584
832
64
0
19712
896
64
0
0
960
64
1
19968
1024
64
0
20096
1088
64
0
20224
1152
64
0
20352
1216
64
0
20480
1280
64
0
20608
1344
64
0
20736
1408
64
0
20864
1472
64
0
20992
1536
64
0
21120
1600
64
0
21248
1664
64
0
21376
1728
64
0
0
1792
64
1
0
1856
64
1
0
1920
64
1
0
1984
64
1
17984
0
64
0
18112
64
64
0
64
128
64
1
18368
192
64
0
18496
256
64
0
18624
320
64
0
18752
384
64
0
18880
448
64
0
19008
512
64
0
19136
576
64
0
19264
640
64
0
19392
704
64
0
19520
768
64
0
19648
832
64
0
19776
896
64
0
64
960
64
1
20032
1024
64
0
20160
1088
64
0
20288
1152
64
0
20416
1216
64
0
20544
1280
64
0
20672
1344
64
0
20800
1408
64
0
20928
1472
64
0
21056
1536
64
0
21184
1600
64
0
21312
1664
64
0
21440
1728
64
0
64
1792
64
1
64
1856
64
1
64
1920
64
1
64
1984
64
1
18048
0
64
0
18176
64
64
0
18304
128
64
0
18432
192
64
0
18560
256
64
0
18688
320
64
0
18816
384
64
0
18944
448
64
0
19072
512
64
0
19200
576
64
0
19328
640
64
0
19456
704
64
0
19584
768
64
0
19712
832
64
0
19840
896
64
0
19968
960
64
0
20096
1024
64
0
20224
1088
64
0
20352
1152
64
0
20480
1216
64
0
20608
1280
64
0
20736
1344
64
0
20864
1408
64
0
20992
1472
64
0
21120
1536
64
0
21248
1600
64
0
21376
1664
64
0
21504
1728
64
0
0
1792
64
1
0
1856
64
1
0
1920
64
1
0
1984
64
1
18112
0
64
0
18240
64
64
0
18368
128
64
0
18496
192
64
0
18624
256
64
0
18752
320
64
0
18880
384
64
0
19008
448
64
0
19136
512
64
0
19264
576
64
0
19392
640
64
0
19520
704
64
0
19648
768
64
0
19776
832
64
0
19904
896
64
0
20032
960
64
0
20160
1024
64
0
20288
1088
64
0
20416
1152
64
0
20544
1216
64
0
20672
1280
64
0
20800
1344
64
0
20928
1408
64
0
21056
1472
64
0
21184
1536
64
0
21312
1600
64
0
21440
1664
64
0
21568
1728
64
0
64
1792
64
1
64
1856
64
1
64
1920
64
1
64
1984
64
1
18176
0
64
0
0
64
64
1
18432
128
64
0
18560
192
64
0
18688
256
64
0
18816
320
64
0
18944
384
64
0
19072
448
64
0
19200
512
64
0
19328
576
64
0
19456
640
64
0
19584
704
64
0
19712
768
64
0
19840
832
64
0
0
896
64
1
20096
960
64
0
20224
1024
64
0
20352
1088
64
0
20480
1152
64
0
20608
1216
64
0
20736
1280
64
0
20864
1344
64
0
20992
1408
64
0
21120
1472
64
0
21248
1536
64
0
21376
1600
64
0
21504
1664
64
0
0
1728
64
1
0
1792
64
1
0
1856
64
1
0
1920
64
1
0
1984
64
1
18240
0
64
0
64
64
64
1
18496
128
64
0
18624
192
64
0
18752
256
64
0
18880
320
64
0
19008
384
64
0
19136
448
64
0
19264
512
64
0
19392
576
64
0
19520
640
64
0
19648
704
64
0
19776
768
64
0
19904
832
64
0
64
896
64
1
20160
960
64
0
20288
1024
64
0
20416
1088
64
0
20544
1152
64
0
20672
1216
64
0
20800
1280
64
0
20928
1344
64
0
21056
1408
64
0
21184
1472
64
0
21312
1536
64
0
21440
1600
64
0
21568
1664
64
0
64
1728
64
1
64
1792
64
1
64
1856
64
1
64
1920
64
1
64
1984
64
1
18688
0
64
0
18816
64
64
0
18944
128
64
0
19072
192
64
0
19200
256
64
0
19328
320
64
0
19456
384
64
0
19584
448
64
0
19712
512
64
0
0
576
64
1
0
640
64
1
0
704
64
1
0
768
64
1
0
832
64
1
0
896
64
1
0
960
64
1
0
1024
64
1
0
1088
64
1
0
1152
64
1
0
1216
64
1
0
1280
64
1
0
1344
64
1
0
1408
64
1
0
1472
64
1
0
1536
64
1
0
1600
64
1
0
1664
64
1
0
1728
64
1
0
1792
64
1
0
1856
64
1
0
1920
64
1
0
1984
64
1
18752
0
64
0
18880
64
64
0
19008
128
64
0
19136
192
64
0
19264
256
64
0
19392
320
64
0
19520
384
64
0
19648
448
64
0
19776
512
64
0
64
576
64
1
64
640
64
1
64
704
64
1
64
768
64
1
64
832
64
1
64
896
64
1
64
960
64
1
64
1024
64
1
64
1088
64
1
64
1152
64
1
64
1216
64
1
64
1280
64
1
64
1344
64
1
64
1408
64
1
64
1472
64
1
64
1536
64
1
64
1600
64
1
64
1664
64
1
64
1728
64
1
64
1792
64
1
64
1856
64
1
64
1920
64
1
64
1984
64
1
18816
0
64
0
18944
64
64
0
19072
128
64
0
19200
192
64
0
19328
256
64
0
19456
320
64
0
19584
384
64
0
19712
448
64
0
19840
512
64
0
128
576
64
1
128
640
64
1
128
704
64
1
128
768
64
1
128
832
64
1
128
896
64
1
128
960
64
1
128
1024
64
1
128
1088
64
1
128
1152
64
1
128
1216
64
1
128
1280
64
1
128
1344
64
1
128
1408
64
1
128
1472
64
1
128
1536
64
1
128
1600
64
1
128
1664
64
1
128
1728
64
1
128
1792
64
1
128
1856
64
1
128
1920
64
1
128
1984
64
1
18880
0
64
0
19008
64
64
0
19136
128
64
0
19264
192
64
0
19392
256
64
0
19520
320
64
0
19648
384
64
0
19776
448
64
0
19904
512
64
0
192
576
64
1
192
640
64
1
192
704
64
1
192
768
64
1
192
832
64
1
192
896
64
1
192
960
64
1
192
1024
64
1
192
1088
64
1
192
1152
64
1
192
1216
64
1
192
1280
64
1
192
1344
64
1
192
1408
64
1
192
1472
64
1
192
1536
64
1
192
1600
64
1
192
1664
64
1
192
1728
64
1
192
1792
64
1
192
1856
64
1
192
1920
64
1
192
1984
64
1
18944
0
64
0
19072
64
64
0
19200
128
64
0
19328
192
64
0
19456
256
64
0
19584
320
64
0
19712
384
64
0
19840
448
64
0
0
512
64
1
256
576
64
1
256
640
64
1
256
704
64
1
256
768
64
1
256
832
64
1
256
896
64
1
256
960
64
1
256
1024
64
1
256
1088
64
1
256
1152
64
1
256
1216
64
1
256
1280
64
1
256
1344
64
1
256
1408
64
1
256
1472
64
1
256
1536
64
1
256
1600
64
1
256
1664
64
1
256
1728
64
1
256
1792
64
1
256
1856
64
1
256
1920
64
1
256
1984
64
1
19008
0
64
0
19136
64
64
0
19264
128
64
0
19392
192
64
0
19520
256
64
0
19648
320
64
0
19776
384
64
0
19904
448
64
0
64
512
64
1
320
576
64
1
320
640
64
1
320
704
64
1
320
768
64
1
320
832
64
1
320
896
64
1
320
960
64
1
320
1024
64
1
320
1088
64
1
320
1152
64
1
320
1216
64
1
320
1280
64
1
320
1344
64
1
320
1408
64
1
320
1472
64
1
320
1536
64
1
320
1600
64
1
320
1664
64
1
320
1728
64
1
320
1792
64
1
320
1856
64
1
320
1920
64
1
320
1984
64
1
20352
0
64
0
20480
64
64
0
20608
128
64
0
20736
192
64
0
20864
256
64
0
20992
320
64
0
21120
384
64
0
21248
448
64
0
21376
512
64
0
384
576
64
1
384
640
64
1
384
704
64
1
384
768
64
1
384
832
64
1
384
896
64
1
384
960
64
1
384
1024
64
1
384
1088
64
1
384
1152
64
1
384
1216
64
1
384
1280
64
1
384
1344
64
1
384
1408
64
1
384
1472
64
1
384
1536
64
1
384
1600
64
1
384
1664
64
1
384
1728
64
1
384
1792
64
1
384
1856
64
1
384
1920
64
1
384
1984
64
1
20416
0
64
0
20544
64
64
0
20672
128
64
0
20800
192
64
0
20928
256
64
0
21056
320
64
0
21184
384
64
0
21312
448
64
0
21440
512
64
0
448
576
64
1
448
640
64
1
448
704
64
1
448
768
64
1
448
832
64
1
448
896
64
1
448
960
64
1
448
1024
64
1
448
1088
64
1
448
1152
64
1
448
1216
64
1
448
1280
64
1
448
1344
64
1
448
1408
64
1
448
1472
64
1
448
1536
64
1
448
1600
64
1
448
1664
64
1
448
1728
64
1
448
1792
64
1
448
1856
64
1
448
1920
64
1
448
1984
64
1
20480
0
64
0
20608
64
64
0
20736
128
64
0
20864
192
64
0
20992
256
64
0
21120
320
64
0
21248
384
64
0
21376
448
64
0
21504
512
64
0
512
576
64
1
512
640
64
1
512
704
64
1
512
768
64
1
512
832
64
1
512
896
64
1
512
960
64
1
512
1024
64
1
512
1088
64
1
512
1152
64
1
512
1216
64
1
512
1280
64
1
512
1344
64
1
512
1408
64
1
512
1472
64
1
512
1536
64
1
512
1600
64
1
512
1664
64
1
512
1728
64
1
512
1792
64
1
512
1856
64
1
512
1920
64
1
512
1984
64
1
20544
0
64
0
20672
64
64
0
20800
128
64
0
20928
192
64
0
21056
256
64
0
21184
320
64
0
21312
384
64
0
21440
448
64
0
21568
512
64
0
576
576
64
1
576
640
64
1
576
704
64
1
576
768
64
1
576
832
64
1
576
896
64
1
576
960
64
1
576
1024
64
1
576
1088
64
1
576
1152
64
1
576
1216
64
1
576
1280
64
1
576
1344
64
1
576
1408
64
1
576
1472
64
1
576
1536
64
1
576
1600
64
1
576
1664
64
1
576
1728
64
1
576
1792
64
1
576
1856
64
1
576
1920
64
1
576
1984
64
1
20608
0
64
0
20736
64
64
0
20864
128
64
0
20992
192
64
0
21120
256
64
0
21248
320
64
0
21376
384
64
0
21504
448
64
0
0
512
64
1
640
576
64
1
640
640
64
1
640
704
64
1
640
768
64
1
640
832
64
1
640
896
64
1
640
960
64
1
640
1024
64
1
640
1088
64
1
640
1152
64
1
640
1216
64
1
640
1280
64
1
640
1344
64
1
640
1408
64
1
640
1472
64
1
640
1536
64
1
640
1600
64
1
640
1664
64
1
640
1728
64
1
640
1792
64
1
640
1856
64
1
640
1920
64
1
640
1984
64
1
20672
0
64
0
20800
64
64
0
20928
128
64
0
21056
192
64
0
21184
256
64
0
21312
320
64
0
21440
384
64
0
21568
448
64
0
64
512
64
1
704
576
64
1
704
640
64
1
704
704
64
1
704
768
64
1
704
832
64
1
704
896
64
1
704
960
64
1
704
1024
64
1
704
1088
64
1
704
1152
64
1
704
1216
64
1
704
1280
64
1
704
1344
64
1
704
1408
64
1
704
1472
64
1
704
1536
64
1
704
1600
64
1
704
1664
64
1
704
1728
64
1
704
1792
64
1
704
1856
64
1
704
1920
64
1
704
1984
64
1
0
0
64
1
0
64
64
1
0
128
64
1
0
192
64
1
0
256
64
1
0
320
64
1
0
384
64
1
0
448
64
1
0
512
64
1
768
576
64
1
768
640
64
1
768
704
64
1
768
768
64
1
768
832
64
1
768
896
64
1
768
960
64
1
768
1024
64
1
768
1088
64
1
768
1152
64
1
768
1216
64
1
768
1280
64
1
768
1344
64
1
768
1408
64
1
768
1472
64
1
768
1536
64
1
768
1600
64
1
768
1664
64
1
768
1728
64
1
768
1792
64
1
768
1856
64
1
768
1920
64
1
768
1984
64
1
64
0
64
1
64
64
64
1
64
128
64
1
64
192
64
1
64
256
64
1
64
320
64
1
64
384
64
1
64
448
64
1
64
512
64
1
832
576
64
1
832
640
64
1
832
704
64
1
832
768
64
1
832
832
64
1
832
896
64
1
832
960
64
1
832
1024
64
1
832
1088
64
1
832
1152
64
1
832
1216
64
1
832
1280
64
1
832
1344
64
1
832
1408
64
1
832
1472
64
1
832
1536
64
1
832
1600
64
1
832
1664
64
1
832
1728
64
1
832
1792
64
1
832
1856
64
1
832
1920
64
1
832
1984
64
1
0
0
64
1
0
64
64
1
0
128
64
1
0
192
64
1
0
256
64
1
0
320
64
1
0
384
64
1
0
448
64
1
0
512
64
1
896
576
64
1
896
640
64
1
896
704
64
1
896
768
64
1
896
832
64
1
896
896
64
1
896
960
64
1
896
1024
64
1
896
1088
64
1
896
1152
64
1
896
1216
64
1
896
1280
64
1
896
1344
64
1
896
1408
64
1
896
1472
64
1
896
1536
64
1
896
1600
64
1
896
1664
64
1
896
1728
64
1
896
1792
64
1
896
1856
64
1
896
1920
64
1
896
1984
64
1
64
0
64
1
64
64
64
1
64
128
64
1
64
192
64
1
64
256
64
1
64
320
64
1
64
384
64
1
64
448
64
1
64
512
64
1
960
576
64
1
960
640
64
1
960
704
64
1
960
768
64
1
960
832
64
1
960
896
64
1
960
960
64
1
960
1024
64
1
960
1088
64
1
960
1152
64
1
960
1216
64
1
960
1280
64
1
960
1344
64
1
960
1408
64
1
960
1472
64
1
960
1536
64
1
960
1600
64
1
960
1664
64
1
960
1728
64
1
960
1792
64
1
960
1856
64
1
960
1920
64
1
960
1984
64
1
0
0
64
1
0
64
64
1
0
128
64
1
0
192
64
1
0
256
64
1
0
320
64
1
0
384
64
1
0
448
64
1
0
512
64
1
1024
576
64
1
1024
640
64
1
1024
704
64
1
1024
768
64
1
1024
832
64
1
1024
896
64
1
1024
960
64
1
1024
1024
64
1
1024
1088
64
1
1024
1152
64
1
1024
1216
64
1
1024
1280
64
1
1024
1344
64
1
1024
1408
64
1
1024
1472
64
1
1024
1536
64
1
1024
1600
64
1
1024
1664
64
1
1024
1728
64
1
1024
1792
64
1
1024
1856
64
1
1024
1920
64
1
1024
1984
64
1
64
0
64
1
64
64
64
1
64
128
64
1
64
192
64
1
64
256
64
1
64
320
64
1
64
384
64
1
64
448
64
1
64
512
64
1
1088
576
64
1
1088
640
64
1
1088
704
64
1
1088
768
64
1
1088
832
64
1
1088
896
64
1
1088
960
64
1
1088
1024
64
1
1088
1088
64
1
1088
1152
64
1
1088
1216
64
1
1088
1280
64
1
1088
1344
64
1
1088
1408
64
1
1088
1472
64
1
1088
1536
64
1
1088
1600
64
1
1088
1664
64
1
1088
1728
64
1
1088
1792
64
1
1088
1856
64
1
1088
1920
64
1
1088
1984
64
1
