0
0
64
0
128
64
64
0
256
128
64
0
384
192
64
0
512
256
64
0
640
320
64
0
768
384
64
0
896
448
64
0
1024
512
64
0
1152
576
64
0
1280
640
64
0
1408
704
64
0
1536
768
64
0
1664
832
64
0
1792
896
64
0
1920
960
64
0
2048
1024
64
0
2176
1088
64
0
2304
1152
64
0
2432
1216
64
0
2560
1280
64
0
2688
1344
64
0
2816
1408
64
0
2944
1472
64
0
3072
1536
64
0
3200
1600
64
0
3328
1664
64
0
3456
1728
64
0
3584
1792
64
0
3712
1856
64
0
3840
1920
64
0
3968
1984
64
0
64
0
64
0
192
64
64
0
320
128
64
0
448
192
64
0
576
256
64
0
704
320
64
0
832
384
64
0
960
448
64
0
1088
512
64
0
1216
576
64
0
1344
640
64
0
1472
704
64
0
1600
768
64
0
1728
832
64
0
1856
896
64
0
1984
960
64
0
2112
1024
64
0
2240
1088
64
0
2368
1152
64
0
2496
1216
64
0
2624
1280
64
0
2752
1344
64
0
2880
1408
64
0
3008
1472
64
0
3136
1536
64
0
3264
1600
64
0
3392
1664
64
0
3520
1728
64
0
3648
1792
64
0
3776
1856
64
0
3904
1920
64
0
4032
1984
64
0
4096
0
64
0
4224
64
64
0
4352
128
64
0
4480
192
64
0
4608
256
64
0
4736
320
64
0
4864
384
64
0
4992
448
64
0
5120
512
64
0
5248
576
64
0
5376
640
64
0
5504
704
64
0
5632
768
64
0
5760
832
64
0
5888
896
64
0
6016
960
64
0
6144
1024
64
0
6272
1088
64
0
6400
1152
64
0
6528
1216
64
0
6656
1280
64
0
6784
1344
64
0
6912
1408
64
0
7040
1472
64
0
7168
1536
64
0
7296
1600
64
0
7424
1664
64
0
7552
1728
64
0
7680
1792
64
0
7808
1856
64
0
7936
1920
64
0
8064
1984
64
0
4160
0
64
0
4288
64
64
0
4416
128
64
0
4544
192
64
0
4672
256
64
0
4800
320
64
0
4928
384
64
0
5056
448
64
0
5184
512
64
0
5312
576
64
0
5440
640
64
0
5568
704
64
0
5696
768
64
0
5824
832
64
0
5952
896
64
0
6080
960
64
0
6208
1024
64
0
6336
1088
64
0
6464
1152
64
0
6592
1216
64
0
6720
1280
64
0
6848
1344
64
0
6976
1408
64
0
7104
1472
64
0
7232
1536
64
0
7360
1600
64
0
7488
1664
64
0
7616
1728
64
0
7744
1792
64
0
7872
1856
64
0
8000
1920
64
0
8128
1984
64
0
8192
0
64
0
8320
64
64
0
8448
128
64
0
8576
192
64
0
8704
256
64
0
8832
320
64
0
8960
384
64
0
9088
448
64
0
9216
512
64
0
9344
576
64
0
9472
640
64
0
9600
704
64
0
9728
768
64
0
9856
832
64
0
9984
896
64
0
10112
960
64
0
10240
1024
64
0
10368
1088
64
0
10496
1152
64
0
10624
1216
64
0
10752
1280
64
0
10880
1344
64
0
11008
1408
64
0
11136
1472
64
0
11264
1536
64
0
11392
1600
64
0
11520
1664
64
0
11648
1728
64
0
11776
1792
64
0
11904
1856
64
0
12032
1920
64
0
12160
1984
64
0
8256
0
64
0
8384
64
64
0
8512
128
64
0
8640
192
64
0
8768
256
64
0
8896
320
64
0
9024
384
64
0
9152
448
64
0
9280
512
64
0
9408
576
64
0
9536
640
64
0
9664
704
64
0
9792
768
64
0
9920
832
64
0
10048
896
64
0
10176
960
64
0
10304
1024
64
0
10432
1088
64
0
10560
1152
64
0
10688
1216
64
0
10816
1280
64
0
10944
1344
64
0
11072
1408
64
0
11200
1472
64
0
11328
1536
64
0
11456
1600
64
0
11584
1664
64
0
11712
1728
64
0
11840
1792
64
0
11968
1856
64
0
12096
1920
64
0
12224
1984
64
0
12288
0
64
0
12416
64
64
0
12544
128
64
0
12672
192
64
0
12800
256
64
0
12928
320
64
0
13056
384
64
0
13184
448
64
0
13312
512
64
0
13440
576
64
0
13568
640
64
0
13696
704
64
0
13824
768
64
0
13952
832
64
0
14080
896
64
0
14208
960
64
0
14336
1024
64
0
14464
1088
64
0
14592
1152
64
0
14720
1216
64
0
14848
1280
64
0
14976
1344
64
0
15104
1408
64
0
15232
1472
64
0
15360
1536
64
0
15488
1600
64
0
15616
1664
64
0
15744
1728
64
0
15872
1792
64
0
16000
1856
64
0
16128
1920
64
0
16256
1984
64
0
12352
0
64
0
12480
64
64
0
12608
128
64
0
12736
192
64
0
12864
256
64
0
12992
320
64
0
13120
384
64
0
13248
448
64
0
13376
512
64
0
13504
576
64
0
13632
640
64
0
13760
704
64
0
13888
768
64
0
14016
832
64
0
14144
896
64
0
14272
960
64
0
14400
1024
64
0
14528
1088
64
0
14656
1152
64
0
14784
1216
64
0
14912
1280
64
0
15040
1344
64
0
15168
1408
64
0
15296
1472
64
0
15424
1536
64
0
15552
1600
64
0
15680
1664
64
0
15808
1728
64
0
15936
1792
64
0
16064
1856
64
0
16192
1920
64
0
16320
1984
64
0
16384
0
64
0
16512
64
64
0
16640
128
64
0
16768
192
64
0
16896
256
64
0
17024
320
64
0
17152
384
64
0
17280
448
64
0
17408
512
64
0
17536
576
64
0
17664
640
64
0
17792
704
64
0
17920
768
64
0
18048
832
64
0
18176
896
64
0
18304
960
64
0
18432
1024
64
0
18560
1088
64
0
18688
1152
64
0
18816
1216
64
0
18944
1280
64
0
19072
1344
64
0
19200
1408
64
0
19328
1472
64
0
19456
1536
64
0
19584
1600
64
0
19712
1664
64
0
19840
1728
64
0
19968
1792
64
0
20096
1856
64
0
20224
1920
64
0
20352
1984
64
0
16448
0
64
0
16576
64
64
0
16704
128
64
0
16832
192
64
0
16960
256
64
0
17088
320
64
0
17216
384
64
0
17344
448
64
0
17472
512
64
0
17600
576
64
0
17728
640
64
0
17856
704
64
0
17984
768
64
0
18112
832
64
0
18240
896
64
0
18368
960
64
0
18496
1024
64
0
18624
1088
64
0
18752
1152
64
0
18880
1216
64
0
19008
1280
64
0
19136
1344
64
0
19264
1408
64
0
19392
1472
64
0
19520
1536
64
0
19648
1600
64
0
19776
1664
64
0
19904
1728
64
0
20032
1792
64
0
20160
1856
64
0
20288
1920
64
0
20416
1984
64
0
20480
0
64
0
20608
64
64
0
20736
128
64
0
20864
192
64
0
20992
256
64
0
21120
320
64
0
21248
384
64
0
21376
448
64
0
21504
512
64
0
21632
576
64
0
21760
640
64
0
21888
704
64
0
22016
768
64
0
22144
832
64
0
22272
896
64
0
22400
960
64
0
22528
1024
64
0
22656
1088
64
0
22784
1152
64
0
22912
1216
64
0
23040
1280
64
0
23168
1344
64
0
23296
1408
64
0
23424
1472
64
0
23552
1536
64
0
23680
1600
64
0
23808
1664
64
0
23936
1728
64
0
24064
1792
64
0
24192
1856
64
0
24320
1920
64
0
24448
1984
64
0
20544
0
64
0
20672
64
64
0
20800
128
64
0
20928
192
64
0
21056
256
64
0
21184
320
64
0
21312
384
64
0
21440
448
64
0
21568
512
64
0
21696
576
64
0
21824
640
64
0
21952
704
64
0
22080
768
64
0
22208
832
64
0
22336
896
64
0
22464
960
64
0
22592
1024
64
0
22720
1088
64
0
22848
1152
64
0
22976
1216
64
0
23104
1280
64
0
23232
1344
64
0
23360
1408
64
0
23488
1472
64
0
23616
1536
64
0
23744
1600
64
0
23872
1664
64
0
24000
1728
64
0
24128
1792
64
0
24256
1856
64
0
24384
1920
64
0
24512
1984
64
0
24576
0
64
0
24704
64
64
0
24832
128
64
0
24960
192
64
0
0
256
64
1
0
320
64
1
0
384
64
1
0
448
64
1
0
512
64
1
0
576
64
1
0
640
64
1
0
704
64
1
0
768
64
1
0
832
64
1
0
896
64
1
0
960
64
1
0
1024
64
1
0
1088
64
1
0
1152
64
1
0
1216
64
1
0
1280
64
1
0
1344
64
1
0
1408
64
1
0
1472
64
1
0
1536
64
1
0
1600
64
1
0
1664
64
1
0
1728
64
1
0
1792
64
1
0
1856
64
1
0
1920
64
1
0
1984
64
1
24640
0
64
0
24768
64
64
0
24896
128
64
0
25024
192
64
0
64
256
64
1
64
320
64
1
64
384
64
1
64
448
64
1
64
512
64
1
64
576
64
1
64
640
64
1
64
704
64
1
64
768
64
1
64
832
64
1
64
896
64
1
64
960
64
1
64
1024
64
1
64
1088
64
1
64
1152
64
1
64
1216
64
1
64
1280
64
1
64
1344
64
1
64
1408
64
1
64
1472
64
1
64
1536
64
1
64
1600
64
1
64
1664
64
1
64
1728
64
1
64
1792
64
1
64
1856
64
1
64
1920
64
1
64
1984
64
1
