0
0
64
0
128
64
64
0
256
128
64
0
384
192
64
0
512
256
64
0
640
320
64
0
768
384
64
0
896
448
64
0
1024
512
64
0
1152
576
64
0
1280
640
64
0
1408
704
64
0
1536
768
64
0
1664
832
64
0
1792
896
64
0
1920
960
64
0
2048
1024
64
0
2176
1088
64
0
2304
1152
64
0
2432
1216
64
0
2560
1280
64
0
2688
1344
64
0
2816
1408
64
0
2944
1472
64
0
3072
1536
64
0
3200
1600
64
0
3328
1664
64
0
3456
1728
64
0
3584
1792
64
0
3712
1856
64
0
3840
1920
64
0
3968
1984
64
0
64
0
64
0
192
64
64
0
320
128
64
0
448
192
64
0
576
256
64
0
704
320
64
0
832
384
64
0
960
448
64
0
1088
512
64
0
1216
576
64
0
1344
640
64
0
1472
704
64
0
1600
768
64
0
1728
832
64
0
1856
896
64
0
1984
960
64
0
2112
1024
64
0
2240
1088
64
0
2368
1152
64
0
2496
1216
64
0
2624
1280
64
0
2752
1344
64
0
2880
1408
64
0
3008
1472
64
0
3136
1536
64
0
3264
1600
64
0
3392
1664
64
0
3520
1728
64
0
3648
1792
64
0
3776
1856
64
0
3904
1920
64
0
4032
1984
64
0
4096
0
64
0
4224
64
64
0
4352
128
64
0
4480
192
64
0
4608
256
64
0
4736
320
64
0
4864
384
64
0
4992
448
64
0
5120
512
64
0
5248
576
64
0
5376
640
64
0
5504
704
64
0
5632
768
64
0
5760
832
64
0
5888
896
64
0
6016
960
64
0
6144
1024
64
0
6272
1088
64
0
6400
1152
64
0
6528
1216
64
0
6656
1280
64
0
6784
1344
64
0
6912
1408
64
0
7040
1472
64
0
7168
1536
64
0
7296
1600
64
0
7424
1664
64
0
7552
1728
64
0
7680
1792
64
0
7808
1856
64
0
7936
1920
64
0
8064
1984
64
0
4160
0
64
0
4288
64
64
0
4416
128
64
0
4544
192
64
0
4672
256
64
0
4800
320
64
0
4928
384
64
0
5056
448
64
0
5184
512
64
0
5312
576
64
0
5440
640
64
0
5568
704
64
0
5696
768
64
0
5824
832
64
0
5952
896
64
0
6080
960
64
0
6208
1024
64
0
6336
1088
64
0
6464
1152
64
0
6592
1216
64
0
6720
1280
64
0
6848
1344
64
0
6976
1408
64
0
7104
1472
64
0
7232
1536
64
0
7360
1600
64
0
7488
1664
64
0
7616
1728
64
0
7744
1792
64
0
7872
1856
64
0
8000
1920
64
0
8128
1984
64
0
8192
0
64
0
8320
64
64
0
8448
128
64
0
8576
192
64
0
8704
256
64
0
8832
320
64
0
8960
384
64
0
9088
448
64
0
9216
512
64
0
9344
576
64
0
9472
640
64
0
9600
704
64
0
9728
768
64
0
9856
832
64
0
9984
896
64
0
10112
960
64
0
10240
1024
64
0
10368
1088
64
0
10496
1152
64
0
10624
1216
64
0
10752
1280
64
0
10880
1344
64
0
11008
1408
64
0
11136
1472
64
0
11264
1536
64
0
11392
1600
64
0
11520
1664
64
0
11648
1728
64
0
11776
1792
64
0
11904
1856
64
0
12032
1920
64
0
12160
1984
64
0
8256
0
64
0
8384
64
64
0
8512
128
64
0
8640
192
64
0
8768
256
64
0
8896
320
64
0
9024
384
64
0
9152
448
64
0
9280
512
64
0
9408
576
64
0
9536
640
64
0
9664
704
64
0
9792
768
64
0
9920
832
64
0
10048
896
64
0
10176
960
64
0
10304
1024
64
0
10432
1088
64
0
10560
1152
64
0
10688
1216
64
0
10816
1280
64
0
10944
1344
64
0
11072
1408
64
0
11200
1472
64
0
11328
1536
64
0
11456
1600
64
0
11584
1664
64
0
11712
1728
64
0
11840
1792
64
0
11968
1856
64
0
12096
1920
64
0
12224
1984
64
0
12288
0
64
0
12416
64
64
0
12544
128
64
0
12672
192
64
0
12800
256
64
0
12928
320
64
0
13056
384
64
0
13184
448
64
0
13312
512
64
0
13440
576
64
0
13568
640
64
0
13696
704
64
0
13824
768
64
0
13952
832
64
0
14080
896
64
0
14208
960
64
0
14336
1024
64
0
14464
1088
64
0
14592
1152
64
0
14720
1216
64
0
14848
1280
64
0
14976
1344
64
0
15104
1408
64
0
15232
1472
64
0
15360
1536
64
0
15488
1600
64
0
15616
1664
64
0
15744
1728
64
0
15872
1792
64
0
16000
1856
64
0
16128
1920
64
0
16256
1984
64
0
12352
0
64
0
12480
64
64
0
12608
128
64
0
12736
192
64
0
12864
256
64
0
12992
320
64
0
13120
384
64
0
13248
448
64
0
13376
512
64
0
13504
576
64
0
13632
640
64
0
13760
704
64
0
13888
768
64
0
14016
832
64
0
14144
896
64
0
14272
960
64
0
14400
1024
64
0
14528
1088
64
0
14656
1152
64
0
14784
1216
64
0
14912
1280
64
0
15040
1344
64
0
15168
1408
64
0
15296
1472
64
0
15424
1536
64
0
15552
1600
64
0
15680
1664
64
0
15808
1728
64
0
15936
1792
64
0
16064
1856
64
0
16192
1920
64
0
16320
1984
64
0
16384
0
64
0
16512
64
64
0
16640
128
64
0
16768
192
64
0
16896
256
64
0
17024
320
64
0
17152
384
64
0
17280
448
64
0
17408
512
64
0
17536
576
64
0
17664
640
64
0
17792
704
64
0
17920
768
64
0
18048
832
64
0
18176
896
64
0
18304
960
64
0
18432
1024
64
0
18560
1088
64
0
18688
1152
64
0
18816
1216
64
0
18944
1280
64
0
19072
1344
64
0
19200
1408
64
0
19328
1472
64
0
19456
1536
64
0
19584
1600
64
0
19712
1664
64
0
19840
1728
64
0
19968
1792
64
0
20096
1856
64
0
20224
1920
64
0
20352
1984
64
0
16448
0
64
0
16576
64
64
0
16704
128
64
0
16832
192
64
0
16960
256
64
0
17088
320
64
0
17216
384
64
0
17344
448
64
0
17472
512
64
0
17600
576
64
0
17728
640
64
0
17856
704
64
0
17984
768
64
0
18112
832
64
0
18240
896
64
0
18368
960
64
0
18496
1024
64
0
18624
1088
64
0
18752
1152
64
0
18880
1216
64
0
19008
1280
64
0
19136
1344
64
0
19264
1408
64
0
19392
1472
64
0
19520
1536
64
0
19648
1600
64
0
19776
1664
64
0
19904
1728
64
0
20032
1792
64
0
20160
1856
64
0
20288
1920
64
0
20416
1984
64
0
20480
0
64
0
20608
64
64
0
20736
128
64
0
20864
192
64
0
20992
256
64
0
21120
320
64
0
21248
384
64
0
21376
448
64
0
21504
512
64
0
21632
576
64
0
21760
640
64
0
21888
704
64
0
22016
768
64
0
22144
832
64
0
22272
896
64
0
22400
960
64
0
22528
1024
64
0
22656
1088
64
0
22784
1152
64
0
22912
1216
64
0
23040
1280
64
0
23168
1344
64
0
23296
1408
64
0
23424
1472
64
0
23552
1536
64
0
23680
1600
64
0
23808
1664
64
0
23936
1728
64
0
24064
1792
64
0
24192
1856
64
0
24320
1920
64
0
24448
1984
64
0
20544
0
64
0
20672
64
64
0
20800
128
64
0
20928
192
64
0
21056
256
64
0
21184
320
64
0
21312
384
64
0
21440
448
64
0
21568
512
64
0
21696
576
64
0
21824
640
64
0
21952
704
64
0
22080
768
64
0
22208
832
64
0
22336
896
64
0
22464
960
64
0
22592
1024
64
0
22720
1088
64
0
22848
1152
64
0
22976
1216
64
0
23104
1280
64
0
23232
1344
64
0
23360
1408
64
0
23488
1472
64
0
23616
1536
64
0
23744
1600
64
0
23872
1664
64
0
24000
1728
64
0
24128
1792
64
0
24256
1856
64
0
24384
1920
64
0
24512
1984
64
0
24576
0
64
0
24704
64
64
0
24832
128
64
0
24960
192
64
0
25088
256
64
0
25216
320
64
0
25344
384
64
0
25472
448
64
0
25600
512
64
0
25728
576
64
0
25856
640
64
0
25984
704
64
0
26112
768
64
0
26240
832
64
0
26368
896
64
0
26496
960
64
0
26624
1024
64
0
26752
1088
64
0
26880
1152
64
0
27008
1216
64
0
27136
1280
64
0
27264
1344
64
0
27392
1408
64
0
27520
1472
64
0
27648
1536
64
0
27776
1600
64
0
27904
1664
64
0
28032
1728
64
0
28160
1792
64
0
28288
1856
64
0
28416
1920
64
0
28544
1984
64
0
24640
0
64
0
24768
64
64
0
24896
128
64
0
25024
192
64
0
25152
256
64
0
25280
320
64
0
25408
384
64
0
25536
448
64
0
25664
512
64
0
25792
576
64
0
25920
640
64
0
26048
704
64
0
26176
768
64
0
26304
832
64
0
26432
896
64
0
26560
960
64
0
26688
1024
64
0
26816
1088
64
0
26944
1152
64
0
27072
1216
64
0
27200
1280
64
0
27328
1344
64
0
27456
1408
64
0
27584
1472
64
0
27712
1536
64
0
27840
1600
64
0
27968
1664
64
0
28096
1728
64
0
28224
1792
64
0
28352
1856
64
0
28480
1920
64
0
28608
1984
64
0
28672
0
64
0
28800
64
64
0
28928
128
64
0
29056
192
64
0
29184
256
64
0
29312
320
64
0
29440
384
64
0
29568
448
64
0
29696
512
64
0
29824
576
64
0
29952
640
64
0
30080
704
64
0
30208
768
64
0
30336
832
64
0
30464
896
64
0
30592
960
64
0
30720
1024
64
0
30848
1088
64
0
30976
1152
64
0
31104
1216
64
0
31232
1280
64
0
31360
1344
64
0
31488
1408
64
0
31616
1472
64
0
31744
1536
64
0
31872
1600
64
0
32000
1664
64
0
32128
1728
64
0
32256
1792
64
0
32384
1856
64
0
32512
1920
64
0
32640
1984
64
0
28736
0
64
0
28864
64
64
0
28992
128
64
0
29120
192
64
0
29248
256
64
0
29376
320
64
0
29504
384
64
0
29632
448
64
0
29760
512
64
0
29888
576
64
0
30016
640
64
0
30144
704
64
0
30272
768
64
0
30400
832
64
0
30528
896
64
0
30656
960
64
0
30784
1024
64
0
30912
1088
64
0
31040
1152
64
0
31168
1216
64
0
31296
1280
64
0
31424
1344
64
0
31552
1408
64
0
31680
1472
64
0
31808
1536
64
0
31936
1600
64
0
32064
1664
64
0
32192
1728
64
0
32320
1792
64
0
32448
1856
64
0
32576
1920
64
0
32704
1984
64
0
32768
0
64
0
32896
64
64
0
33024
128
64
0
33152
192
64
0
33280
256
64
0
33408
320
64
0
33536
384
64
0
33664
448
64
0
33792
512
64
0
33920
576
64
0
34048
640
64
0
34176
704
64
0
34304
768
64
0
34432
832
64
0
34560
896
64
0
34688
960
64
0
34816
1024
64
0
34944
1088
64
0
35072
1152
64
0
35200
1216
64
0
35328
1280
64
0
35456
1344
64
0
35584
1408
64
0
35712
1472
64
0
35840
1536
64
0
35968
1600
64
0
36096
1664
64
0
36224
1728
64
0
36352
1792
64
0
36480
1856
64
0
36608
1920
64
0
36736
1984
64
0
32832
0
64
0
32960
64
64
0
33088
128
64
0
33216
192
64
0
33344
256
64
0
33472
320
64
0
33600
384
64
0
33728
448
64
0
33856
512
64
0
33984
576
64
0
34112
640
64
0
34240
704
64
0
34368
768
64
0
34496
832
64
0
34624
896
64
0
34752
960
64
0
34880
1024
64
0
35008
1088
64
0
35136
1152
64
0
35264
1216
64
0
35392
1280
64
0
35520
1344
64
0
35648
1408
64
0
35776
1472
64
0
35904
1536
64
0
36032
1600
64
0
36160
1664
64
0
36288
1728
64
0
36416
1792
64
0
36544
1856
64
0
36672
1920
64
0
36800
1984
64
0
36864
0
64
0
36992
64
64
0
37120
128
64
0
37248
192
64
0
37376
256
64
0
37504
320
64
0
37632
384
64
0
37760
448
64
0
37888
512
64
0
38016
576
64
0
38144
640
64
0
38272
704
64
0
38400
768
64
0
38528
832
64
0
38656
896
64
0
38784
960
64
0
38912
1024
64
0
39040
1088
64
0
39168
1152
64
0
39296
1216
64
0
39424
1280
64
0
39552
1344
64
0
39680
1408
64
0
39808
1472
64
0
39936
1536
64
0
40064
1600
64
0
40192
1664
64
0
40320
1728
64
0
40448
1792
64
0
40576
1856
64
0
40704
1920
64
0
40832
1984
64
0
36928
0
64
0
37056
64
64
0
37184
128
64
0
37312
192
64
0
37440
256
64
0
37568
320
64
0
37696
384
64
0
37824
448
64
0
37952
512
64
0
38080
576
64
0
38208
640
64
0
38336
704
64
0
38464
768
64
0
38592
832
64
0
38720
896
64
0
38848
960
64
0
38976
1024
64
0
39104
1088
64
0
39232
1152
64
0
39360
1216
64
0
39488
1280
64
0
39616
1344
64
0
39744
1408
64
0
39872
1472
64
0
40000
1536
64
0
40128
1600
64
0
40256
1664
64
0
40384
1728
64
0
40512
1792
64
0
40640
1856
64
0
40768
1920
64
0
40896
1984
64
0
40960
0
64
0
41088
64
64
0
41216
128
64
0
41344
192
64
0
41472
256
64
0
41600
320
64
0
41728
384
64
0
41856
448
64
0
41984
512
64
0
42112
576
64
0
42240
640
64
0
42368
704
64
0
42496
768
64
0
42624
832
64
0
42752
896
64
0
42880
960
64
0
43008
1024
64
0
43136
1088
64
0
43264
1152
64
0
43392
1216
64
0
43520
1280
64
0
43648
1344
64
0
43776
1408
64
0
43904
1472
64
0
44032
1536
64
0
44160
1600
64
0
44288
1664
64
0
44416
1728
64
0
44544
1792
64
0
44672
1856
64
0
44800
1920
64
0
44928
1984
64
0
41024
0
64
0
41152
64
64
0
41280
128
64
0
41408
192
64
0
41536
256
64
0
41664
320
64
0
41792
384
64
0
41920
448
64
0
42048
512
64
0
42176
576
64
0
42304
640
64
0
42432
704
64
0
42560
768
64
0
42688
832
64
0
42816
896
64
0
42944
960
64
0
43072
1024
64
0
43200
1088
64
0
43328
1152
64
0
43456
1216
64
0
43584
1280
64
0
43712
1344
64
0
43840
1408
64
0
43968
1472
64
0
44096
1536
64
0
44224
1600
64
0
44352
1664
64
0
44480
1728
64
0
44608
1792
64
0
44736
1856
64
0
44864
1920
64
0
44992
1984
64
0
45056
0
64
0
45184
64
64
0
45312
128
64
0
45440
192
64
0
45568
256
64
0
45696
320
64
0
45824
384
64
0
45952
448
64
0
46080
512
64
0
46208
576
64
0
46336
640
64
0
46464
704
64
0
46592
768
64
0
46720
832
64
0
46848
896
64
0
46976
960
64
0
47104
1024
64
0
47232
1088
64
0
47360
1152
64
0
47488
1216
64
0
47616
1280
64
0
47744
1344
64
0
47872
1408
64
0
48000
1472
64
0
48128
1536
64
0
48256
1600
64
0
48384
1664
64
0
48512
1728
64
0
48640
1792
64
0
48768
1856
64
0
48896
1920
64
0
49024
1984
64
0
45120
0
64
0
45248
64
64
0
45376
128
64
0
45504
192
64
0
45632
256
64
0
45760
320
64
0
45888
384
64
0
46016
448
64
0
46144
512
64
0
46272
576
64
0
46400
640
64
0
46528
704
64
0
46656
768
64
0
46784
832
64
0
46912
896
64
0
47040
960
64
0
47168
1024
64
0
47296
1088
64
0
47424
1152
64
0
47552
1216
64
0
47680
1280
64
0
47808
1344
64
0
47936
1408
64
0
48064
1472
64
0
48192
1536
64
0
48320
1600
64
0
48448
1664
64
0
48576
1728
64
0
48704
1792
64
0
48832
1856
64
0
48960
1920
64
0
49088
1984
64
0
49152
0
64
0
49280
64
64
0
49408
128
64
0
49536
192
64
0
49664
256
64
0
49792
320
64
0
49920
384
64
0
50048
448
64
0
50176
512
64
0
50304
576
64
0
50432
640
64
0
50560
704
64
0
50688
768
64
0
50816
832
64
0
50944
896
64
0
51072
960
64
0
51200
1024
64
0
51328
1088
64
0
51456
1152
64
0
51584
1216
64
0
51712
1280
64
0
51840
1344
64
0
51968
1408
64
0
52096
1472
64
0
52224
1536
64
0
52352
1600
64
0
52480
1664
64
0
52608
1728
64
0
52736
1792
64
0
52864
1856
64
0
52992
1920
64
0
53120
1984
64
0
49216
0
64
0
49344
64
64
0
49472
128
64
0
49600
192
64
0
49728
256
64
0
49856
320
64
0
49984
384
64
0
50112
448
64
0
50240
512
64
0
50368
576
64
0
50496
640
64
0
50624
704
64
0
50752
768
64
0
50880
832
64
0
51008
896
64
0
51136
960
64
0
51264
1024
64
0
51392
1088
64
0
51520
1152
64
0
51648
1216
64
0
51776
1280
64
0
51904
1344
64
0
52032
1408
64
0
52160
1472
64
0
52288
1536
64
0
52416
1600
64
0
52544
1664
64
0
52672
1728
64
0
52800
1792
64
0
52928
1856
64
0
53056
1920
64
0
53184
1984
64
0
53248
0
64
0
53376
64
64
0
53504
128
64
0
53632
192
64
0
53760
256
64
0
53888
320
64
0
54016
384
64
0
54144
448
64
0
54272
512
64
0
54400
576
64
0
54528
640
64
0
54656
704
64
0
54784
768
64
0
54912
832
64
0
55040
896
64
0
55168
960
64
0
55296
1024
64
0
55424
1088
64
0
55552
1152
64
0
55680
1216
64
0
55808
1280
64
0
55936
1344
64
0
56064
1408
64
0
56192
1472
64
0
56320
1536
64
0
56448
1600
64
0
56576
1664
64
0
56704
1728
64
0
56832
1792
64
0
56960
1856
64
0
57088
1920
64
0
57216
1984
64
0
53312
0
64
0
53440
64
64
0
53568
128
64
0
53696
192
64
0
53824
256
64
0
53952
320
64
0
54080
384
64
0
54208
448
64
0
54336
512
64
0
54464
576
64
0
54592
640
64
0
54720
704
64
0
54848
768
64
0
54976
832
64
0
55104
896
64
0
55232
960
64
0
55360
1024
64
0
55488
1088
64
0
55616
1152
64
0
55744
1216
64
0
55872
1280
64
0
56000
1344
64
0
56128
1408
64
0
56256
1472
64
0
56384
1536
64
0
56512
1600
64
0
56640
1664
64
0
56768
1728
64
0
56896
1792
64
0
57024
1856
64
0
57152
1920
64
0
57280
1984
64
0
57344
0
64
0
57472
64
64
0
57600
128
64
0
57728
192
64
0
57856
256
64
0
57984
320
64
0
58112
384
64
0
58240
448
64
0
58368
512
64
0
58496
576
64
0
58624
640
64
0
58752
704
64
0
58880
768
64
0
59008
832
64
0
59136
896
64
0
59264
960
64
0
59392
1024
64
0
59520
1088
64
0
59648
1152
64
0
59776
1216
64
0
59904
1280
64
0
60032
1344
64
0
60160
1408
64
0
60288
1472
64
0
60416
1536
64
0
60544
1600
64
0
60672
1664
64
0
60800
1728
64
0
60928
1792
64
0
61056
1856
64
0
61184
1920
64
0
61312
1984
64
0
57408
0
64
0
57536
64
64
0
57664
128
64
0
57792
192
64
0
57920
256
64
0
58048
320
64
0
58176
384
64
0
58304
448
64
0
58432
512
64
0
58560
576
64
0
58688
640
64
0
58816
704
64
0
58944
768
64
0
59072
832
64
0
59200
896
64
0
59328
960
64
0
59456
1024
64
0
59584
1088
64
0
59712
1152
64
0
59840
1216
64
0
59968
1280
64
0
60096
1344
64
0
60224
1408
64
0
60352
1472
64
0
60480
1536
64
0
60608
1600
64
0
60736
1664
64
0
60864
1728
64
0
60992
1792
64
0
61120
1856
64
0
61248
1920
64
0
61376
1984
64
0
61440
0
64
0
61568
64
64
0
61696
128
64
0
61824
192
64
0
61952
256
64
0
62080
320
64
0
62208
384
64
0
62336
448
64
0
62464
512
64
0
62592
576
64
0
62720
640
64
0
62848
704
64
0
62976
768
64
0
63104
832
64
0
63232
896
64
0
63360
960
64
0
63488
1024
64
0
63616
1088
64
0
63744
1152
64
0
63872
1216
64
0
64000
1280
64
0
64128
1344
64
0
64256
1408
64
0
64384
1472
64
0
64512
1536
64
0
64640
1600
64
0
64768
1664
64
0
64896
1728
64
0
65024
1792
64
0
65152
1856
64
0
65280
1920
64
0
65408
1984
64
0
61504
0
64
0
61632
64
64
0
61760
128
64
0
61888
192
64
0
62016
256
64
0
62144
320
64
0
62272
384
64
0
62400
448
64
0
62528
512
64
0
62656
576
64
0
62784
640
64
0
62912
704
64
0
63040
768
64
0
63168
832
64
0
63296
896
64
0
63424
960
64
0
63552
1024
64
0
63680
1088
64
0
63808
1152
64
0
63936
1216
64
0
64064
1280
64
0
64192
1344
64
0
64320
1408
64
0
64448
1472
64
0
64576
1536
64
0
64704
1600
64
0
64832
1664
64
0
64960
1728
64
0
65088
1792
64
0
65216
1856
64
0
65344
1920
64
0
65472
1984
64
0
65536
0
64
0
65664
64
64
0
65792
128
64
0
65920
192
64
0
66048
256
64
0
66176
320
64
0
66304
384
64
0
66432
448
64
0
66560
512
64
0
66688
576
64
0
66816
640
64
0
66944
704
64
0
67072
768
64
0
67200
832
64
0
67328
896
64
0
67456
960
64
0
67584
1024
64
0
67712
1088
64
0
67840
1152
64
0
67968
1216
64
0
68096
1280
64
0
68224
1344
64
0
68352
1408
64
0
68480
1472
64
0
68608
1536
64
0
68736
1600
64
0
68864
1664
64
0
68992
1728
64
0
69120
1792
64
0
69248
1856
64
0
69376
1920
64
0
69504
1984
64
0
65600
0
64
0
65728
64
64
0
65856
128
64
0
65984
192
64
0
66112
256
64
0
66240
320
64
0
66368
384
64
0
66496
448
64
0
66624
512
64
0
66752
576
64
0
66880
640
64
0
67008
704
64
0
67136
768
64
0
67264
832
64
0
67392
896
64
0
67520
960
64
0
67648
1024
64
0
67776
1088
64
0
67904
1152
64
0
68032
1216
64
0
68160
1280
64
0
68288
1344
64
0
68416
1408
64
0
68544
1472
64
0
68672
1536
64
0
68800
1600
64
0
68928
1664
64
0
69056
1728
64
0
69184
1792
64
0
69312
1856
64
0
69440
1920
64
0
69568
1984
64
0
69632
0
64
0
69760
64
64
0
69888
128
64
0
70016
192
64
0
70144
256
64
0
70272
320
64
0
70400
384
64
0
70528
448
64
0
70656
512
64
0
70784
576
64
0
70912
640
64
0
71040
704
64
0
71168
768
64
0
71296
832
64
0
71424
896
64
0
71552
960
64
0
71680
1024
64
0
71808
1088
64
0
71936
1152
64
0
72064
1216
64
0
72192
1280
64
0
72320
1344
64
0
72448
1408
64
0
72576
1472
64
0
72704
1536
64
0
72832
1600
64
0
72960
1664
64
0
73088
1728
64
0
73216
1792
64
0
73344
1856
64
0
73472
1920
64
0
73600
1984
64
0
69696
0
64
0
69824
64
64
0
69952
128
64
0
70080
192
64
0
70208
256
64
0
70336
320
64
0
70464
384
64
0
70592
448
64
0
70720
512
64
0
70848
576
64
0
70976
640
64
0
71104
704
64
0
71232
768
64
0
71360
832
64
0
71488
896
64
0
71616
960
64
0
71744
1024
64
0
71872
1088
64
0
72000
1152
64
0
72128
1216
64
0
72256
1280
64
0
72384
1344
64
0
72512
1408
64
0
72640
1472
64
0
72768
1536
64
0
72896
1600
64
0
73024
1664
64
0
73152
1728
64
0
73280
1792
64
0
73408
1856
64
0
73536
1920
64
0
73664
1984
64
0
73728
0
64
0
73856
64
64
0
73984
128
64
0
74112
192
64
0
74240
256
64
0
74368
320
64
0
74496
384
64
0
74624
448
64
0
74752
512
64
0
74880
576
64
0
75008
640
64
0
75136
704
64
0
75264
768
64
0
75392
832
64
0
75520
896
64
0
75648
960
64
0
75776
1024
64
0
75904
1088
64
0
76032
1152
64
0
76160
1216
64
0
76288
1280
64
0
76416
1344
64
0
76544
1408
64
0
76672
1472
64
0
76800
1536
64
0
76928
1600
64
0
77056
1664
64
0
77184
1728
64
0
77312
1792
64
0
77440
1856
64
0
77568
1920
64
0
77696
1984
64
0
73792
0
64
0
73920
64
64
0
74048
128
64
0
74176
192
64
0
74304
256
64
0
74432
320
64
0
74560
384
64
0
74688
448
64
0
74816
512
64
0
74944
576
64
0
75072
640
64
0
75200
704
64
0
75328
768
64
0
75456
832
64
0
75584
896
64
0
75712
960
64
0
75840
1024
64
0
75968
1088
64
0
76096
1152
64
0
76224
1216
64
0
76352
1280
64
0
76480
1344
64
0
76608
1408
64
0
76736
1472
64
0
76864
1536
64
0
76992
1600
64
0
77120
1664
64
0
77248
1728
64
0
77376
1792
64
0
77504
1856
64
0
77632
1920
64
0
77760
1984
64
0
77824
0
64
0
77952
64
64
0
78080
128
64
0
78208
192
64
0
78336
256
64
0
78464
320
64
0
78592
384
64
0
78720
448
64
0
78848
512
64
0
78976
576
64
0
79104
640
64
0
79232
704
64
0
79360
768
64
0
79488
832
64
0
79616
896
64
0
79744
960
64
0
79872
1024
64
0
80000
1088
64
0
80128
1152
64
0
80256
1216
64
0
80384
1280
64
0
80512
1344
64
0
80640
1408
64
0
80768
1472
64
0
80896
1536
64
0
81024
1600
64
0
81152
1664
64
0
81280
1728
64
0
81408
1792
64
0
81536
1856
64
0
81664
1920
64
0
81792
1984
64
0
77888
0
64
0
78016
64
64
0
78144
128
64
0
78272
192
64
0
78400
256
64
0
78528
320
64
0
78656
384
64
0
78784
448
64
0
78912
512
64
0
79040
576
64
0
79168
640
64
0
79296
704
64
0
79424
768
64
0
79552
832
64
0
79680
896
64
0
79808
960
64
0
79936
1024
64
0
80064
1088
64
0
80192
1152
64
0
80320
1216
64
0
80448
1280
64
0
80576
1344
64
0
80704
1408
64
0
80832
1472
64
0
80960
1536
64
0
81088
1600
64
0
81216
1664
64
0
81344
1728
64
0
81472
1792
64
0
81600
1856
64
0
81728
1920
64
0
81856
1984
64
0
81920
0
64
0
82048
64
64
0
82176
128
64
0
82304
192
64
0
82432
256
64
0
82560
320
64
0
82688
384
64
0
82816
448
64
0
82944
512
64
0
83072
576
64
0
83200
640
64
0
83328
704
64
0
83456
768
64
0
83584
832
64
0
83712
896
64
0
83840
960
64
0
83968
1024
64
0
84096
1088
64
0
84224
1152
64
0
84352
1216
64
0
84480
1280
64
0
84608
1344
64
0
84736
1408
64
0
84864
1472
64
0
84992
1536
64
0
85120
1600
64
0
85248
1664
64
0
85376
1728
64
0
85504
1792
64
0
85632
1856
64
0
85760
1920
64
0
85888
1984
64
0
81984
0
64
0
82112
64
64
0
82240
128
64
0
82368
192
64
0
82496
256
64
0
82624
320
64
0
82752
384
64
0
82880
448
64
0
83008
512
64
0
83136
576
64
0
83264
640
64
0
83392
704
64
0
83520
768
64
0
83648
832
64
0
83776
896
64
0
83904
960
64
0
84032
1024
64
0
84160
1088
64
0
84288
1152
64
0
84416
1216
64
0
84544
1280
64
0
84672
1344
64
0
84800
1408
64
0
84928
1472
64
0
85056
1536
64
0
85184
1600
64
0
85312
1664
64
0
85440
1728
64
0
85568
1792
64
0
85696
1856
64
0
85824
1920
64
0
85952
1984
64
0
86016
0
64
0
86144
64
64
0
86272
128
64
0
86400
192
64
0
86528
256
64
0
86656
320
64
0
86784
384
64
0
86912
448
64
0
87040
512
64
0
87168
576
64
0
87296
640
64
0
87424
704
64
0
87552
768
64
0
87680
832
64
0
87808
896
64
0
87936
960
64
0
88064
1024
64
0
88192
1088
64
0
88320
1152
64
0
88448
1216
64
0
88576
1280
64
0
88704
1344
64
0
88832
1408
64
0
88960
1472
64
0
89088
1536
64
0
89216
1600
64
0
89344
1664
64
0
89472
1728
64
0
89600
1792
64
0
89728
1856
64
0
89856
1920
64
0
89984
1984
64
0
86080
0
64
0
86208
64
64
0
86336
128
64
0
86464
192
64
0
86592
256
64
0
86720
320
64
0
86848
384
64
0
86976
448
64
0
87104
512
64
0
87232
576
64
0
87360
640
64
0
87488
704
64
0
87616
768
64
0
87744
832
64
0
87872
896
64
0
88000
960
64
0
88128
1024
64
0
88256
1088
64
0
88384
1152
64
0
88512
1216
64
0
88640
1280
64
0
88768
1344
64
0
88896
1408
64
0
89024
1472
64
0
89152
1536
64
0
89280
1600
64
0
89408
1664
64
0
89536
1728
64
0
89664
1792
64
0
89792
1856
64
0
89920
1920
64
0
90048
1984
64
0
90112
0
64
0
90240
64
64
0
90368
128
64
0
90496
192
64
0
90624
256
64
0
90752
320
64
0
90880
384
64
0
91008
448
64
0
91136
512
64
0
91264
576
64
0
91392
640
64
0
91520
704
64
0
91648
768
64
0
91776
832
64
0
91904
896
64
0
92032
960
64
0
92160
1024
64
0
92288
1088
64
0
92416
1152
64
0
92544
1216
64
0
92672
1280
64
0
92800
1344
64
0
92928
1408
64
0
93056
1472
64
0
93184
1536
64
0
0
1600
64
1
0
1664
64
1
0
1728
64
1
0
1792
64
1
0
1856
64
1
0
1920
64
1
0
1984
64
1
90176
0
64
0
90304
64
64
0
90432
128
64
0
90560
192
64
0
90688
256
64
0
90816
320
64
0
90944
384
64
0
91072
448
64
0
91200
512
64
0
91328
576
64
0
91456
640
64
0
91584
704
64
0
91712
768
64
0
91840
832
64
0
91968
896
64
0
92096
960
64
0
92224
1024
64
0
92352
1088
64
0
92480
1152
64
0
92608
1216
64
0
92736
1280
64
0
92864
1344
64
0
92992
1408
64
0
93120
1472
64
0
93248
1536
64
0
64
1600
64
1
64
1664
64
1
64
1728
64
1
64
1792
64
1
64
1856
64
1
64
1920
64
1
64
1984
64
1
