0
0
64
0
320
64
64
0
640
128
64
0
960
192
64
0
1280
256
64
0
1600
320
64
0
1920
384
64
0
2240
448
64
0
2560
512
64
0
2880
576
64
0
3200
640
64
0
3520
704
64
0
3840
768
64
0
4160
832
64
0
4480
896
64
0
4800
960
64
0
5120
1024
64
0
5440
1088
64
0
5760
1152
64
0
6080
1216
64
0
6400
1280
64
0
6720
1344
64
0
7040
1408
64
0
7360
1472
64
0
7680
1536
64
0
8000
1600
64
0
8320
1664
64
0
8640
1728
64
0
8960
1792
64
0
9280
1856
64
0
9600
1920
64
0
9920
1984
64
0
64
0
64
0
384
64
64
0
704
128
64
0
1024
192
64
0
1344
256
64
0
1664
320
64
0
1984
384
64
0
2304
448
64
0
2624
512
64
0
2944
576
64
0
3264
640
64
0
3584
704
64
0
3904
768
64
0
4224
832
64
0
4544
896
64
0
4864
960
64
0
5184
1024
64
0
5504
1088
64
0
5824
1152
64
0
6144
1216
64
0
6464
1280
64
0
6784
1344
64
0
7104
1408
64
0
7424
1472
64
0
7744
1536
64
0
8064
1600
64
0
8384
1664
64
0
8704
1728
64
0
9024
1792
64
0
9344
1856
64
0
9664
1920
64
0
9984
1984
64
0
128
0
64
0
448
64
64
0
768
128
64
0
1088
192
64
0
1408
256
64
0
1728
320
64
0
2048
384
64
0
2368
448
64
0
2688
512
64
0
3008
576
64
0
3328
640
64
0
3648
704
64
0
3968
768
64
0
4288
832
64
0
4608
896
64
0
4928
960
64
0
5248
1024
64
0
5568
1088
64
0
5888
1152
64
0
6208
1216
64
0
6528
1280
64
0
6848
1344
64
0
7168
1408
64
0
7488
1472
64
0
7808
1536
64
0
8128
1600
64
0
8448
1664
64
0
8768
1728
64
0
9088
1792
64
0
9408
1856
64
0
9728
1920
64
0
10048
1984
64
0
192
0
64
0
512
64
64
0
832
128
64
0
1152
192
64
0
1472
256
64
0
1792
320
64
0
2112
384
64
0
2432
448
64
0
2752
512
64
0
3072
576
64
0
3392
640
64
0
3712
704
64
0
4032
768
64
0
4352
832
64
0
4672
896
64
0
4992
960
64
0
5312
1024
64
0
5632
1088
64
0
5952
1152
64
0
6272
1216
64
0
6592
1280
64
0
6912
1344
64
0
7232
1408
64
0
7552
1472
64
0
7872
1536
64
0
8192
1600
64
0
8512
1664
64
0
8832
1728
64
0
9152
1792
64
0
9472
1856
64
0
9792
1920
64
0
10112
1984
64
0
256
0
64
0
576
64
64
0
896
128
64
0
1216
192
64
0
1536
256
64
0
1856
320
64
0
2176
384
64
0
2496
448
64
0
2816
512
64
0
3136
576
64
0
3456
640
64
0
3776
704
64
0
4096
768
64
0
4416
832
64
0
4736
896
64
0
5056
960
64
0
5376
1024
64
0
5696
1088
64
0
6016
1152
64
0
6336
1216
64
0
6656
1280
64
0
6976
1344
64
0
7296
1408
64
0
7616
1472
64
0
7936
1536
64
0
8256
1600
64
0
8576
1664
64
0
8896
1728
64
0
9216
1792
64
0
9536
1856
64
0
9856
1920
64
0
10176
1984
64
0
10240
0
64
0
10560
64
64
0
10880
128
64
0
11200
192
64
0
11520
256
64
0
11840
320
64
0
12160
384
64
0
12480
448
64
0
12800
512
64
0
13120
576
64
0
13440
640
64
0
13760
704
64
0
14080
768
64
0
14400
832
64
0
14720
896
64
0
15040
960
64
0
15360
1024
64
0
0
1088
64
1
0
1152
64
1
0
1216
64
1
0
1280
64
1
0
1344
64
1
0
1408
64
1
0
1472
64
1
0
1536
64
1
0
1600
64
1
0
1664
64
1
0
1728
64
1
0
1792
64
1
0
1856
64
1
0
1920
64
1
0
1984
64
1
10304
0
64
0
10624
64
64
0
10944
128
64
0
11264
192
64
0
11584
256
64
0
11904
320
64
0
12224
384
64
0
12544
448
64
0
12864
512
64
0
13184
576
64
0
13504
640
64
0
13824
704
64
0
14144
768
64
0
14464
832
64
0
14784
896
64
0
15104
960
64
0
15424
1024
64
0
64
1088
64
1
64
1152
64
1
64
1216
64
1
64
1280
64
1
64
1344
64
1
64
1408
64
1
64
1472
64
1
64
1536
64
1
64
1600
64
1
64
1664
64
1
64
1728
64
1
64
1792
64
1
64
1856
64
1
64
1920
64
1
64
1984
64
1
10368
0
64
0
10688
64
64
0
11008
128
64
0
11328
192
64
0
11648
256
64
0
11968
320
64
0
12288
384
64
0
12608
448
64
0
12928
512
64
0
13248
576
64
0
13568
640
64
0
13888
704
64
0
14208
768
64
0
14528
832
64
0
14848
896
64
0
15168
960
64
0
15488
1024
64
0
128
1088
64
1
128
1152
64
1
128
1216
64
1
128
1280
64
1
128
1344
64
1
128
1408
64
1
128
1472
64
1
128
1536
64
1
128
1600
64
1
128
1664
64
1
128
1728
64
1
128
1792
64
1
128
1856
64
1
128
1920
64
1
128
1984
64
1
10432
0
64
0
10752
64
64
0
11072
128
64
0
11392
192
64
0
11712
256
64
0
12032
320
64
0
12352
384
64
0
12672
448
64
0
12992
512
64
0
13312
576
64
0
13632
640
64
0
13952
704
64
0
14272
768
64
0
14592
832
64
0
14912
896
64
0
15232
960
64
0
15552
1024
64
0
192
1088
64
1
192
1152
64
1
192
1216
64
1
192
1280
64
1
192
1344
64
1
192
1408
64
1
192
1472
64
1
192
1536
64
1
192
1600
64
1
192
1664
64
1
192
1728
64
1
192
1792
64
1
192
1856
64
1
192
1920
64
1
192
1984
64
1
10496
0
64
0
10816
64
64
0
11136
128
64
0
11456
192
64
0
11776
256
64
0
12096
320
64
0
12416
384
64
0
12736
448
64
0
13056
512
64
0
13376
576
64
0
13696
640
64
0
14016
704
64
0
14336
768
64
0
14656
832
64
0
14976
896
64
0
15296
960
64
0
15616
1024
64
0
256
1088
64
1
256
1152
64
1
256
1216
64
1
256
1280
64
1
256
1344
64
1
256
1408
64
1
256
1472
64
1
256
1536
64
1
256
1600
64
1
256
1664
64
1
256
1728
64
1
256
1792
64
1
256
1856
64
1
256
1920
64
1
256
1984
64
1
