0
0
64
0
768
64
64
0
1536
128
64
0
2304
192
64
0
3072
256
64
0
3840
320
64
0
4608
384
64
0
5376
448
64
0
6144
512
64
0
6912
576
64
0
7680
640
64
0
8448
704
64
0
9216
768
64
0
9984
832
64
0
10752
896
64
0
11520
960
64
0
12288
1024
64
0
13056
1088
64
0
13824
1152
64
0
14592
1216
64
0
15360
1280
64
0
16128
1344
64
0
16896
1408
64
0
17664
1472
64
0
18432
1536
64
0
19200
1600
64
0
19968
1664
64
0
20736
1728
64
0
21504
1792
64
0
22272
1856
64
0
23040
1920
64
0
23808
1984
64
0
64
0
64
0
832
64
64
0
1600
128
64
0
2368
192
64
0
3136
256
64
0
3904
320
64
0
4672
384
64
0
5440
448
64
0
6208
512
64
0
6976
576
64
0
7744
640
64
0
8512
704
64
0
9280
768
64
0
10048
832
64
0
10816
896
64
0
11584
960
64
0
12352
1024
64
0
13120
1088
64
0
13888
1152
64
0
14656
1216
64
0
15424
1280
64
0
16192
1344
64
0
16960
1408
64
0
17728
1472
64
0
18496
1536
64
0
19264
1600
64
0
20032
1664
64
0
20800
1728
64
0
21568
1792
64
0
22336
1856
64
0
23104
1920
64
0
23872
1984
64
0
128
0
64
0
896
64
64
0
1664
128
64
0
2432
192
64
0
3200
256
64
0
3968
320
64
0
4736
384
64
0
5504
448
64
0
6272
512
64
0
7040
576
64
0
7808
640
64
0
8576
704
64
0
9344
768
64
0
10112
832
64
0
10880
896
64
0
11648
960
64
0
12416
1024
64
0
13184
1088
64
0
13952
1152
64
0
14720
1216
64
0
15488
1280
64
0
16256
1344
64
0
17024
1408
64
0
17792
1472
64
0
18560
1536
64
0
19328
1600
64
0
20096
1664
64
0
20864
1728
64
0
21632
1792
64
0
22400
1856
64
0
23168
1920
64
0
23936
1984
64
0
192
0
64
0
960
64
64
0
1728
128
64
0
2496
192
64
0
3264
256
64
0
4032
320
64
0
4800
384
64
0
5568
448
64
0
6336
512
64
0
7104
576
64
0
7872
640
64
0
8640
704
64
0
9408
768
64
0
10176
832
64
0
10944
896
64
0
11712
960
64
0
12480
1024
64
0
13248
1088
64
0
14016
1152
64
0
14784
1216
64
0
15552
1280
64
0
16320
1344
64
0
17088
1408
64
0
17856
1472
64
0
18624
1536
64
0
19392
1600
64
0
20160
1664
64
0
20928
1728
64
0
21696
1792
64
0
22464
1856
64
0
23232
1920
64
0
24000
1984
64
0
256
0
64
0
1024
64
64
0
1792
128
64
0
2560
192
64
0
3328
256
64
0
4096
320
64
0
4864
384
64
0
5632
448
64
0
6400
512
64
0
7168
576
64
0
7936
640
64
0
8704
704
64
0
9472
768
64
0
10240
832
64
0
11008
896
64
0
11776
960
64
0
12544
1024
64
0
13312
1088
64
0
14080
1152
64
0
14848
1216
64
0
15616
1280
64
0
16384
1344
64
0
17152
1408
64
0
17920
1472
64
0
18688
1536
64
0
19456
1600
64
0
20224
1664
64
0
20992
1728
64
0
21760
1792
64
0
22528
1856
64
0
23296
1920
64
0
24064
1984
64
0
320
0
64
0
1088
64
64
0
1856
128
64
0
2624
192
64
0
3392
256
64
0
4160
320
64
0
4928
384
64
0
5696
448
64
0
6464
512
64
0
7232
576
64
0
8000
640
64
0
8768
704
64
0
9536
768
64
0
10304
832
64
0
11072
896
64
0
11840
960
64
0
12608
1024
64
0
13376
1088
64
0
14144
1152
64
0
14912
1216
64
0
15680
1280
64
0
16448
1344
64
0
17216
1408
64
0
17984
1472
64
0
18752
1536
64
0
19520
1600
64
0
20288
1664
64
0
21056
1728
64
0
21824
1792
64
0
22592
1856
64
0
23360
1920
64
0
24128
1984
64
0
384
0
64
0
1152
64
64
0
1920
128
64
0
2688
192
64
0
3456
256
64
0
4224
320
64
0
4992
384
64
0
5760
448
64
0
6528
512
64
0
7296
576
64
0
8064
640
64
0
8832
704
64
0
9600
768
64
0
10368
832
64
0
11136
896
64
0
11904
960
64
0
12672
1024
64
0
13440
1088
64
0
14208
1152
64
0
14976
1216
64
0
15744
1280
64
0
16512
1344
64
0
17280
1408
64
0
18048
1472
64
0
18816
1536
64
0
19584
1600
64
0
20352
1664
64
0
21120
1728
64
0
21888
1792
64
0
22656
1856
64
0
23424
1920
64
0
24192
1984
64
0
448
0
64
0
1216
64
64
0
1984
128
64
0
2752
192
64
0
3520
256
64
0
4288
320
64
0
5056
384
64
0
5824
448
64
0
6592
512
64
0
7360
576
64
0
8128
640
64
0
8896
704
64
0
9664
768
64
0
10432
832
64
0
11200
896
64
0
11968
960
64
0
12736
1024
64
0
13504
1088
64
0
14272
1152
64
0
15040
1216
64
0
15808
1280
64
0
16576
1344
64
0
17344
1408
64
0
18112
1472
64
0
18880
1536
64
0
19648
1600
64
0
20416
1664
64
0
21184
1728
64
0
21952
1792
64
0
22720
1856
64
0
23488
1920
64
0
24256
1984
64
0
512
0
64
0
1280
64
64
0
2048
128
64
0
2816
192
64
0
3584
256
64
0
4352
320
64
0
5120
384
64
0
5888
448
64
0
6656
512
64
0
7424
576
64
0
8192
640
64
0
8960
704
64
0
9728
768
64
0
10496
832
64
0
11264
896
64
0
12032
960
64
0
12800
1024
64
0
13568
1088
64
0
14336
1152
64
0
15104
1216
64
0
15872
1280
64
0
16640
1344
64
0
17408
1408
64
0
18176
1472
64
0
18944
1536
64
0
19712
1600
64
0
20480
1664
64
0
21248
1728
64
0
22016
1792
64
0
22784
1856
64
0
23552
1920
64
0
24320
1984
64
0
576
0
64
0
1344
64
64
0
2112
128
64
0
2880
192
64
0
3648
256
64
0
4416
320
64
0
5184
384
64
0
5952
448
64
0
6720
512
64
0
7488
576
64
0
8256
640
64
0
9024
704
64
0
9792
768
64
0
10560
832
64
0
11328
896
64
0
12096
960
64
0
12864
1024
64
0
13632
1088
64
0
14400
1152
64
0
15168
1216
64
0
15936
1280
64
0
16704
1344
64
0
17472
1408
64
0
18240
1472
64
0
19008
1536
64
0
19776
1600
64
0
20544
1664
64
0
21312
1728
64
0
22080
1792
64
0
22848
1856
64
0
23616
1920
64
0
24384
1984
64
0
640
0
64
0
1408
64
64
0
2176
128
64
0
2944
192
64
0
3712
256
64
0
4480
320
64
0
5248
384
64
0
6016
448
64
0
6784
512
64
0
7552
576
64
0
8320
640
64
0
9088
704
64
0
9856
768
64
0
10624
832
64
0
11392
896
64
0
12160
960
64
0
12928
1024
64
0
13696
1088
64
0
14464
1152
64
0
15232
1216
64
0
16000
1280
64
0
16768
1344
64
0
17536
1408
64
0
18304
1472
64
0
19072
1536
64
0
19840
1600
64
0
20608
1664
64
0
21376
1728
64
0
22144
1792
64
0
22912
1856
64
0
23680
1920
64
0
24448
1984
64
0
704
0
64
0
1472
64
64
0
2240
128
64
0
3008
192
64
0
3776
256
64
0
4544
320
64
0
5312
384
64
0
6080
448
64
0
6848
512
64
0
7616
576
64
0
8384
640
64
0
9152
704
64
0
9920
768
64
0
10688
832
64
0
11456
896
64
0
12224
960
64
0
12992
1024
64
0
13760
1088
64
0
14528
1152
64
0
15296
1216
64
0
16064
1280
64
0
16832
1344
64
0
17600
1408
64
0
18368
1472
64
0
19136
1536
64
0
19904
1600
64
0
20672
1664
64
0
21440
1728
64
0
22208
1792
64
0
22976
1856
64
0
23744
1920
64
0
24512
1984
64
0
24576
0
64
0
25344
64
64
0
26112
128
64
0
26880
192
64
0
27648
256
64
0
28416
320
64
0
29184
384
64
0
29952
448
64
0
30720
512
64
0
31488
576
64
0
32256
640
64
0
33024
704
64
0
33792
768
64
0
34560
832
64
0
35328
896
64
0
36096
960
64
0
36864
1024
64
0
37632
1088
64
0
38400
1152
64
0
39168
1216
64
0
39936
1280
64
0
40704
1344
64
0
41472
1408
64
0
42240
1472
64
0
43008
1536
64
0
43776
1600
64
0
44544
1664
64
0
45312
1728
64
0
46080
1792
64
0
46848
1856
64
0
47616
1920
64
0
48384
1984
64
0
24640
0
64
0
25408
64
64
0
26176
128
64
0
26944
192
64
0
27712
256
64
0
28480
320
64
0
29248
384
64
0
30016
448
64
0
30784
512
64
0
31552
576
64
0
32320
640
64
0
33088
704
64
0
33856
768
64
0
34624
832
64
0
35392
896
64
0
36160
960
64
0
36928
1024
64
0
37696
1088
64
0
38464
1152
64
0
39232
1216
64
0
40000
1280
64
0
40768
1344
64
0
41536
1408
64
0
42304
1472
64
0
43072
1536
64
0
43840
1600
64
0
44608
1664
64
0
45376
1728
64
0
46144
1792
64
0
46912
1856
64
0
47680
1920
64
0
48448
1984
64
0
24704
0
64
0
25472
64
64
0
26240
128
64
0
27008
192
64
0
27776
256
64
0
28544
320
64
0
29312
384
64
0
30080
448
64
0
30848
512
64
0
31616
576
64
0
32384
640
64
0
33152
704
64
0
33920
768
64
0
34688
832
64
0
35456
896
64
0
36224
960
64
0
36992
1024
64
0
37760
1088
64
0
38528
1152
64
0
39296
1216
64
0
40064
1280
64
0
40832
1344
64
0
41600
1408
64
0
42368
1472
64
0
43136
1536
64
0
43904
1600
64
0
44672
1664
64
0
45440
1728
64
0
46208
1792
64
0
46976
1856
64
0
47744
1920
64
0
48512
1984
64
0
24768
0
64
0
25536
64
64
0
26304
128
64
0
27072
192
64
0
27840
256
64
0
28608
320
64
0
29376
384
64
0
30144
448
64
0
30912
512
64
0
31680
576
64
0
32448
640
64
0
33216
704
64
0
33984
768
64
0
34752
832
64
0
35520
896
64
0
36288
960
64
0
37056
1024
64
0
37824
1088
64
0
38592
1152
64
0
39360
1216
64
0
40128
1280
64
0
40896
1344
64
0
41664
1408
64
0
42432
1472
64
0
43200
1536
64
0
43968
1600
64
0
44736
1664
64
0
45504
1728
64
0
46272
1792
64
0
47040
1856
64
0
47808
1920
64
0
48576
1984
64
0
24832
0
64
0
25600
64
64
0
26368
128
64
0
27136
192
64
0
27904
256
64
0
28672
320
64
0
29440
384
64
0
30208
448
64
0
30976
512
64
0
31744
576
64
0
32512
640
64
0
33280
704
64
0
34048
768
64
0
34816
832
64
0
35584
896
64
0
36352
960
64
0
37120
1024
64
0
37888
1088
64
0
38656
1152
64
0
39424
1216
64
0
40192
1280
64
0
40960
1344
64
0
41728
1408
64
0
42496
1472
64
0
43264
1536
64
0
44032
1600
64
0
44800
1664
64
0
45568
1728
64
0
46336
1792
64
0
47104
1856
64
0
47872
1920
64
0
48640
1984
64
0
24896
0
64
0
25664
64
64
0
26432
128
64
0
27200
192
64
0
27968
256
64
0
28736
320
64
0
29504
384
64
0
30272
448
64
0
31040
512
64
0
31808
576
64
0
32576
640
64
0
33344
704
64
0
34112
768
64
0
34880
832
64
0
35648
896
64
0
36416
960
64
0
37184
1024
64
0
37952
1088
64
0
38720
1152
64
0
39488
1216
64
0
40256
1280
64
0
41024
1344
64
0
41792
1408
64
0
42560
1472
64
0
43328
1536
64
0
44096
1600
64
0
44864
1664
64
0
45632
1728
64
0
46400
1792
64
0
47168
1856
64
0
47936
1920
64
0
48704
1984
64
0
24960
0
64
0
25728
64
64
0
26496
128
64
0
27264
192
64
0
28032
256
64
0
28800
320
64
0
29568
384
64
0
30336
448
64
0
31104
512
64
0
31872
576
64
0
32640
640
64
0
33408
704
64
0
34176
768
64
0
34944
832
64
0
35712
896
64
0
36480
960
64
0
37248
1024
64
0
38016
1088
64
0
38784
1152
64
0
39552
1216
64
0
40320
1280
64
0
41088
1344
64
0
41856
1408
64
0
42624
1472
64
0
43392
1536
64
0
44160
1600
64
0
44928
1664
64
0
45696
1728
64
0
46464
1792
64
0
47232
1856
64
0
48000
1920
64
0
48768
1984
64
0
25024
0
64
0
25792
64
64
0
26560
128
64
0
27328
192
64
0
28096
256
64
0
28864
320
64
0
29632
384
64
0
30400
448
64
0
31168
512
64
0
31936
576
64
0
32704
640
64
0
33472
704
64
0
34240
768
64
0
35008
832
64
0
35776
896
64
0
36544
960
64
0
37312
1024
64
0
38080
1088
64
0
38848
1152
64
0
39616
1216
64
0
40384
1280
64
0
41152
1344
64
0
41920
1408
64
0
42688
1472
64
0
43456
1536
64
0
44224
1600
64
0
44992
1664
64
0
45760
1728
64
0
46528
1792
64
0
47296
1856
64
0
48064
1920
64
0
48832
1984
64
0
25088
0
64
0
25856
64
64
0
26624
128
64
0
27392
192
64
0
28160
256
64
0
28928
320
64
0
29696
384
64
0
30464
448
64
0
31232
512
64
0
32000
576
64
0
32768
640
64
0
33536
704
64
0
34304
768
64
0
35072
832
64
0
35840
896
64
0
36608
960
64
0
37376
1024
64
0
38144
1088
64
0
38912
1152
64
0
39680
1216
64
0
40448
1280
64
0
41216
1344
64
0
41984
1408
64
0
42752
1472
64
0
43520
1536
64
0
44288
1600
64
0
45056
1664
64
0
45824
1728
64
0
46592
1792
64
0
47360
1856
64
0
48128
1920
64
0
48896
1984
64
0
25152
0
64
0
25920
64
64
0
26688
128
64
0
27456
192
64
0
28224
256
64
0
28992
320
64
0
29760
384
64
0
30528
448
64
0
31296
512
64
0
32064
576
64
0
32832
640
64
0
33600
704
64
0
34368
768
64
0
35136
832
64
0
35904
896
64
0
36672
960
64
0
37440
1024
64
0
38208
1088
64
0
38976
1152
64
0
39744
1216
64
0
40512
1280
64
0
41280
1344
64
0
42048
1408
64
0
42816
1472
64
0
43584
1536
64
0
44352
1600
64
0
45120
1664
64
0
45888
1728
64
0
46656
1792
64
0
47424
1856
64
0
48192
1920
64
0
48960
1984
64
0
25216
0
64
0
25984
64
64
0
26752
128
64
0
27520
192
64
0
28288
256
64
0
29056
320
64
0
29824
384
64
0
30592
448
64
0
31360
512
64
0
32128
576
64
0
32896
640
64
0
33664
704
64
0
34432
768
64
0
35200
832
64
0
35968
896
64
0
36736
960
64
0
37504
1024
64
0
38272
1088
64
0
39040
1152
64
0
39808
1216
64
0
40576
1280
64
0
41344
1344
64
0
42112
1408
64
0
42880
1472
64
0
43648
1536
64
0
44416
1600
64
0
45184
1664
64
0
45952
1728
64
0
46720
1792
64
0
47488
1856
64
0
48256
1920
64
0
49024
1984
64
0
25280
0
64
0
26048
64
64
0
26816
128
64
0
27584
192
64
0
28352
256
64
0
29120
320
64
0
29888
384
64
0
30656
448
64
0
31424
512
64
0
32192
576
64
0
32960
640
64
0
33728
704
64
0
34496
768
64
0
35264
832
64
0
36032
896
64
0
36800
960
64
0
37568
1024
64
0
38336
1088
64
0
39104
1152
64
0
39872
1216
64
0
40640
1280
64
0
41408
1344
64
0
42176
1408
64
0
42944
1472
64
0
43712
1536
64
0
44480
1600
64
0
45248
1664
64
0
46016
1728
64
0
46784
1792
64
0
47552
1856
64
0
48320
1920
64
0
49088
1984
64
0
49152
0
64
0
49920
64
64
0
50688
128
64
0
51456
192
64
0
52224
256
64
0
52992
320
64
0
53760
384
64
0
54528
448
64
0
55296
512
64
0
56064
576
64
0
56832
640
64
0
57600
704
64
0
58368
768
64
0
59136
832
64
0
59904
896
64
0
60672
960
64
0
61440
1024
64
0
62208
1088
64
0
62976
1152
64
0
63744
1216
64
0
64512
1280
64
0
65280
1344
64
0
66048
1408
64
0
66816
1472
64
0
67584
1536
64
0
68352
1600
64
0
69120
1664
64
0
69888
1728
64
0
70656
1792
64
0
71424
1856
64
0
72192
1920
64
0
72960
1984
64
0
49216
0
64
0
49984
64
64
0
50752
128
64
0
51520
192
64
0
52288
256
64
0
53056
320
64
0
53824
384
64
0
54592
448
64
0
55360
512
64
0
56128
576
64
0
56896
640
64
0
57664
704
64
0
58432
768
64
0
59200
832
64
0
59968
896
64
0
60736
960
64
0
61504
1024
64
0
62272
1088
64
0
63040
1152
64
0
63808
1216
64
0
64576
1280
64
0
65344
1344
64
0
66112
1408
64
0
66880
1472
64
0
67648
1536
64
0
68416
1600
64
0
69184
1664
64
0
69952
1728
64
0
70720
1792
64
0
71488
1856
64
0
72256
1920
64
0
73024
1984
64
0
49280
0
64
0
50048
64
64
0
50816
128
64
0
51584
192
64
0
52352
256
64
0
53120
320
64
0
53888
384
64
0
54656
448
64
0
55424
512
64
0
56192
576
64
0
56960
640
64
0
57728
704
64
0
58496
768
64
0
59264
832
64
0
60032
896
64
0
60800
960
64
0
61568
1024
64
0
62336
1088
64
0
63104
1152
64
0
63872
1216
64
0
64640
1280
64
0
65408
1344
64
0
66176
1408
64
0
66944
1472
64
0
67712
1536
64
0
68480
1600
64
0
69248
1664
64
0
70016
1728
64
0
70784
1792
64
0
71552
1856
64
0
72320
1920
64
0
73088
1984
64
0
49344
0
64
0
50112
64
64
0
50880
128
64
0
51648
192
64
0
52416
256
64
0
53184
320
64
0
53952
384
64
0
54720
448
64
0
55488
512
64
0
56256
576
64
0
57024
640
64
0
57792
704
64
0
58560
768
64
0
59328
832
64
0
60096
896
64
0
60864
960
64
0
61632
1024
64
0
62400
1088
64
0
63168
1152
64
0
63936
1216
64
0
64704
1280
64
0
65472
1344
64
0
66240
1408
64
0
67008
1472
64
0
67776
1536
64
0
68544
1600
64
0
69312
1664
64
0
70080
1728
64
0
70848
1792
64
0
71616
1856
64
0
72384
1920
64
0
73152
1984
64
0
49408
0
64
0
50176
64
64
0
50944
128
64
0
51712
192
64
0
52480
256
64
0
53248
320
64
0
54016
384
64
0
54784
448
64
0
55552
512
64
0
56320
576
64
0
57088
640
64
0
57856
704
64
0
58624
768
64
0
59392
832
64
0
60160
896
64
0
60928
960
64
0
61696
1024
64
0
62464
1088
64
0
63232
1152
64
0
64000
1216
64
0
64768
1280
64
0
65536
1344
64
0
66304
1408
64
0
67072
1472
64
0
67840
1536
64
0
68608
1600
64
0
69376
1664
64
0
70144
1728
64
0
70912
1792
64
0
71680
1856
64
0
72448
1920
64
0
73216
1984
64
0
49472
0
64
0
50240
64
64
0
51008
128
64
0
51776
192
64
0
52544
256
64
0
53312
320
64
0
54080
384
64
0
54848
448
64
0
55616
512
64
0
56384
576
64
0
57152
640
64
0
57920
704
64
0
58688
768
64
0
59456
832
64
0
60224
896
64
0
60992
960
64
0
61760
1024
64
0
62528
1088
64
0
63296
1152
64
0
64064
1216
64
0
64832
1280
64
0
65600
1344
64
0
66368
1408
64
0
67136
1472
64
0
67904
1536
64
0
68672
1600
64
0
69440
1664
64
0
70208
1728
64
0
70976
1792
64
0
71744
1856
64
0
72512
1920
64
0
73280
1984
64
0
49536
0
64
0
50304
64
64
0
51072
128
64
0
51840
192
64
0
52608
256
64
0
53376
320
64
0
54144
384
64
0
54912
448
64
0
55680
512
64
0
56448
576
64
0
57216
640
64
0
57984
704
64
0
58752
768
64
0
59520
832
64
0
60288
896
64
0
61056
960
64
0
61824
1024
64
0
62592
1088
64
0
63360
1152
64
0
64128
1216
64
0
64896
1280
64
0
65664
1344
64
0
66432
1408
64
0
67200
1472
64
0
67968
1536
64
0
68736
1600
64
0
69504
1664
64
0
70272
1728
64
0
71040
1792
64
0
71808
1856
64
0
72576
1920
64
0
73344
1984
64
0
49600
0
64
0
50368
64
64
0
51136
128
64
0
51904
192
64
0
52672
256
64
0
53440
320
64
0
54208
384
64
0
54976
448
64
0
55744
512
64
0
56512
576
64
0
57280
640
64
0
58048
704
64
0
58816
768
64
0
59584
832
64
0
60352
896
64
0
61120
960
64
0
61888
1024
64
0
62656
1088
64
0
63424
1152
64
0
64192
1216
64
0
64960
1280
64
0
65728
1344
64
0
66496
1408
64
0
67264
1472
64
0
68032
1536
64
0
68800
1600
64
0
69568
1664
64
0
70336
1728
64
0
71104
1792
64
0
71872
1856
64
0
72640
1920
64
0
73408
1984
64
0
49664
0
64
0
50432
64
64
0
51200
128
64
0
51968
192
64
0
52736
256
64
0
53504
320
64
0
54272
384
64
0
55040
448
64
0
55808
512
64
0
56576
576
64
0
57344
640
64
0
58112
704
64
0
58880
768
64
0
59648
832
64
0
60416
896
64
0
61184
960
64
0
61952
1024
64
0
62720
1088
64
0
63488
1152
64
0
64256
1216
64
0
65024
1280
64
0
65792
1344
64
0
66560
1408
64
0
67328
1472
64
0
68096
1536
64
0
68864
1600
64
0
69632
1664
64
0
70400
1728
64
0
71168
1792
64
0
71936
1856
64
0
72704
1920
64
0
73472
1984
64
0
49728
0
64
0
50496
64
64
0
51264
128
64
0
52032
192
64
0
52800
256
64
0
53568
320
64
0
54336
384
64
0
55104
448
64
0
55872
512
64
0
56640
576
64
0
57408
640
64
0
58176
704
64
0
58944
768
64
0
59712
832
64
0
60480
896
64
0
61248
960
64
0
62016
1024
64
0
62784
1088
64
0
63552
1152
64
0
64320
1216
64
0
65088
1280
64
0
65856
1344
64
0
66624
1408
64
0
67392
1472
64
0
68160
1536
64
0
68928
1600
64
0
69696
1664
64
0
70464
1728
64
0
71232
1792
64
0
72000
1856
64
0
72768
1920
64
0
73536
1984
64
0
49792
0
64
0
50560
64
64
0
51328
128
64
0
52096
192
64
0
52864
256
64
0
53632
320
64
0
54400
384
64
0
55168
448
64
0
55936
512
64
0
56704
576
64
0
57472
640
64
0
58240
704
64
0
59008
768
64
0
59776
832
64
0
60544
896
64
0
61312
960
64
0
62080
1024
64
0
62848
1088
64
0
63616
1152
64
0
64384
1216
64
0
65152
1280
64
0
65920
1344
64
0
66688
1408
64
0
67456
1472
64
0
68224
1536
64
0
68992
1600
64
0
69760
1664
64
0
70528
1728
64
0
71296
1792
64
0
72064
1856
64
0
72832
1920
64
0
73600
1984
64
0
49856
0
64
0
50624
64
64
0
51392
128
64
0
52160
192
64
0
52928
256
64
0
53696
320
64
0
54464
384
64
0
55232
448
64
0
56000
512
64
0
56768
576
64
0
57536
640
64
0
58304
704
64
0
59072
768
64
0
59840
832
64
0
60608
896
64
0
61376
960
64
0
62144
1024
64
0
62912
1088
64
0
63680
1152
64
0
64448
1216
64
0
65216
1280
64
0
65984
1344
64
0
66752
1408
64
0
67520
1472
64
0
68288
1536
64
0
69056
1600
64
0
69824
1664
64
0
70592
1728
64
0
71360
1792
64
0
72128
1856
64
0
72896
1920
64
0
73664
1984
64
0
73728
0
64
0
74496
64
64
0
75264
128
64
0
76032
192
64
0
76800
256
64
0
77568
320
64
0
78336
384
64
0
79104
448
64
0
79872
512
64
0
80640
576
64
0
81408
640
64
0
82176
704
64
0
82944
768
64
0
83712
832
64
0
84480
896
64
0
85248
960
64
0
86016
1024
64
0
86784
1088
64
0
87552
1152
64
0
88320
1216
64
0
89088
1280
64
0
89856
1344
64
0
90624
1408
64
0
91392
1472
64
0
92160
1536
64
0
92928
1600
64
0
93696
1664
64
0
94464
1728
64
0
95232
1792
64
0
96000
1856
64
0
96768
1920
64
0
97536
1984
64
0
73792
0
64
0
74560
64
64
0
75328
128
64
0
76096
192
64
0
76864
256
64
0
77632
320
64
0
78400
384
64
0
79168
448
64
0
79936
512
64
0
80704
576
64
0
81472
640
64
0
82240
704
64
0
83008
768
64
0
83776
832
64
0
84544
896
64
0
85312
960
64
0
86080
1024
64
0
86848
1088
64
0
87616
1152
64
0
88384
1216
64
0
89152
1280
64
0
89920
1344
64
0
90688
1408
64
0
91456
1472
64
0
92224
1536
64
0
92992
1600
64
0
93760
1664
64
0
94528
1728
64
0
95296
1792
64
0
96064
1856
64
0
96832
1920
64
0
97600
1984
64
0
73856
0
64
0
74624
64
64
0
75392
128
64
0
76160
192
64
0
76928
256
64
0
77696
320
64
0
78464
384
64
0
79232
448
64
0
80000
512
64
0
80768
576
64
0
81536
640
64
0
82304
704
64
0
83072
768
64
0
83840
832
64
0
84608
896
64
0
85376
960
64
0
86144
1024
64
0
86912
1088
64
0
87680
1152
64
0
88448
1216
64
0
89216
1280
64
0
89984
1344
64
0
90752
1408
64
0
91520
1472
64
0
92288
1536
64
0
93056
1600
64
0
93824
1664
64
0
94592
1728
64
0
95360
1792
64
0
96128
1856
64
0
96896
1920
64
0
97664
1984
64
0
73920
0
64
0
74688
64
64
0
75456
128
64
0
76224
192
64
0
76992
256
64
0
77760
320
64
0
78528
384
64
0
79296
448
64
0
80064
512
64
0
80832
576
64
0
81600
640
64
0
82368
704
64
0
83136
768
64
0
83904
832
64
0
84672
896
64
0
85440
960
64
0
86208
1024
64
0
86976
1088
64
0
87744
1152
64
0
88512
1216
64
0
89280
1280
64
0
90048
1344
64
0
90816
1408
64
0
91584
1472
64
0
92352
1536
64
0
93120
1600
64
0
93888
1664
64
0
94656
1728
64
0
95424
1792
64
0
96192
1856
64
0
96960
1920
64
0
97728
1984
64
0
73984
0
64
0
74752
64
64
0
75520
128
64
0
76288
192
64
0
77056
256
64
0
77824
320
64
0
78592
384
64
0
79360
448
64
0
80128
512
64
0
80896
576
64
0
81664
640
64
0
82432
704
64
0
83200
768
64
0
83968
832
64
0
84736
896
64
0
85504
960
64
0
86272
1024
64
0
87040
1088
64
0
87808
1152
64
0
88576
1216
64
0
89344
1280
64
0
90112
1344
64
0
90880
1408
64
0
91648
1472
64
0
92416
1536
64
0
93184
1600
64
0
93952
1664
64
0
94720
1728
64
0
95488
1792
64
0
96256
1856
64
0
97024
1920
64
0
97792
1984
64
0
74048
0
64
0
74816
64
64
0
75584
128
64
0
76352
192
64
0
77120
256
64
0
77888
320
64
0
78656
384
64
0
79424
448
64
0
80192
512
64
0
80960
576
64
0
81728
640
64
0
82496
704
64
0
83264
768
64
0
84032
832
64
0
84800
896
64
0
85568
960
64
0
86336
1024
64
0
87104
1088
64
0
87872
1152
64
0
88640
1216
64
0
89408
1280
64
0
90176
1344
64
0
90944
1408
64
0
91712
1472
64
0
92480
1536
64
0
93248
1600
64
0
94016
1664
64
0
94784
1728
64
0
95552
1792
64
0
96320
1856
64
0
97088
1920
64
0
97856
1984
64
0
74112
0
64
0
74880
64
64
0
75648
128
64
0
76416
192
64
0
77184
256
64
0
77952
320
64
0
78720
384
64
0
79488
448
64
0
80256
512
64
0
81024
576
64
0
81792
640
64
0
82560
704
64
0
83328
768
64
0
84096
832
64
0
84864
896
64
0
85632
960
64
0
86400
1024
64
0
87168
1088
64
0
87936
1152
64
0
88704
1216
64
0
89472
1280
64
0
90240
1344
64
0
91008
1408
64
0
91776
1472
64
0
92544
1536
64
0
93312
1600
64
0
94080
1664
64
0
94848
1728
64
0
95616
1792
64
0
96384
1856
64
0
97152
1920
64
0
97920
1984
64
0
74176
0
64
0
74944
64
64
0
75712
128
64
0
76480
192
64
0
77248
256
64
0
78016
320
64
0
78784
384
64
0
79552
448
64
0
80320
512
64
0
81088
576
64
0
81856
640
64
0
82624
704
64
0
83392
768
64
0
84160
832
64
0
84928
896
64
0
85696
960
64
0
86464
1024
64
0
87232
1088
64
0
88000
1152
64
0
88768
1216
64
0
89536
1280
64
0
90304
1344
64
0
91072
1408
64
0
91840
1472
64
0
92608
1536
64
0
93376
1600
64
0
94144
1664
64
0
94912
1728
64
0
95680
1792
64
0
96448
1856
64
0
97216
1920
64
0
97984
1984
64
0
74240
0
64
0
75008
64
64
0
75776
128
64
0
76544
192
64
0
77312
256
64
0
78080
320
64
0
78848
384
64
0
79616
448
64
0
80384
512
64
0
81152
576
64
0
81920
640
64
0
82688
704
64
0
83456
768
64
0
84224
832
64
0
84992
896
64
0
85760
960
64
0
86528
1024
64
0
87296
1088
64
0
88064
1152
64
0
88832
1216
64
0
89600
1280
64
0
90368
1344
64
0
91136
1408
64
0
91904
1472
64
0
92672
1536
64
0
93440
1600
64
0
94208
1664
64
0
94976
1728
64
0
95744
1792
64
0
96512
1856
64
0
97280
1920
64
0
98048
1984
64
0
74304
0
64
0
75072
64
64
0
75840
128
64
0
76608
192
64
0
77376
256
64
0
78144
320
64
0
78912
384
64
0
79680
448
64
0
80448
512
64
0
81216
576
64
0
81984
640
64
0
82752
704
64
0
83520
768
64
0
84288
832
64
0
85056
896
64
0
85824
960
64
0
86592
1024
64
0
87360
1088
64
0
88128
1152
64
0
88896
1216
64
0
89664
1280
64
0
90432
1344
64
0
91200
1408
64
0
91968
1472
64
0
92736
1536
64
0
93504
1600
64
0
94272
1664
64
0
95040
1728
64
0
95808
1792
64
0
96576
1856
64
0
97344
1920
64
0
98112
1984
64
0
74368
0
64
0
75136
64
64
0
75904
128
64
0
76672
192
64
0
77440
256
64
0
78208
320
64
0
78976
384
64
0
79744
448
64
0
80512
512
64
0
81280
576
64
0
82048
640
64
0
82816
704
64
0
83584
768
64
0
84352
832
64
0
85120
896
64
0
85888
960
64
0
86656
1024
64
0
87424
1088
64
0
88192
1152
64
0
88960
1216
64
0
89728
1280
64
0
90496
1344
64
0
91264
1408
64
0
92032
1472
64
0
92800
1536
64
0
93568
1600
64
0
94336
1664
64
0
95104
1728
64
0
95872
1792
64
0
96640
1856
64
0
97408
1920
64
0
98176
1984
64
0
74432
0
64
0
75200
64
64
0
75968
128
64
0
76736
192
64
0
77504
256
64
0
78272
320
64
0
79040
384
64
0
79808
448
64
0
80576
512
64
0
81344
576
64
0
82112
640
64
0
82880
704
64
0
83648
768
64
0
84416
832
64
0
85184
896
64
0
85952
960
64
0
86720
1024
64
0
87488
1088
64
0
88256
1152
64
0
89024
1216
64
0
89792
1280
64
0
90560
1344
64
0
91328
1408
64
0
92096
1472
64
0
92864
1536
64
0
93632
1600
64
0
94400
1664
64
0
95168
1728
64
0
95936
1792
64
0
96704
1856
64
0
97472
1920
64
0
98240
1984
64
0
98304
0
64
0
99072
64
64
0
99840
128
64
0
100608
192
64
0
101376
256
64
0
102144
320
64
0
102912
384
64
0
103680
448
64
0
104448
512
64
0
105216
576
64
0
105984
640
64
0
106752
704
64
0
107520
768
64
0
108288
832
64
0
109056
896
64
0
109824
960
64
0
110592
1024
64
0
111360
1088
64
0
112128
1152
64
0
112896
1216
64
0
113664
1280
64
0
114432
1344
64
0
115200
1408
64
0
115968
1472
64
0
116736
1536
64
0
117504
1600
64
0
118272
1664
64
0
119040
1728
64
0
119808
1792
64
0
120576
1856
64
0
121344
1920
64
0
122112
1984
64
0
98368
0
64
0
99136
64
64
0
99904
128
64
0
100672
192
64
0
101440
256
64
0
102208
320
64
0
102976
384
64
0
103744
448
64
0
104512
512
64
0
105280
576
64
0
106048
640
64
0
106816
704
64
0
107584
768
64
0
108352
832
64
0
109120
896
64
0
109888
960
64
0
110656
1024
64
0
111424
1088
64
0
112192
1152
64
0
112960
1216
64
0
113728
1280
64
0
114496
1344
64
0
115264
1408
64
0
116032
1472
64
0
116800
1536
64
0
117568
1600
64
0
118336
1664
64
0
119104
1728
64
0
119872
1792
64
0
120640
1856
64
0
121408
1920
64
0
122176
1984
64
0
98432
0
64
0
99200
64
64
0
99968
128
64
0
100736
192
64
0
101504
256
64
0
102272
320
64
0
103040
384
64
0
103808
448
64
0
104576
512
64
0
105344
576
64
0
106112
640
64
0
106880
704
64
0
107648
768
64
0
108416
832
64
0
109184
896
64
0
109952
960
64
0
110720
1024
64
0
111488
1088
64
0
112256
1152
64
0
113024
1216
64
0
113792
1280
64
0
114560
1344
64
0
115328
1408
64
0
116096
1472
64
0
116864
1536
64
0
117632
1600
64
0
118400
1664
64
0
119168
1728
64
0
119936
1792
64
0
120704
1856
64
0
121472
1920
64
0
122240
1984
64
0
98496
0
64
0
99264
64
64
0
100032
128
64
0
100800
192
64
0
101568
256
64
0
102336
320
64
0
103104
384
64
0
103872
448
64
0
104640
512
64
0
105408
576
64
0
106176
640
64
0
106944
704
64
0
107712
768
64
0
108480
832
64
0
109248
896
64
0
110016
960
64
0
110784
1024
64
0
111552
1088
64
0
112320
1152
64
0
113088
1216
64
0
113856
1280
64
0
114624
1344
64
0
115392
1408
64
0
116160
1472
64
0
116928
1536
64
0
117696
1600
64
0
118464
1664
64
0
119232
1728
64
0
120000
1792
64
0
120768
1856
64
0
121536
1920
64
0
122304
1984
64
0
98560
0
64
0
99328
64
64
0
100096
128
64
0
100864
192
64
0
101632
256
64
0
102400
320
64
0
103168
384
64
0
103936
448
64
0
104704
512
64
0
105472
576
64
0
106240
640
64
0
107008
704
64
0
107776
768
64
0
108544
832
64
0
109312
896
64
0
110080
960
64
0
110848
1024
64
0
111616
1088
64
0
112384
1152
64
0
113152
1216
64
0
113920
1280
64
0
114688
1344
64
0
115456
1408
64
0
116224
1472
64
0
116992
1536
64
0
117760
1600
64
0
118528
1664
64
0
119296
1728
64
0
120064
1792
64
0
120832
1856
64
0
121600
1920
64
0
122368
1984
64
0
98624
0
64
0
99392
64
64
0
100160
128
64
0
100928
192
64
0
101696
256
64
0
102464
320
64
0
103232
384
64
0
104000
448
64
0
104768
512
64
0
105536
576
64
0
106304
640
64
0
107072
704
64
0
107840
768
64
0
108608
832
64
0
109376
896
64
0
110144
960
64
0
110912
1024
64
0
111680
1088
64
0
112448
1152
64
0
113216
1216
64
0
113984
1280
64
0
114752
1344
64
0
115520
1408
64
0
116288
1472
64
0
117056
1536
64
0
117824
1600
64
0
118592
1664
64
0
119360
1728
64
0
120128
1792
64
0
120896
1856
64
0
121664
1920
64
0
122432
1984
64
0
98688
0
64
0
99456
64
64
0
100224
128
64
0
100992
192
64
0
101760
256
64
0
102528
320
64
0
103296
384
64
0
104064
448
64
0
104832
512
64
0
105600
576
64
0
106368
640
64
0
107136
704
64
0
107904
768
64
0
108672
832
64
0
109440
896
64
0
110208
960
64
0
110976
1024
64
0
111744
1088
64
0
112512
1152
64
0
113280
1216
64
0
114048
1280
64
0
114816
1344
64
0
115584
1408
64
0
116352
1472
64
0
117120
1536
64
0
117888
1600
64
0
118656
1664
64
0
119424
1728
64
0
120192
1792
64
0
120960
1856
64
0
121728
1920
64
0
122496
1984
64
0
98752
0
64
0
99520
64
64
0
100288
128
64
0
101056
192
64
0
101824
256
64
0
102592
320
64
0
103360
384
64
0
104128
448
64
0
104896
512
64
0
105664
576
64
0
106432
640
64
0
107200
704
64
0
107968
768
64
0
108736
832
64
0
109504
896
64
0
110272
960
64
0
111040
1024
64
0
111808
1088
64
0
112576
1152
64
0
113344
1216
64
0
114112
1280
64
0
114880
1344
64
0
115648
1408
64
0
116416
1472
64
0
117184
1536
64
0
117952
1600
64
0
118720
1664
64
0
119488
1728
64
0
120256
1792
64
0
121024
1856
64
0
121792
1920
64
0
122560
1984
64
0
98816
0
64
0
99584
64
64
0
100352
128
64
0
101120
192
64
0
101888
256
64
0
102656
320
64
0
103424
384
64
0
104192
448
64
0
104960
512
64
0
105728
576
64
0
106496
640
64
0
107264
704
64
0
108032
768
64
0
108800
832
64
0
109568
896
64
0
110336
960
64
0
111104
1024
64
0
111872
1088
64
0
112640
1152
64
0
113408
1216
64
0
114176
1280
64
0
114944
1344
64
0
115712
1408
64
0
116480
1472
64
0
117248
1536
64
0
118016
1600
64
0
118784
1664
64
0
119552
1728
64
0
120320
1792
64
0
121088
1856
64
0
121856
1920
64
0
122624
1984
64
0
98880
0
64
0
99648
64
64
0
100416
128
64
0
101184
192
64
0
101952
256
64
0
102720
320
64
0
103488
384
64
0
104256
448
64
0
105024
512
64
0
105792
576
64
0
106560
640
64
0
107328
704
64
0
108096
768
64
0
108864
832
64
0
109632
896
64
0
110400
960
64
0
111168
1024
64
0
111936
1088
64
0
112704
1152
64
0
113472
1216
64
0
114240
1280
64
0
115008
1344
64
0
115776
1408
64
0
116544
1472
64
0
117312
1536
64
0
118080
1600
64
0
118848
1664
64
0
119616
1728
64
0
120384
1792
64
0
121152
1856
64
0
121920
1920
64
0
122688
1984
64
0
98944
0
64
0
99712
64
64
0
100480
128
64
0
101248
192
64
0
102016
256
64
0
102784
320
64
0
103552
384
64
0
104320
448
64
0
105088
512
64
0
105856
576
64
0
106624
640
64
0
107392
704
64
0
108160
768
64
0
108928
832
64
0
109696
896
64
0
110464
960
64
0
111232
1024
64
0
112000
1088
64
0
112768
1152
64
0
113536
1216
64
0
114304
1280
64
0
115072
1344
64
0
115840
1408
64
0
116608
1472
64
0
117376
1536
64
0
118144
1600
64
0
118912
1664
64
0
119680
1728
64
0
120448
1792
64
0
121216
1856
64
0
121984
1920
64
0
122752
1984
64
0
99008
0
64
0
99776
64
64
0
100544
128
64
0
101312
192
64
0
102080
256
64
0
102848
320
64
0
103616
384
64
0
104384
448
64
0
105152
512
64
0
105920
576
64
0
106688
640
64
0
107456
704
64
0
108224
768
64
0
108992
832
64
0
109760
896
64
0
110528
960
64
0
111296
1024
64
0
112064
1088
64
0
112832
1152
64
0
113600
1216
64
0
114368
1280
64
0
115136
1344
64
0
115904
1408
64
0
116672
1472
64
0
117440
1536
64
0
118208
1600
64
0
118976
1664
64
0
119744
1728
64
0
120512
1792
64
0
121280
1856
64
0
122048
1920
64
0
122816
1984
64
0
122880
0
64
0
123648
64
64
0
124416
128
64
0
125184
192
64
0
125952
256
64
0
126720
320
64
0
127488
384
64
0
128256
448
64
0
129024
512
64
0
0
576
64
1
0
640
64
1
0
704
64
1
0
768
64
1
0
832
64
1
0
896
64
1
0
960
64
1
0
1024
64
1
0
1088
64
1
0
1152
64
1
0
1216
64
1
0
1280
64
1
0
1344
64
1
0
1408
64
1
0
1472
64
1
0
1536
64
1
0
1600
64
1
0
1664
64
1
0
1728
64
1
0
1792
64
1
0
1856
64
1
0
1920
64
1
0
1984
64
1
122944
0
64
0
123712
64
64
0
124480
128
64
0
125248
192
64
0
126016
256
64
0
126784
320
64
0
127552
384
64
0
128320
448
64
0
129088
512
64
0
64
576
64
1
64
640
64
1
64
704
64
1
64
768
64
1
64
832
64
1
64
896
64
1
64
960
64
1
64
1024
64
1
64
1088
64
1
64
1152
64
1
64
1216
64
1
64
1280
64
1
64
1344
64
1
64
1408
64
1
64
1472
64
1
64
1536
64
1
64
1600
64
1
64
1664
64
1
64
1728
64
1
64
1792
64
1
64
1856
64
1
64
1920
64
1
64
1984
64
1
123008
0
64
0
123776
64
64
0
124544
128
64
0
125312
192
64
0
126080
256
64
0
126848
320
64
0
127616
384
64
0
128384
448
64
0
129152
512
64
0
128
576
64
1
128
640
64
1
128
704
64
1
128
768
64
1
128
832
64
1
128
896
64
1
128
960
64
1
128
1024
64
1
128
1088
64
1
128
1152
64
1
128
1216
64
1
128
1280
64
1
128
1344
64
1
128
1408
64
1
128
1472
64
1
128
1536
64
1
128
1600
64
1
128
1664
64
1
128
1728
64
1
128
1792
64
1
128
1856
64
1
128
1920
64
1
128
1984
64
1
123072
0
64
0
123840
64
64
0
124608
128
64
0
125376
192
64
0
126144
256
64
0
126912
320
64
0
127680
384
64
0
128448
448
64
0
129216
512
64
0
192
576
64
1
192
640
64
1
192
704
64
1
192
768
64
1
192
832
64
1
192
896
64
1
192
960
64
1
192
1024
64
1
192
1088
64
1
192
1152
64
1
192
1216
64
1
192
1280
64
1
192
1344
64
1
192
1408
64
1
192
1472
64
1
192
1536
64
1
192
1600
64
1
192
1664
64
1
192
1728
64
1
192
1792
64
1
192
1856
64
1
192
1920
64
1
192
1984
64
1
123136
0
64
0
123904
64
64
0
124672
128
64
0
125440
192
64
0
126208
256
64
0
126976
320
64
0
127744
384
64
0
128512
448
64
0
129280
512
64
0
256
576
64
1
256
640
64
1
256
704
64
1
256
768
64
1
256
832
64
1
256
896
64
1
256
960
64
1
256
1024
64
1
256
1088
64
1
256
1152
64
1
256
1216
64
1
256
1280
64
1
256
1344
64
1
256
1408
64
1
256
1472
64
1
256
1536
64
1
256
1600
64
1
256
1664
64
1
256
1728
64
1
256
1792
64
1
256
1856
64
1
256
1920
64
1
256
1984
64
1
123200
0
64
0
123968
64
64
0
124736
128
64
0
125504
192
64
0
126272
256
64
0
127040
320
64
0
127808
384
64
0
128576
448
64
0
129344
512
64
0
320
576
64
1
320
640
64
1
320
704
64
1
320
768
64
1
320
832
64
1
320
896
64
1
320
960
64
1
320
1024
64
1
320
1088
64
1
320
1152
64
1
320
1216
64
1
320
1280
64
1
320
1344
64
1
320
1408
64
1
320
1472
64
1
320
1536
64
1
320
1600
64
1
320
1664
64
1
320
1728
64
1
320
1792
64
1
320
1856
64
1
320
1920
64
1
320
1984
64
1
123264
0
64
0
124032
64
64
0
124800
128
64
0
125568
192
64
0
126336
256
64
0
127104
320
64
0
127872
384
64
0
128640
448
64
0
129408
512
64
0
384
576
64
1
384
640
64
1
384
704
64
1
384
768
64
1
384
832
64
1
384
896
64
1
384
960
64
1
384
1024
64
1
384
1088
64
1
384
1152
64
1
384
1216
64
1
384
1280
64
1
384
1344
64
1
384
1408
64
1
384
1472
64
1
384
1536
64
1
384
1600
64
1
384
1664
64
1
384
1728
64
1
384
1792
64
1
384
1856
64
1
384
1920
64
1
384
1984
64
1
123328
0
64
0
124096
64
64
0
124864
128
64
0
125632
192
64
0
126400
256
64
0
127168
320
64
0
127936
384
64
0
128704
448
64
0
129472
512
64
0
448
576
64
1
448
640
64
1
448
704
64
1
448
768
64
1
448
832
64
1
448
896
64
1
448
960
64
1
448
1024
64
1
448
1088
64
1
448
1152
64
1
448
1216
64
1
448
1280
64
1
448
1344
64
1
448
1408
64
1
448
1472
64
1
448
1536
64
1
448
1600
64
1
448
1664
64
1
448
1728
64
1
448
1792
64
1
448
1856
64
1
448
1920
64
1
448
1984
64
1
123392
0
64
0
124160
64
64
0
124928
128
64
0
125696
192
64
0
126464
256
64
0
127232
320
64
0
128000
384
64
0
128768
448
64
0
129536
512
64
0
512
576
64
1
512
640
64
1
512
704
64
1
512
768
64
1
512
832
64
1
512
896
64
1
512
960
64
1
512
1024
64
1
512
1088
64
1
512
1152
64
1
512
1216
64
1
512
1280
64
1
512
1344
64
1
512
1408
64
1
512
1472
64
1
512
1536
64
1
512
1600
64
1
512
1664
64
1
512
1728
64
1
512
1792
64
1
512
1856
64
1
512
1920
64
1
512
1984
64
1
123456
0
64
0
124224
64
64
0
124992
128
64
0
125760
192
64
0
126528
256
64
0
127296
320
64
0
128064
384
64
0
128832
448
64
0
129600
512
64
0
576
576
64
1
576
640
64
1
576
704
64
1
576
768
64
1
576
832
64
1
576
896
64
1
576
960
64
1
576
1024
64
1
576
1088
64
1
576
1152
64
1
576
1216
64
1
576
1280
64
1
576
1344
64
1
576
1408
64
1
576
1472
64
1
576
1536
64
1
576
1600
64
1
576
1664
64
1
576
1728
64
1
576
1792
64
1
576
1856
64
1
576
1920
64
1
576
1984
64
1
123520
0
64
0
124288
64
64
0
125056
128
64
0
125824
192
64
0
126592
256
64
0
127360
320
64
0
128128
384
64
0
128896
448
64
0
129664
512
64
0
640
576
64
1
640
640
64
1
640
704
64
1
640
768
64
1
640
832
64
1
640
896
64
1
640
960
64
1
640
1024
64
1
640
1088
64
1
640
1152
64
1
640
1216
64
1
640
1280
64
1
640
1344
64
1
640
1408
64
1
640
1472
64
1
640
1536
64
1
640
1600
64
1
640
1664
64
1
640
1728
64
1
640
1792
64
1
640
1856
64
1
640
1920
64
1
640
1984
64
1
123584
0
64
0
124352
64
64
0
125120
128
64
0
125888
192
64
0
126656
256
64
0
127424
320
64
0
128192
384
64
0
128960
448
64
0
129728
512
64
0
704
576
64
1
704
640
64
1
704
704
64
1
704
768
64
1
704
832
64
1
704
896
64
1
704
960
64
1
704
1024
64
1
704
1088
64
1
704
1152
64
1
704
1216
64
1
704
1280
64
1
704
1344
64
1
704
1408
64
1
704
1472
64
1
704
1536
64
1
704
1600
64
1
704
1664
64
1
704
1728
64
1
704
1792
64
1
704
1856
64
1
704
1920
64
1
704
1984
64
1
