0
0
64
0
1152
64
64
0
2304
128
64
0
3456
192
64
0
4608
256
64
0
5760
320
64
0
6912
384
64
0
8064
448
64
0
9216
512
64
0
10368
576
64
0
11520
640
64
0
12672
704
64
0
13824
768
64
0
14976
832
64
0
16128
896
64
0
17280
960
64
0
18432
1024
64
0
19584
1088
64
0
20736
1152
64
0
21888
1216
64
0
23040
1280
64
0
24192
1344
64
0
25344
1408
64
0
26496
1472
64
0
27648
1536
64
0
28800
1600
64
0
29952
1664
64
0
31104
1728
64
0
32256
1792
64
0
33408
1856
64
0
34560
1920
64
0
35712
1984
64
0
64
0
64
0
1216
64
64
0
2368
128
64
0
3520
192
64
0
4672
256
64
0
5824
320
64
0
6976
384
64
0
8128
448
64
0
9280
512
64
0
10432
576
64
0
11584
640
64
0
12736
704
64
0
13888
768
64
0
15040
832
64
0
16192
896
64
0
17344
960
64
0
18496
1024
64
0
19648
1088
64
0
20800
1152
64
0
21952
1216
64
0
23104
1280
64
0
24256
1344
64
0
25408
1408
64
0
26560
1472
64
0
27712
1536
64
0
28864
1600
64
0
30016
1664
64
0
31168
1728
64
0
32320
1792
64
0
33472
1856
64
0
34624
1920
64
0
35776
1984
64
0
128
0
64
0
1280
64
64
0
2432
128
64
0
3584
192
64
0
4736
256
64
0
5888
320
64
0
7040
384
64
0
8192
448
64
0
9344
512
64
0
10496
576
64
0
11648
640
64
0
12800
704
64
0
13952
768
64
0
15104
832
64
0
16256
896
64
0
17408
960
64
0
18560
1024
64
0
19712
1088
64
0
20864
1152
64
0
22016
1216
64
0
23168
1280
64
0
24320
1344
64
0
25472
1408
64
0
26624
1472
64
0
27776
1536
64
0
28928
1600
64
0
30080
1664
64
0
31232
1728
64
0
32384
1792
64
0
33536
1856
64
0
34688
1920
64
0
35840
1984
64
0
192
0
64
0
1344
64
64
0
2496
128
64
0
3648
192
64
0
4800
256
64
0
5952
320
64
0
7104
384
64
0
8256
448
64
0
9408
512
64
0
10560
576
64
0
11712
640
64
0
12864
704
64
0
14016
768
64
0
15168
832
64
0
16320
896
64
0
17472
960
64
0
18624
1024
64
0
19776
1088
64
0
20928
1152
64
0
22080
1216
64
0
23232
1280
64
0
24384
1344
64
0
25536
1408
64
0
26688
1472
64
0
27840
1536
64
0
28992
1600
64
0
30144
1664
64
0
31296
1728
64
0
32448
1792
64
0
33600
1856
64
0
34752
1920
64
0
35904
1984
64
0
256
0
64
0
1408
64
64
0
2560
128
64
0
3712
192
64
0
4864
256
64
0
6016
320
64
0
7168
384
64
0
8320
448
64
0
9472
512
64
0
10624
576
64
0
11776
640
64
0
12928
704
64
0
14080
768
64
0
15232
832
64
0
16384
896
64
0
17536
960
64
0
18688
1024
64
0
19840
1088
64
0
20992
1152
64
0
22144
1216
64
0
23296
1280
64
0
24448
1344
64
0
25600
1408
64
0
26752
1472
64
0
27904
1536
64
0
29056
1600
64
0
30208
1664
64
0
31360
1728
64
0
32512
1792
64
0
33664
1856
64
0
34816
1920
64
0
35968
1984
64
0
320
0
64
0
1472
64
64
0
2624
128
64
0
3776
192
64
0
4928
256
64
0
6080
320
64
0
7232
384
64
0
8384
448
64
0
9536
512
64
0
10688
576
64
0
11840
640
64
0
12992
704
64
0
14144
768
64
0
15296
832
64
0
16448
896
64
0
17600
960
64
0
18752
1024
64
0
19904
1088
64
0
21056
1152
64
0
22208
1216
64
0
23360
1280
64
0
24512
1344
64
0
25664
1408
64
0
26816
1472
64
0
27968
1536
64
0
29120
1600
64
0
30272
1664
64
0
31424
1728
64
0
32576
1792
64
0
33728
1856
64
0
34880
1920
64
0
36032
1984
64
0
384
0
64
0
1536
64
64
0
2688
128
64
0
3840
192
64
0
4992
256
64
0
6144
320
64
0
7296
384
64
0
8448
448
64
0
9600
512
64
0
10752
576
64
0
11904
640
64
0
13056
704
64
0
14208
768
64
0
15360
832
64
0
16512
896
64
0
17664
960
64
0
18816
1024
64
0
19968
1088
64
0
21120
1152
64
0
22272
1216
64
0
23424
1280
64
0
24576
1344
64
0
25728
1408
64
0
26880
1472
64
0
28032
1536
64
0
29184
1600
64
0
30336
1664
64
0
31488
1728
64
0
32640
1792
64
0
33792
1856
64
0
34944
1920
64
0
36096
1984
64
0
448
0
64
0
1600
64
64
0
2752
128
64
0
3904
192
64
0
5056
256
64
0
6208
320
64
0
7360
384
64
0
8512
448
64
0
9664
512
64
0
10816
576
64
0
11968
640
64
0
13120
704
64
0
14272
768
64
0
15424
832
64
0
16576
896
64
0
17728
960
64
0
18880
1024
64
0
20032
1088
64
0
21184
1152
64
0
22336
1216
64
0
23488
1280
64
0
24640
1344
64
0
25792
1408
64
0
26944
1472
64
0
28096
1536
64
0
29248
1600
64
0
30400
1664
64
0
31552
1728
64
0
32704
1792
64
0
33856
1856
64
0
35008
1920
64
0
36160
1984
64
0
512
0
64
0
1664
64
64
0
2816
128
64
0
3968
192
64
0
5120
256
64
0
6272
320
64
0
7424
384
64
0
8576
448
64
0
9728
512
64
0
10880
576
64
0
12032
640
64
0
13184
704
64
0
14336
768
64
0
15488
832
64
0
16640
896
64
0
17792
960
64
0
18944
1024
64
0
20096
1088
64
0
21248
1152
64
0
22400
1216
64
0
23552
1280
64
0
24704
1344
64
0
25856
1408
64
0
27008
1472
64
0
28160
1536
64
0
29312
1600
64
0
30464
1664
64
0
31616
1728
64
0
32768
1792
64
0
33920
1856
64
0
35072
1920
64
0
36224
1984
64
0
576
0
64
0
1728
64
64
0
2880
128
64
0
4032
192
64
0
5184
256
64
0
6336
320
64
0
7488
384
64
0
8640
448
64
0
9792
512
64
0
10944
576
64
0
12096
640
64
0
13248
704
64
0
14400
768
64
0
15552
832
64
0
16704
896
64
0
17856
960
64
0
19008
1024
64
0
20160
1088
64
0
21312
1152
64
0
22464
1216
64
0
23616
1280
64
0
24768
1344
64
0
25920
1408
64
0
27072
1472
64
0
28224
1536
64
0
29376
1600
64
0
30528
1664
64
0
31680
1728
64
0
32832
1792
64
0
33984
1856
64
0
35136
1920
64
0
36288
1984
64
0
640
0
64
0
1792
64
64
0
2944
128
64
0
4096
192
64
0
5248
256
64
0
6400
320
64
0
7552
384
64
0
8704
448
64
0
9856
512
64
0
11008
576
64
0
12160
640
64
0
13312
704
64
0
14464
768
64
0
15616
832
64
0
16768
896
64
0
17920
960
64
0
19072
1024
64
0
20224
1088
64
0
21376
1152
64
0
22528
1216
64
0
23680
1280
64
0
24832
1344
64
0
25984
1408
64
0
27136
1472
64
0
28288
1536
64
0
29440
1600
64
0
30592
1664
64
0
31744
1728
64
0
32896
1792
64
0
34048
1856
64
0
35200
1920
64
0
36352
1984
64
0
704
0
64
0
1856
64
64
0
3008
128
64
0
4160
192
64
0
5312
256
64
0
6464
320
64
0
7616
384
64
0
8768
448
64
0
9920
512
64
0
11072
576
64
0
12224
640
64
0
13376
704
64
0
14528
768
64
0
15680
832
64
0
16832
896
64
0
17984
960
64
0
19136
1024
64
0
20288
1088
64
0
21440
1152
64
0
22592
1216
64
0
23744
1280
64
0
24896
1344
64
0
26048
1408
64
0
27200
1472
64
0
28352
1536
64
0
29504
1600
64
0
30656
1664
64
0
31808
1728
64
0
32960
1792
64
0
34112
1856
64
0
35264
1920
64
0
36416
1984
64
0
768
0
64
0
1920
64
64
0
3072
128
64
0
4224
192
64
0
5376
256
64
0
6528
320
64
0
7680
384
64
0
8832
448
64
0
9984
512
64
0
11136
576
64
0
12288
640
64
0
13440
704
64
0
14592
768
64
0
15744
832
64
0
16896
896
64
0
18048
960
64
0
19200
1024
64
0
20352
1088
64
0
21504
1152
64
0
22656
1216
64
0
23808
1280
64
0
24960
1344
64
0
26112
1408
64
0
27264
1472
64
0
28416
1536
64
0
29568
1600
64
0
30720
1664
64
0
31872
1728
64
0
33024
1792
64
0
34176
1856
64
0
35328
1920
64
0
36480
1984
64
0
832
0
64
0
1984
64
64
0
3136
128
64
0
4288
192
64
0
5440
256
64
0
6592
320
64
0
7744
384
64
0
8896
448
64
0
10048
512
64
0
11200
576
64
0
12352
640
64
0
13504
704
64
0
14656
768
64
0
15808
832
64
0
16960
896
64
0
18112
960
64
0
19264
1024
64
0
20416
1088
64
0
21568
1152
64
0
22720
1216
64
0
23872
1280
64
0
25024
1344
64
0
26176
1408
64
0
27328
1472
64
0
28480
1536
64
0
29632
1600
64
0
30784
1664
64
0
31936
1728
64
0
33088
1792
64
0
34240
1856
64
0
35392
1920
64
0
36544
1984
64
0
896
0
64
0
2048
64
64
0
3200
128
64
0
4352
192
64
0
5504
256
64
0
6656
320
64
0
7808
384
64
0
8960
448
64
0
10112
512
64
0
11264
576
64
0
12416
640
64
0
13568
704
64
0
14720
768
64
0
15872
832
64
0
17024
896
64
0
18176
960
64
0
19328
1024
64
0
20480
1088
64
0
21632
1152
64
0
22784
1216
64
0
23936
1280
64
0
25088
1344
64
0
26240
1408
64
0
27392
1472
64
0
28544
1536
64
0
29696
1600
64
0
30848
1664
64
0
32000
1728
64
0
33152
1792
64
0
34304
1856
64
0
35456
1920
64
0
36608
1984
64
0
960
0
64
0
2112
64
64
0
3264
128
64
0
4416
192
64
0
5568
256
64
0
6720
320
64
0
7872
384
64
0
9024
448
64
0
10176
512
64
0
11328
576
64
0
12480
640
64
0
13632
704
64
0
14784
768
64
0
15936
832
64
0
17088
896
64
0
18240
960
64
0
19392
1024
64
0
20544
1088
64
0
21696
1152
64
0
22848
1216
64
0
24000
1280
64
0
25152
1344
64
0
26304
1408
64
0
27456
1472
64
0
28608
1536
64
0
29760
1600
64
0
30912
1664
64
0
32064
1728
64
0
33216
1792
64
0
34368
1856
64
0
35520
1920
64
0
36672
1984
64
0
1024
0
64
0
2176
64
64
0
3328
128
64
0
4480
192
64
0
5632
256
64
0
6784
320
64
0
7936
384
64
0
9088
448
64
0
10240
512
64
0
11392
576
64
0
12544
640
64
0
13696
704
64
0
14848
768
64
0
16000
832
64
0
17152
896
64
0
18304
960
64
0
19456
1024
64
0
20608
1088
64
0
21760
1152
64
0
22912
1216
64
0
24064
1280
64
0
25216
1344
64
0
26368
1408
64
0
27520
1472
64
0
28672
1536
64
0
29824
1600
64
0
30976
1664
64
0
32128
1728
64
0
33280
1792
64
0
34432
1856
64
0
35584
1920
64
0
36736
1984
64
0
1088
0
64
0
2240
64
64
0
3392
128
64
0
4544
192
64
0
5696
256
64
0
6848
320
64
0
8000
384
64
0
9152
448
64
0
10304
512
64
0
11456
576
64
0
12608
640
64
0
13760
704
64
0
14912
768
64
0
16064
832
64
0
17216
896
64
0
18368
960
64
0
19520
1024
64
0
20672
1088
64
0
21824
1152
64
0
22976
1216
64
0
24128
1280
64
0
25280
1344
64
0
26432
1408
64
0
27584
1472
64
0
28736
1536
64
0
29888
1600
64
0
31040
1664
64
0
32192
1728
64
0
33344
1792
64
0
34496
1856
64
0
35648
1920
64
0
36800
1984
64
0
36864
0
64
0
38016
64
64
0
39168
128
64
0
40320
192
64
0
41472
256
64
0
42624
320
64
0
43776
384
64
0
44928
448
64
0
46080
512
64
0
47232
576
64
0
48384
640
64
0
49536
704
64
0
50688
768
64
0
51840
832
64
0
52992
896
64
0
54144
960
64
0
55296
1024
64
0
0
1088
64
1
0
1152
64
1
0
1216
64
1
0
1280
64
1
0
1344
64
1
0
1408
64
1
0
1472
64
1
0
1536
64
1
0
1600
64
1
0
1664
64
1
0
1728
64
1
0
1792
64
1
0
1856
64
1
0
1920
64
1
0
1984
64
1
36928
0
64
0
38080
64
64
0
39232
128
64
0
40384
192
64
0
41536
256
64
0
42688
320
64
0
43840
384
64
0
44992
448
64
0
46144
512
64
0
47296
576
64
0
48448
640
64
0
49600
704
64
0
50752
768
64
0
51904
832
64
0
53056
896
64
0
54208
960
64
0
55360
1024
64
0
64
1088
64
1
64
1152
64
1
64
1216
64
1
64
1280
64
1
64
1344
64
1
64
1408
64
1
64
1472
64
1
64
1536
64
1
64
1600
64
1
64
1664
64
1
64
1728
64
1
64
1792
64
1
64
1856
64
1
64
1920
64
1
64
1984
64
1
36992
0
64
0
38144
64
64
0
39296
128
64
0
40448
192
64
0
41600
256
64
0
42752
320
64
0
43904
384
64
0
45056
448
64
0
46208
512
64
0
47360
576
64
0
48512
640
64
0
49664
704
64
0
50816
768
64
0
51968
832
64
0
53120
896
64
0
54272
960
64
0
55424
1024
64
0
128
1088
64
1
128
1152
64
1
128
1216
64
1
128
1280
64
1
128
1344
64
1
128
1408
64
1
128
1472
64
1
128
1536
64
1
128
1600
64
1
128
1664
64
1
128
1728
64
1
128
1792
64
1
128
1856
64
1
128
1920
64
1
128
1984
64
1
37056
0
64
0
38208
64
64
0
39360
128
64
0
40512
192
64
0
41664
256
64
0
42816
320
64
0
43968
384
64
0
45120
448
64
0
46272
512
64
0
47424
576
64
0
48576
640
64
0
49728
704
64
0
50880
768
64
0
52032
832
64
0
53184
896
64
0
54336
960
64
0
55488
1024
64
0
192
1088
64
1
192
1152
64
1
192
1216
64
1
192
1280
64
1
192
1344
64
1
192
1408
64
1
192
1472
64
1
192
1536
64
1
192
1600
64
1
192
1664
64
1
192
1728
64
1
192
1792
64
1
192
1856
64
1
192
1920
64
1
192
1984
64
1
37120
0
64
0
38272
64
64
0
39424
128
64
0
40576
192
64
0
41728
256
64
0
42880
320
64
0
44032
384
64
0
45184
448
64
0
46336
512
64
0
47488
576
64
0
48640
640
64
0
49792
704
64
0
50944
768
64
0
52096
832
64
0
53248
896
64
0
54400
960
64
0
55552
1024
64
0
256
1088
64
1
256
1152
64
1
256
1216
64
1
256
1280
64
1
256
1344
64
1
256
1408
64
1
256
1472
64
1
256
1536
64
1
256
1600
64
1
256
1664
64
1
256
1728
64
1
256
1792
64
1
256
1856
64
1
256
1920
64
1
256
1984
64
1
37184
0
64
0
38336
64
64
0
39488
128
64
0
40640
192
64
0
41792
256
64
0
42944
320
64
0
44096
384
64
0
45248
448
64
0
46400
512
64
0
47552
576
64
0
48704
640
64
0
49856
704
64
0
51008
768
64
0
52160
832
64
0
53312
896
64
0
54464
960
64
0
55616
1024
64
0
320
1088
64
1
320
1152
64
1
320
1216
64
1
320
1280
64
1
320
1344
64
1
320
1408
64
1
320
1472
64
1
320
1536
64
1
320
1600
64
1
320
1664
64
1
320
1728
64
1
320
1792
64
1
320
1856
64
1
320
1920
64
1
320
1984
64
1
37248
0
64
0
38400
64
64
0
39552
128
64
0
40704
192
64
0
41856
256
64
0
43008
320
64
0
44160
384
64
0
45312
448
64
0
46464
512
64
0
47616
576
64
0
48768
640
64
0
49920
704
64
0
51072
768
64
0
52224
832
64
0
53376
896
64
0
54528
960
64
0
55680
1024
64
0
384
1088
64
1
384
1152
64
1
384
1216
64
1
384
1280
64
1
384
1344
64
1
384
1408
64
1
384
1472
64
1
384
1536
64
1
384
1600
64
1
384
1664
64
1
384
1728
64
1
384
1792
64
1
384
1856
64
1
384
1920
64
1
384
1984
64
1
37312
0
64
0
38464
64
64
0
39616
128
64
0
40768
192
64
0
41920
256
64
0
43072
320
64
0
44224
384
64
0
45376
448
64
0
46528
512
64
0
47680
576
64
0
48832
640
64
0
49984
704
64
0
51136
768
64
0
52288
832
64
0
53440
896
64
0
54592
960
64
0
55744
1024
64
0
448
1088
64
1
448
1152
64
1
448
1216
64
1
448
1280
64
1
448
1344
64
1
448
1408
64
1
448
1472
64
1
448
1536
64
1
448
1600
64
1
448
1664
64
1
448
1728
64
1
448
1792
64
1
448
1856
64
1
448
1920
64
1
448
1984
64
1
37376
0
64
0
38528
64
64
0
39680
128
64
0
40832
192
64
0
41984
256
64
0
43136
320
64
0
44288
384
64
0
45440
448
64
0
46592
512
64
0
47744
576
64
0
48896
640
64
0
50048
704
64
0
51200
768
64
0
52352
832
64
0
53504
896
64
0
54656
960
64
0
55808
1024
64
0
512
1088
64
1
512
1152
64
1
512
1216
64
1
512
1280
64
1
512
1344
64
1
512
1408
64
1
512
1472
64
1
512
1536
64
1
512
1600
64
1
512
1664
64
1
512
1728
64
1
512
1792
64
1
512
1856
64
1
512
1920
64
1
512
1984
64
1
37440
0
64
0
38592
64
64
0
39744
128
64
0
40896
192
64
0
42048
256
64
0
43200
320
64
0
44352
384
64
0
45504
448
64
0
46656
512
64
0
47808
576
64
0
48960
640
64
0
50112
704
64
0
51264
768
64
0
52416
832
64
0
53568
896
64
0
54720
960
64
0
55872
1024
64
0
576
1088
64
1
576
1152
64
1
576
1216
64
1
576
1280
64
1
576
1344
64
1
576
1408
64
1
576
1472
64
1
576
1536
64
1
576
1600
64
1
576
1664
64
1
576
1728
64
1
576
1792
64
1
576
1856
64
1
576
1920
64
1
576
1984
64
1
37504
0
64
0
38656
64
64
0
39808
128
64
0
40960
192
64
0
42112
256
64
0
43264
320
64
0
44416
384
64
0
45568
448
64
0
46720
512
64
0
47872
576
64
0
49024
640
64
0
50176
704
64
0
51328
768
64
0
52480
832
64
0
53632
896
64
0
54784
960
64
0
55936
1024
64
0
640
1088
64
1
640
1152
64
1
640
1216
64
1
640
1280
64
1
640
1344
64
1
640
1408
64
1
640
1472
64
1
640
1536
64
1
640
1600
64
1
640
1664
64
1
640
1728
64
1
640
1792
64
1
640
1856
64
1
640
1920
64
1
640
1984
64
1
37568
0
64
0
38720
64
64
0
39872
128
64
0
41024
192
64
0
42176
256
64
0
43328
320
64
0
44480
384
64
0
45632
448
64
0
46784
512
64
0
47936
576
64
0
49088
640
64
0
50240
704
64
0
51392
768
64
0
52544
832
64
0
53696
896
64
0
54848
960
64
0
56000
1024
64
0
704
1088
64
1
704
1152
64
1
704
1216
64
1
704
1280
64
1
704
1344
64
1
704
1408
64
1
704
1472
64
1
704
1536
64
1
704
1600
64
1
704
1664
64
1
704
1728
64
1
704
1792
64
1
704
1856
64
1
704
1920
64
1
704
1984
64
1
37632
0
64
0
38784
64
64
0
39936
128
64
0
41088
192
64
0
42240
256
64
0
43392
320
64
0
44544
384
64
0
45696
448
64
0
46848
512
64
0
48000
576
64
0
49152
640
64
0
50304
704
64
0
51456
768
64
0
52608
832
64
0
53760
896
64
0
54912
960
64
0
56064
1024
64
0
768
1088
64
1
768
1152
64
1
768
1216
64
1
768
1280
64
1
768
1344
64
1
768
1408
64
1
768
1472
64
1
768
1536
64
1
768
1600
64
1
768
1664
64
1
768
1728
64
1
768
1792
64
1
768
1856
64
1
768
1920
64
1
768
1984
64
1
37696
0
64
0
38848
64
64
0
40000
128
64
0
41152
192
64
0
42304
256
64
0
43456
320
64
0
44608
384
64
0
45760
448
64
0
46912
512
64
0
48064
576
64
0
49216
640
64
0
50368
704
64
0
51520
768
64
0
52672
832
64
0
53824
896
64
0
54976
960
64
0
56128
1024
64
0
832
1088
64
1
832
1152
64
1
832
1216
64
1
832
1280
64
1
832
1344
64
1
832
1408
64
1
832
1472
64
1
832
1536
64
1
832
1600
64
1
832
1664
64
1
832
1728
64
1
832
1792
64
1
832
1856
64
1
832
1920
64
1
832
1984
64
1
37760
0
64
0
38912
64
64
0
40064
128
64
0
41216
192
64
0
42368
256
64
0
43520
320
64
0
44672
384
64
0
45824
448
64
0
46976
512
64
0
48128
576
64
0
49280
640
64
0
50432
704
64
0
51584
768
64
0
52736
832
64
0
53888
896
64
0
55040
960
64
0
56192
1024
64
0
896
1088
64
1
896
1152
64
1
896
1216
64
1
896
1280
64
1
896
1344
64
1
896
1408
64
1
896
1472
64
1
896
1536
64
1
896
1600
64
1
896
1664
64
1
896
1728
64
1
896
1792
64
1
896
1856
64
1
896
1920
64
1
896
1984
64
1
37824
0
64
0
38976
64
64
0
40128
128
64
0
41280
192
64
0
42432
256
64
0
43584
320
64
0
44736
384
64
0
45888
448
64
0
47040
512
64
0
48192
576
64
0
49344
640
64
0
50496
704
64
0
51648
768
64
0
52800
832
64
0
53952
896
64
0
55104
960
64
0
56256
1024
64
0
960
1088
64
1
960
1152
64
1
960
1216
64
1
960
1280
64
1
960
1344
64
1
960
1408
64
1
960
1472
64
1
960
1536
64
1
960
1600
64
1
960
1664
64
1
960
1728
64
1
960
1792
64
1
960
1856
64
1
960
1920
64
1
960
1984
64
1
37888
0
64
0
39040
64
64
0
40192
128
64
0
41344
192
64
0
42496
256
64
0
43648
320
64
0
44800
384
64
0
45952
448
64
0
47104
512
64
0
48256
576
64
0
49408
640
64
0
50560
704
64
0
51712
768
64
0
52864
832
64
0
54016
896
64
0
55168
960
64
0
56320
1024
64
0
1024
1088
64
1
1024
1152
64
1
1024
1216
64
1
1024
1280
64
1
1024
1344
64
1
1024
1408
64
1
1024
1472
64
1
1024
1536
64
1
1024
1600
64
1
1024
1664
64
1
1024
1728
64
1
1024
1792
64
1
1024
1856
64
1
1024
1920
64
1
1024
1984
64
1
37952
0
64
0
39104
64
64
0
40256
128
64
0
41408
192
64
0
42560
256
64
0
43712
320
64
0
44864
384
64
0
46016
448
64
0
47168
512
64
0
48320
576
64
0
49472
640
64
0
50624
704
64
0
51776
768
64
0
52928
832
64
0
54080
896
64
0
55232
960
64
0
56384
1024
64
0
1088
1088
64
1
1088
1152
64
1
1088
1216
64
1
1088
1280
64
1
1088
1344
64
1
1088
1408
64
1
1088
1472
64
1
1088
1536
64
1
1088
1600
64
1
1088
1664
64
1
1088
1728
64
1
1088
1792
64
1
1088
1856
64
1
1088
1920
64
1
1088
1984
64
1
