0
0
64
0
1152
64
64
0
2304
128
64
0
3456
192
64
0
4608
256
64
0
5760
320
64
0
6912
384
64
0
8064
448
64
0
9216
512
64
0
10368
576
64
0
11520
640
64
0
12672
704
64
0
13824
768
64
0
14976
832
64
0
16128
896
64
0
17280
960
64
0
18432
1024
64
0
19584
1088
64
0
20736
1152
64
0
21888
1216
64
0
23040
1280
64
0
24192
1344
64
0
25344
1408
64
0
26496
1472
64
0
27648
1536
64
0
28800
1600
64
0
29952
1664
64
0
31104
1728
64
0
32256
1792
64
0
33408
1856
64
0
34560
1920
64
0
35712
1984
64
0
64
0
64
0
1216
64
64
0
2368
128
64
0
3520
192
64
0
4672
256
64
0
5824
320
64
0
6976
384
64
0
8128
448
64
0
9280
512
64
0
10432
576
64
0
11584
640
64
0
12736
704
64
0
13888
768
64
0
15040
832
64
0
16192
896
64
0
17344
960
64
0
18496
1024
64
0
19648
1088
64
0
20800
1152
64
0
21952
1216
64
0
23104
1280
64
0
24256
1344
64
0
25408
1408
64
0
26560
1472
64
0
27712
1536
64
0
28864
1600
64
0
30016
1664
64
0
31168
1728
64
0
32320
1792
64
0
33472
1856
64
0
34624
1920
64
0
35776
1984
64
0
128
0
64
0
1280
64
64
0
2432
128
64
0
3584
192
64
0
4736
256
64
0
5888
320
64
0
7040
384
64
0
8192
448
64
0
9344
512
64
0
10496
576
64
0
11648
640
64
0
12800
704
64
0
13952
768
64
0
15104
832
64
0
16256
896
64
0
17408
960
64
0
18560
1024
64
0
19712
1088
64
0
20864
1152
64
0
22016
1216
64
0
23168
1280
64
0
24320
1344
64
0
25472
1408
64
0
26624
1472
64
0
27776
1536
64
0
28928
1600
64
0
30080
1664
64
0
31232
1728
64
0
32384
1792
64
0
33536
1856
64
0
34688
1920
64
0
35840
1984
64
0
192
0
64
0
1344
64
64
0
2496
128
64
0
3648
192
64
0
4800
256
64
0
5952
320
64
0
7104
384
64
0
8256
448
64
0
9408
512
64
0
10560
576
64
0
11712
640
64
0
12864
704
64
0
14016
768
64
0
15168
832
64
0
16320
896
64
0
17472
960
64
0
18624
1024
64
0
19776
1088
64
0
20928
1152
64
0
22080
1216
64
0
23232
1280
64
0
24384
1344
64
0
25536
1408
64
0
26688
1472
64
0
27840
1536
64
0
28992
1600
64
0
30144
1664
64
0
31296
1728
64
0
32448
1792
64
0
33600
1856
64
0
34752
1920
64
0
35904
1984
64
0
256
0
64
0
1408
64
64
0
2560
128
64
0
3712
192
64
0
4864
256
64
0
6016
320
64
0
7168
384
64
0
8320
448
64
0
9472
512
64
0
10624
576
64
0
11776
640
64
0
12928
704
64
0
14080
768
64
0
15232
832
64
0
16384
896
64
0
17536
960
64
0
18688
1024
64
0
19840
1088
64
0
20992
1152
64
0
22144
1216
64
0
23296
1280
64
0
24448
1344
64
0
25600
1408
64
0
26752
1472
64
0
27904
1536
64
0
29056
1600
64
0
30208
1664
64
0
31360
1728
64
0
32512
1792
64
0
33664
1856
64
0
34816
1920
64
0
35968
1984
64
0
320
0
64
0
1472
64
64
0
2624
128
64
0
3776
192
64
0
4928
256
64
0
6080
320
64
0
7232
384
64
0
8384
448
64
0
9536
512
64
0
10688
576
64
0
11840
640
64
0
12992
704
64
0
14144
768
64
0
15296
832
64
0
16448
896
64
0
17600
960
64
0
18752
1024
64
0
19904
1088
64
0
21056
1152
64
0
22208
1216
64
0
23360
1280
64
0
24512
1344
64
0
25664
1408
64
0
26816
1472
64
0
27968
1536
64
0
29120
1600
64
0
30272
1664
64
0
31424
1728
64
0
32576
1792
64
0
33728
1856
64
0
34880
1920
64
0
36032
1984
64
0
384
0
64
0
1536
64
64
0
2688
128
64
0
3840
192
64
0
4992
256
64
0
6144
320
64
0
7296
384
64
0
8448
448
64
0
9600
512
64
0
10752
576
64
0
11904
640
64
0
13056
704
64
0
14208
768
64
0
15360
832
64
0
16512
896
64
0
17664
960
64
0
18816
1024
64
0
19968
1088
64
0
21120
1152
64
0
22272
1216
64
0
23424
1280
64
0
24576
1344
64
0
25728
1408
64
0
26880
1472
64
0
28032
1536
64
0
29184
1600
64
0
30336
1664
64
0
31488
1728
64
0
32640
1792
64
0
33792
1856
64
0
34944
1920
64
0
36096
1984
64
0
448
0
64
0
1600
64
64
0
2752
128
64
0
3904
192
64
0
5056
256
64
0
6208
320
64
0
7360
384
64
0
8512
448
64
0
9664
512
64
0
10816
576
64
0
11968
640
64
0
13120
704
64
0
14272
768
64
0
15424
832
64
0
16576
896
64
0
17728
960
64
0
18880
1024
64
0
20032
1088
64
0
21184
1152
64
0
22336
1216
64
0
23488
1280
64
0
24640
1344
64
0
25792
1408
64
0
26944
1472
64
0
28096
1536
64
0
29248
1600
64
0
30400
1664
64
0
31552
1728
64
0
32704
1792
64
0
33856
1856
64
0
35008
1920
64
0
36160
1984
64
0
512
0
64
0
1664
64
64
0
2816
128
64
0
3968
192
64
0
5120
256
64
0
6272
320
64
0
7424
384
64
0
8576
448
64
0
9728
512
64
0
10880
576
64
0
12032
640
64
0
13184
704
64
0
14336
768
64
0
15488
832
64
0
16640
896
64
0
17792
960
64
0
18944
1024
64
0
20096
1088
64
0
21248
1152
64
0
22400
1216
64
0
23552
1280
64
0
24704
1344
64
0
25856
1408
64
0
27008
1472
64
0
28160
1536
64
0
29312
1600
64
0
30464
1664
64
0
31616
1728
64
0
32768
1792
64
0
33920
1856
64
0
35072
1920
64
0
36224
1984
64
0
576
0
64
0
1728
64
64
0
2880
128
64
0
4032
192
64
0
5184
256
64
0
6336
320
64
0
7488
384
64
0
8640
448
64
0
9792
512
64
0
10944
576
64
0
12096
640
64
0
13248
704
64
0
14400
768
64
0
15552
832
64
0
16704
896
64
0
17856
960
64
0
19008
1024
64
0
20160
1088
64
0
21312
1152
64
0
22464
1216
64
0
23616
1280
64
0
24768
1344
64
0
25920
1408
64
0
27072
1472
64
0
28224
1536
64
0
29376
1600
64
0
30528
1664
64
0
31680
1728
64
0
32832
1792
64
0
33984
1856
64
0
35136
1920
64
0
36288
1984
64
0
640
0
64
0
1792
64
64
0
2944
128
64
0
4096
192
64
0
5248
256
64
0
6400
320
64
0
7552
384
64
0
8704
448
64
0
9856
512
64
0
11008
576
64
0
12160
640
64
0
13312
704
64
0
14464
768
64
0
15616
832
64
0
16768
896
64
0
17920
960
64
0
19072
1024
64
0
20224
1088
64
0
21376
1152
64
0
22528
1216
64
0
23680
1280
64
0
24832
1344
64
0
25984
1408
64
0
27136
1472
64
0
28288
1536
64
0
29440
1600
64
0
30592
1664
64
0
31744
1728
64
0
32896
1792
64
0
34048
1856
64
0
35200
1920
64
0
36352
1984
64
0
704
0
64
0
1856
64
64
0
3008
128
64
0
4160
192
64
0
5312
256
64
0
6464
320
64
0
7616
384
64
0
8768
448
64
0
9920
512
64
0
11072
576
64
0
12224
640
64
0
13376
704
64
0
14528
768
64
0
15680
832
64
0
16832
896
64
0
17984
960
64
0
19136
1024
64
0
20288
1088
64
0
21440
1152
64
0
22592
1216
64
0
23744
1280
64
0
24896
1344
64
0
26048
1408
64
0
27200
1472
64
0
28352
1536
64
0
29504
1600
64
0
30656
1664
64
0
31808
1728
64
0
32960
1792
64
0
34112
1856
64
0
35264
1920
64
0
36416
1984
64
0
768
0
64
0
1920
64
64
0
3072
128
64
0
4224
192
64
0
5376
256
64
0
6528
320
64
0
7680
384
64
0
8832
448
64
0
9984
512
64
0
11136
576
64
0
12288
640
64
0
13440
704
64
0
14592
768
64
0
15744
832
64
0
16896
896
64
0
18048
960
64
0
19200
1024
64
0
20352
1088
64
0
21504
1152
64
0
22656
1216
64
0
23808
1280
64
0
24960
1344
64
0
26112
1408
64
0
27264
1472
64
0
28416
1536
64
0
29568
1600
64
0
30720
1664
64
0
31872
1728
64
0
33024
1792
64
0
34176
1856
64
0
35328
1920
64
0
36480
1984
64
0
832
0
64
0
1984
64
64
0
3136
128
64
0
4288
192
64
0
5440
256
64
0
6592
320
64
0
7744
384
64
0
8896
448
64
0
10048
512
64
0
11200
576
64
0
12352
640
64
0
13504
704
64
0
14656
768
64
0
15808
832
64
0
16960
896
64
0
18112
960
64
0
19264
1024
64
0
20416
1088
64
0
21568
1152
64
0
22720
1216
64
0
23872
1280
64
0
25024
1344
64
0
26176
1408
64
0
27328
1472
64
0
28480
1536
64
0
29632
1600
64
0
30784
1664
64
0
31936
1728
64
0
33088
1792
64
0
34240
1856
64
0
35392
1920
64
0
36544
1984
64
0
896
0
64
0
2048
64
64
0
3200
128
64
0
4352
192
64
0
5504
256
64
0
6656
320
64
0
7808
384
64
0
8960
448
64
0
10112
512
64
0
11264
576
64
0
12416
640
64
0
13568
704
64
0
14720
768
64
0
15872
832
64
0
17024
896
64
0
18176
960
64
0
19328
1024
64
0
20480
1088
64
0
21632
1152
64
0
22784
1216
64
0
23936
1280
64
0
25088
1344
64
0
26240
1408
64
0
27392
1472
64
0
28544
1536
64
0
29696
1600
64
0
30848
1664
64
0
32000
1728
64
0
33152
1792
64
0
34304
1856
64
0
35456
1920
64
0
36608
1984
64
0
960
0
64
0
2112
64
64
0
3264
128
64
0
4416
192
64
0
5568
256
64
0
6720
320
64
0
7872
384
64
0
9024
448
64
0
10176
512
64
0
11328
576
64
0
12480
640
64
0
13632
704
64
0
14784
768
64
0
15936
832
64
0
17088
896
64
0
18240
960
64
0
19392
1024
64
0
20544
1088
64
0
21696
1152
64
0
22848
1216
64
0
24000
1280
64
0
25152
1344
64
0
26304
1408
64
0
27456
1472
64
0
28608
1536
64
0
29760
1600
64
0
30912
1664
64
0
32064
1728
64
0
33216
1792
64
0
34368
1856
64
0
35520
1920
64
0
36672
1984
64
0
1024
0
64
0
2176
64
64
0
3328
128
64
0
4480
192
64
0
5632
256
64
0
6784
320
64
0
7936
384
64
0
9088
448
64
0
10240
512
64
0
11392
576
64
0
12544
640
64
0
13696
704
64
0
14848
768
64
0
16000
832
64
0
17152
896
64
0
18304
960
64
0
19456
1024
64
0
20608
1088
64
0
21760
1152
64
0
22912
1216
64
0
24064
1280
64
0
25216
1344
64
0
26368
1408
64
0
27520
1472
64
0
28672
1536
64
0
29824
1600
64
0
30976
1664
64
0
32128
1728
64
0
33280
1792
64
0
34432
1856
64
0
35584
1920
64
0
36736
1984
64
0
1088
0
64
0
2240
64
64
0
3392
128
64
0
4544
192
64
0
5696
256
64
0
6848
320
64
0
8000
384
64
0
9152
448
64
0
10304
512
64
0
11456
576
64
0
12608
640
64
0
13760
704
64
0
14912
768
64
0
16064
832
64
0
17216
896
64
0
18368
960
64
0
19520
1024
64
0
20672
1088
64
0
21824
1152
64
0
22976
1216
64
0
24128
1280
64
0
25280
1344
64
0
26432
1408
64
0
27584
1472
64
0
28736
1536
64
0
29888
1600
64
0
31040
1664
64
0
32192
1728
64
0
33344
1792
64
0
34496
1856
64
0
35648
1920
64
0
36800
1984
64
0
36864
0
64
0
38016
64
64
0
39168
128
64
0
40320
192
64
0
41472
256
64
0
42624
320
64
0
43776
384
64
0
44928
448
64
0
46080
512
64
0
47232
576
64
0
48384
640
64
0
49536
704
64
0
50688
768
64
0
51840
832
64
0
52992
896
64
0
54144
960
64
0
55296
1024
64
0
56448
1088
64
0
57600
1152
64
0
58752
1216
64
0
59904
1280
64
0
61056
1344
64
0
62208
1408
64
0
63360
1472
64
0
64512
1536
64
0
65664
1600
64
0
66816
1664
64
0
67968
1728
64
0
69120
1792
64
0
70272
1856
64
0
71424
1920
64
0
72576
1984
64
0
36928
0
64
0
38080
64
64
0
39232
128
64
0
40384
192
64
0
41536
256
64
0
42688
320
64
0
43840
384
64
0
44992
448
64
0
46144
512
64
0
47296
576
64
0
48448
640
64
0
49600
704
64
0
50752
768
64
0
51904
832
64
0
53056
896
64
0
54208
960
64
0
55360
1024
64
0
56512
1088
64
0
57664
1152
64
0
58816
1216
64
0
59968
1280
64
0
61120
1344
64
0
62272
1408
64
0
63424
1472
64
0
64576
1536
64
0
65728
1600
64
0
66880
1664
64
0
68032
1728
64
0
69184
1792
64
0
70336
1856
64
0
71488
1920
64
0
72640
1984
64
0
36992
0
64
0
38144
64
64
0
39296
128
64
0
40448
192
64
0
41600
256
64
0
42752
320
64
0
43904
384
64
0
45056
448
64
0
46208
512
64
0
47360
576
64
0
48512
640
64
0
49664
704
64
0
50816
768
64
0
51968
832
64
0
53120
896
64
0
54272
960
64
0
55424
1024
64
0
56576
1088
64
0
57728
1152
64
0
58880
1216
64
0
60032
1280
64
0
61184
1344
64
0
62336
1408
64
0
63488
1472
64
0
64640
1536
64
0
65792
1600
64
0
66944
1664
64
0
68096
1728
64
0
69248
1792
64
0
70400
1856
64
0
71552
1920
64
0
72704
1984
64
0
37056
0
64
0
38208
64
64
0
39360
128
64
0
40512
192
64
0
41664
256
64
0
42816
320
64
0
43968
384
64
0
45120
448
64
0
46272
512
64
0
47424
576
64
0
48576
640
64
0
49728
704
64
0
50880
768
64
0
52032
832
64
0
53184
896
64
0
54336
960
64
0
55488
1024
64
0
56640
1088
64
0
57792
1152
64
0
58944
1216
64
0
60096
1280
64
0
61248
1344
64
0
62400
1408
64
0
63552
1472
64
0
64704
1536
64
0
65856
1600
64
0
67008
1664
64
0
68160
1728
64
0
69312
1792
64
0
70464
1856
64
0
71616
1920
64
0
72768
1984
64
0
37120
0
64
0
38272
64
64
0
39424
128
64
0
40576
192
64
0
41728
256
64
0
42880
320
64
0
44032
384
64
0
45184
448
64
0
46336
512
64
0
47488
576
64
0
48640
640
64
0
49792
704
64
0
50944
768
64
0
52096
832
64
0
53248
896
64
0
54400
960
64
0
55552
1024
64
0
56704
1088
64
0
57856
1152
64
0
59008
1216
64
0
60160
1280
64
0
61312
1344
64
0
62464
1408
64
0
63616
1472
64
0
64768
1536
64
0
65920
1600
64
0
67072
1664
64
0
68224
1728
64
0
69376
1792
64
0
70528
1856
64
0
71680
1920
64
0
72832
1984
64
0
37184
0
64
0
38336
64
64
0
39488
128
64
0
40640
192
64
0
41792
256
64
0
42944
320
64
0
44096
384
64
0
45248
448
64
0
46400
512
64
0
47552
576
64
0
48704
640
64
0
49856
704
64
0
51008
768
64
0
52160
832
64
0
53312
896
64
0
54464
960
64
0
55616
1024
64
0
56768
1088
64
0
57920
1152
64
0
59072
1216
64
0
60224
1280
64
0
61376
1344
64
0
62528
1408
64
0
63680
1472
64
0
64832
1536
64
0
65984
1600
64
0
67136
1664
64
0
68288
1728
64
0
69440
1792
64
0
70592
1856
64
0
71744
1920
64
0
72896
1984
64
0
37248
0
64
0
38400
64
64
0
39552
128
64
0
40704
192
64
0
41856
256
64
0
43008
320
64
0
44160
384
64
0
45312
448
64
0
46464
512
64
0
47616
576
64
0
48768
640
64
0
49920
704
64
0
51072
768
64
0
52224
832
64
0
53376
896
64
0
54528
960
64
0
55680
1024
64
0
56832
1088
64
0
57984
1152
64
0
59136
1216
64
0
60288
1280
64
0
61440
1344
64
0
62592
1408
64
0
63744
1472
64
0
64896
1536
64
0
66048
1600
64
0
67200
1664
64
0
68352
1728
64
0
69504
1792
64
0
70656
1856
64
0
71808
1920
64
0
72960
1984
64
0
37312
0
64
0
38464
64
64
0
39616
128
64
0
40768
192
64
0
41920
256
64
0
43072
320
64
0
44224
384
64
0
45376
448
64
0
46528
512
64
0
47680
576
64
0
48832
640
64
0
49984
704
64
0
51136
768
64
0
52288
832
64
0
53440
896
64
0
54592
960
64
0
55744
1024
64
0
56896
1088
64
0
58048
1152
64
0
59200
1216
64
0
60352
1280
64
0
61504
1344
64
0
62656
1408
64
0
63808
1472
64
0
64960
1536
64
0
66112
1600
64
0
67264
1664
64
0
68416
1728
64
0
69568
1792
64
0
70720
1856
64
0
71872
1920
64
0
73024
1984
64
0
37376
0
64
0
38528
64
64
0
39680
128
64
0
40832
192
64
0
41984
256
64
0
43136
320
64
0
44288
384
64
0
45440
448
64
0
46592
512
64
0
47744
576
64
0
48896
640
64
0
50048
704
64
0
51200
768
64
0
52352
832
64
0
53504
896
64
0
54656
960
64
0
55808
1024
64
0
56960
1088
64
0
58112
1152
64
0
59264
1216
64
0
60416
1280
64
0
61568
1344
64
0
62720
1408
64
0
63872
1472
64
0
65024
1536
64
0
66176
1600
64
0
67328
1664
64
0
68480
1728
64
0
69632
1792
64
0
70784
1856
64
0
71936
1920
64
0
73088
1984
64
0
37440
0
64
0
38592
64
64
0
39744
128
64
0
40896
192
64
0
42048
256
64
0
43200
320
64
0
44352
384
64
0
45504
448
64
0
46656
512
64
0
47808
576
64
0
48960
640
64
0
50112
704
64
0
51264
768
64
0
52416
832
64
0
53568
896
64
0
54720
960
64
0
55872
1024
64
0
57024
1088
64
0
58176
1152
64
0
59328
1216
64
0
60480
1280
64
0
61632
1344
64
0
62784
1408
64
0
63936
1472
64
0
65088
1536
64
0
66240
1600
64
0
67392
1664
64
0
68544
1728
64
0
69696
1792
64
0
70848
1856
64
0
72000
1920
64
0
73152
1984
64
0
37504
0
64
0
38656
64
64
0
39808
128
64
0
40960
192
64
0
42112
256
64
0
43264
320
64
0
44416
384
64
0
45568
448
64
0
46720
512
64
0
47872
576
64
0
49024
640
64
0
50176
704
64
0
51328
768
64
0
52480
832
64
0
53632
896
64
0
54784
960
64
0
55936
1024
64
0
57088
1088
64
0
58240
1152
64
0
59392
1216
64
0
60544
1280
64
0
61696
1344
64
0
62848
1408
64
0
64000
1472
64
0
65152
1536
64
0
66304
1600
64
0
67456
1664
64
0
68608
1728
64
0
69760
1792
64
0
70912
1856
64
0
72064
1920
64
0
73216
1984
64
0
37568
0
64
0
38720
64
64
0
39872
128
64
0
41024
192
64
0
42176
256
64
0
43328
320
64
0
44480
384
64
0
45632
448
64
0
46784
512
64
0
47936
576
64
0
49088
640
64
0
50240
704
64
0
51392
768
64
0
52544
832
64
0
53696
896
64
0
54848
960
64
0
56000
1024
64
0
57152
1088
64
0
58304
1152
64
0
59456
1216
64
0
60608
1280
64
0
61760
1344
64
0
62912
1408
64
0
64064
1472
64
0
65216
1536
64
0
66368
1600
64
0
67520
1664
64
0
68672
1728
64
0
69824
1792
64
0
70976
1856
64
0
72128
1920
64
0
73280
1984
64
0
37632
0
64
0
38784
64
64
0
39936
128
64
0
41088
192
64
0
42240
256
64
0
43392
320
64
0
44544
384
64
0
45696
448
64
0
46848
512
64
0
48000
576
64
0
49152
640
64
0
50304
704
64
0
51456
768
64
0
52608
832
64
0
53760
896
64
0
54912
960
64
0
56064
1024
64
0
57216
1088
64
0
58368
1152
64
0
59520
1216
64
0
60672
1280
64
0
61824
1344
64
0
62976
1408
64
0
64128
1472
64
0
65280
1536
64
0
66432
1600
64
0
67584
1664
64
0
68736
1728
64
0
69888
1792
64
0
71040
1856
64
0
72192
1920
64
0
73344
1984
64
0
37696
0
64
0
38848
64
64
0
40000
128
64
0
41152
192
64
0
42304
256
64
0
43456
320
64
0
44608
384
64
0
45760
448
64
0
46912
512
64
0
48064
576
64
0
49216
640
64
0
50368
704
64
0
51520
768
64
0
52672
832
64
0
53824
896
64
0
54976
960
64
0
56128
1024
64
0
57280
1088
64
0
58432
1152
64
0
59584
1216
64
0
60736
1280
64
0
61888
1344
64
0
63040
1408
64
0
64192
1472
64
0
65344
1536
64
0
66496
1600
64
0
67648
1664
64
0
68800
1728
64
0
69952
1792
64
0
71104
1856
64
0
72256
1920
64
0
73408
1984
64
0
37760
0
64
0
38912
64
64
0
40064
128
64
0
41216
192
64
0
42368
256
64
0
43520
320
64
0
44672
384
64
0
45824
448
64
0
46976
512
64
0
48128
576
64
0
49280
640
64
0
50432
704
64
0
51584
768
64
0
52736
832
64
0
53888
896
64
0
55040
960
64
0
56192
1024
64
0
57344
1088
64
0
58496
1152
64
0
59648
1216
64
0
60800
1280
64
0
61952
1344
64
0
63104
1408
64
0
64256
1472
64
0
65408
1536
64
0
66560
1600
64
0
67712
1664
64
0
68864
1728
64
0
70016
1792
64
0
71168
1856
64
0
72320
1920
64
0
73472
1984
64
0
37824
0
64
0
38976
64
64
0
40128
128
64
0
41280
192
64
0
42432
256
64
0
43584
320
64
0
44736
384
64
0
45888
448
64
0
47040
512
64
0
48192
576
64
0
49344
640
64
0
50496
704
64
0
51648
768
64
0
52800
832
64
0
53952
896
64
0
55104
960
64
0
56256
1024
64
0
57408
1088
64
0
58560
1152
64
0
59712
1216
64
0
60864
1280
64
0
62016
1344
64
0
63168
1408
64
0
64320
1472
64
0
65472
1536
64
0
66624
1600
64
0
67776
1664
64
0
68928
1728
64
0
70080
1792
64
0
71232
1856
64
0
72384
1920
64
0
73536
1984
64
0
37888
0
64
0
39040
64
64
0
40192
128
64
0
41344
192
64
0
42496
256
64
0
43648
320
64
0
44800
384
64
0
45952
448
64
0
47104
512
64
0
48256
576
64
0
49408
640
64
0
50560
704
64
0
51712
768
64
0
52864
832
64
0
54016
896
64
0
55168
960
64
0
56320
1024
64
0
57472
1088
64
0
58624
1152
64
0
59776
1216
64
0
60928
1280
64
0
62080
1344
64
0
63232
1408
64
0
64384
1472
64
0
65536
1536
64
0
66688
1600
64
0
67840
1664
64
0
68992
1728
64
0
70144
1792
64
0
71296
1856
64
0
72448
1920
64
0
73600
1984
64
0
37952
0
64
0
39104
64
64
0
40256
128
64
0
41408
192
64
0
42560
256
64
0
43712
320
64
0
44864
384
64
0
46016
448
64
0
47168
512
64
0
48320
576
64
0
49472
640
64
0
50624
704
64
0
51776
768
64
0
52928
832
64
0
54080
896
64
0
55232
960
64
0
56384
1024
64
0
57536
1088
64
0
58688
1152
64
0
59840
1216
64
0
60992
1280
64
0
62144
1344
64
0
63296
1408
64
0
64448
1472
64
0
65600
1536
64
0
66752
1600
64
0
67904
1664
64
0
69056
1728
64
0
70208
1792
64
0
71360
1856
64
0
72512
1920
64
0
73664
1984
64
0
73728
0
64
0
74880
64
64
0
76032
128
64
0
77184
192
64
0
78336
256
64
0
79488
320
64
0
80640
384
64
0
81792
448
64
0
82944
512
64
0
84096
576
64
0
85248
640
64
0
86400
704
64
0
87552
768
64
0
88704
832
64
0
89856
896
64
0
91008
960
64
0
92160
1024
64
0
93312
1088
64
0
94464
1152
64
0
95616
1216
64
0
96768
1280
64
0
97920
1344
64
0
99072
1408
64
0
100224
1472
64
0
101376
1536
64
0
102528
1600
64
0
103680
1664
64
0
104832
1728
64
0
105984
1792
64
0
107136
1856
64
0
108288
1920
64
0
109440
1984
64
0
73792
0
64
0
74944
64
64
0
76096
128
64
0
77248
192
64
0
78400
256
64
0
79552
320
64
0
80704
384
64
0
81856
448
64
0
83008
512
64
0
84160
576
64
0
85312
640
64
0
86464
704
64
0
87616
768
64
0
88768
832
64
0
89920
896
64
0
91072
960
64
0
92224
1024
64
0
93376
1088
64
0
94528
1152
64
0
95680
1216
64
0
96832
1280
64
0
97984
1344
64
0
99136
1408
64
0
100288
1472
64
0
101440
1536
64
0
102592
1600
64
0
103744
1664
64
0
104896
1728
64
0
106048
1792
64
0
107200
1856
64
0
108352
1920
64
0
109504
1984
64
0
73856
0
64
0
75008
64
64
0
76160
128
64
0
77312
192
64
0
78464
256
64
0
79616
320
64
0
80768
384
64
0
81920
448
64
0
83072
512
64
0
84224
576
64
0
85376
640
64
0
86528
704
64
0
87680
768
64
0
88832
832
64
0
89984
896
64
0
91136
960
64
0
92288
1024
64
0
93440
1088
64
0
94592
1152
64
0
95744
1216
64
0
96896
1280
64
0
98048
1344
64
0
99200
1408
64
0
100352
1472
64
0
101504
1536
64
0
102656
1600
64
0
103808
1664
64
0
104960
1728
64
0
106112
1792
64
0
107264
1856
64
0
108416
1920
64
0
109568
1984
64
0
73920
0
64
0
75072
64
64
0
76224
128
64
0
77376
192
64
0
78528
256
64
0
79680
320
64
0
80832
384
64
0
81984
448
64
0
83136
512
64
0
84288
576
64
0
85440
640
64
0
86592
704
64
0
87744
768
64
0
88896
832
64
0
90048
896
64
0
91200
960
64
0
92352
1024
64
0
93504
1088
64
0
94656
1152
64
0
95808
1216
64
0
96960
1280
64
0
98112
1344
64
0
99264
1408
64
0
100416
1472
64
0
101568
1536
64
0
102720
1600
64
0
103872
1664
64
0
105024
1728
64
0
106176
1792
64
0
107328
1856
64
0
108480
1920
64
0
109632
1984
64
0
73984
0
64
0
75136
64
64
0
76288
128
64
0
77440
192
64
0
78592
256
64
0
79744
320
64
0
80896
384
64
0
82048
448
64
0
83200
512
64
0
84352
576
64
0
85504
640
64
0
86656
704
64
0
87808
768
64
0
88960
832
64
0
90112
896
64
0
91264
960
64
0
92416
1024
64
0
93568
1088
64
0
94720
1152
64
0
95872
1216
64
0
97024
1280
64
0
98176
1344
64
0
99328
1408
64
0
100480
1472
64
0
101632
1536
64
0
102784
1600
64
0
103936
1664
64
0
105088
1728
64
0
106240
1792
64
0
107392
1856
64
0
108544
1920
64
0
109696
1984
64
0
74048
0
64
0
75200
64
64
0
76352
128
64
0
77504
192
64
0
78656
256
64
0
79808
320
64
0
80960
384
64
0
82112
448
64
0
83264
512
64
0
84416
576
64
0
85568
640
64
0
86720
704
64
0
87872
768
64
0
89024
832
64
0
90176
896
64
0
91328
960
64
0
92480
1024
64
0
93632
1088
64
0
94784
1152
64
0
95936
1216
64
0
97088
1280
64
0
98240
1344
64
0
99392
1408
64
0
100544
1472
64
0
101696
1536
64
0
102848
1600
64
0
104000
1664
64
0
105152
1728
64
0
106304
1792
64
0
107456
1856
64
0
108608
1920
64
0
109760
1984
64
0
74112
0
64
0
75264
64
64
0
76416
128
64
0
77568
192
64
0
78720
256
64
0
79872
320
64
0
81024
384
64
0
82176
448
64
0
83328
512
64
0
84480
576
64
0
85632
640
64
0
86784
704
64
0
87936
768
64
0
89088
832
64
0
90240
896
64
0
91392
960
64
0
92544
1024
64
0
93696
1088
64
0
94848
1152
64
0
96000
1216
64
0
97152
1280
64
0
98304
1344
64
0
99456
1408
64
0
100608
1472
64
0
101760
1536
64
0
102912
1600
64
0
104064
1664
64
0
105216
1728
64
0
106368
1792
64
0
107520
1856
64
0
108672
1920
64
0
109824
1984
64
0
74176
0
64
0
75328
64
64
0
76480
128
64
0
77632
192
64
0
78784
256
64
0
79936
320
64
0
81088
384
64
0
82240
448
64
0
83392
512
64
0
84544
576
64
0
85696
640
64
0
86848
704
64
0
88000
768
64
0
89152
832
64
0
90304
896
64
0
91456
960
64
0
92608
1024
64
0
93760
1088
64
0
94912
1152
64
0
96064
1216
64
0
97216
1280
64
0
98368
1344
64
0
99520
1408
64
0
100672
1472
64
0
101824
1536
64
0
102976
1600
64
0
104128
1664
64
0
105280
1728
64
0
106432
1792
64
0
107584
1856
64
0
108736
1920
64
0
109888
1984
64
0
74240
0
64
0
75392
64
64
0
76544
128
64
0
77696
192
64
0
78848
256
64
0
80000
320
64
0
81152
384
64
0
82304
448
64
0
83456
512
64
0
84608
576
64
0
85760
640
64
0
86912
704
64
0
88064
768
64
0
89216
832
64
0
90368
896
64
0
91520
960
64
0
92672
1024
64
0
93824
1088
64
0
94976
1152
64
0
96128
1216
64
0
97280
1280
64
0
98432
1344
64
0
99584
1408
64
0
100736
1472
64
0
101888
1536
64
0
103040
1600
64
0
104192
1664
64
0
105344
1728
64
0
106496
1792
64
0
107648
1856
64
0
108800
1920
64
0
109952
1984
64
0
74304
0
64
0
75456
64
64
0
76608
128
64
0
77760
192
64
0
78912
256
64
0
80064
320
64
0
81216
384
64
0
82368
448
64
0
83520
512
64
0
84672
576
64
0
85824
640
64
0
86976
704
64
0
88128
768
64
0
89280
832
64
0
90432
896
64
0
91584
960
64
0
92736
1024
64
0
93888
1088
64
0
95040
1152
64
0
96192
1216
64
0
97344
1280
64
0
98496
1344
64
0
99648
1408
64
0
100800
1472
64
0
101952
1536
64
0
103104
1600
64
0
104256
1664
64
0
105408
1728
64
0
106560
1792
64
0
107712
1856
64
0
108864
1920
64
0
110016
1984
64
0
74368
0
64
0
75520
64
64
0
76672
128
64
0
77824
192
64
0
78976
256
64
0
80128
320
64
0
81280
384
64
0
82432
448
64
0
83584
512
64
0
84736
576
64
0
85888
640
64
0
87040
704
64
0
88192
768
64
0
89344
832
64
0
90496
896
64
0
91648
960
64
0
92800
1024
64
0
93952
1088
64
0
95104
1152
64
0
96256
1216
64
0
97408
1280
64
0
98560
1344
64
0
99712
1408
64
0
100864
1472
64
0
102016
1536
64
0
103168
1600
64
0
104320
1664
64
0
105472
1728
64
0
106624
1792
64
0
107776
1856
64
0
108928
1920
64
0
110080
1984
64
0
74432
0
64
0
75584
64
64
0
76736
128
64
0
77888
192
64
0
79040
256
64
0
80192
320
64
0
81344
384
64
0
82496
448
64
0
83648
512
64
0
84800
576
64
0
85952
640
64
0
87104
704
64
0
88256
768
64
0
89408
832
64
0
90560
896
64
0
91712
960
64
0
92864
1024
64
0
94016
1088
64
0
95168
1152
64
0
96320
1216
64
0
97472
1280
64
0
98624
1344
64
0
99776
1408
64
0
100928
1472
64
0
102080
1536
64
0
103232
1600
64
0
104384
1664
64
0
105536
1728
64
0
106688
1792
64
0
107840
1856
64
0
108992
1920
64
0
110144
1984
64
0
74496
0
64
0
75648
64
64
0
76800
128
64
0
77952
192
64
0
79104
256
64
0
80256
320
64
0
81408
384
64
0
82560
448
64
0
83712
512
64
0
84864
576
64
0
86016
640
64
0
87168
704
64
0
88320
768
64
0
89472
832
64
0
90624
896
64
0
91776
960
64
0
92928
1024
64
0
94080
1088
64
0
95232
1152
64
0
96384
1216
64
0
97536
1280
64
0
98688
1344
64
0
99840
1408
64
0
100992
1472
64
0
102144
1536
64
0
103296
1600
64
0
104448
1664
64
0
105600
1728
64
0
106752
1792
64
0
107904
1856
64
0
109056
1920
64
0
110208
1984
64
0
74560
0
64
0
75712
64
64
0
76864
128
64
0
78016
192
64
0
79168
256
64
0
80320
320
64
0
81472
384
64
0
82624
448
64
0
83776
512
64
0
84928
576
64
0
86080
640
64
0
87232
704
64
0
88384
768
64
0
89536
832
64
0
90688
896
64
0
91840
960
64
0
92992
1024
64
0
94144
1088
64
0
95296
1152
64
0
96448
1216
64
0
97600
1280
64
0
98752
1344
64
0
99904
1408
64
0
101056
1472
64
0
102208
1536
64
0
103360
1600
64
0
104512
1664
64
0
105664
1728
64
0
106816
1792
64
0
107968
1856
64
0
109120
1920
64
0
110272
1984
64
0
74624
0
64
0
75776
64
64
0
76928
128
64
0
78080
192
64
0
79232
256
64
0
80384
320
64
0
81536
384
64
0
82688
448
64
0
83840
512
64
0
84992
576
64
0
86144
640
64
0
87296
704
64
0
88448
768
64
0
89600
832
64
0
90752
896
64
0
91904
960
64
0
93056
1024
64
0
94208
1088
64
0
95360
1152
64
0
96512
1216
64
0
97664
1280
64
0
98816
1344
64
0
99968
1408
64
0
101120
1472
64
0
102272
1536
64
0
103424
1600
64
0
104576
1664
64
0
105728
1728
64
0
106880
1792
64
0
108032
1856
64
0
109184
1920
64
0
110336
1984
64
0
74688
0
64
0
75840
64
64
0
76992
128
64
0
78144
192
64
0
79296
256
64
0
80448
320
64
0
81600
384
64
0
82752
448
64
0
83904
512
64
0
85056
576
64
0
86208
640
64
0
87360
704
64
0
88512
768
64
0
89664
832
64
0
90816
896
64
0
91968
960
64
0
93120
1024
64
0
94272
1088
64
0
95424
1152
64
0
96576
1216
64
0
97728
1280
64
0
98880
1344
64
0
100032
1408
64
0
101184
1472
64
0
102336
1536
64
0
103488
1600
64
0
104640
1664
64
0
105792
1728
64
0
106944
1792
64
0
108096
1856
64
0
109248
1920
64
0
110400
1984
64
0
74752
0
64
0
75904
64
64
0
77056
128
64
0
78208
192
64
0
79360
256
64
0
80512
320
64
0
81664
384
64
0
82816
448
64
0
83968
512
64
0
85120
576
64
0
86272
640
64
0
87424
704
64
0
88576
768
64
0
89728
832
64
0
90880
896
64
0
92032
960
64
0
93184
1024
64
0
94336
1088
64
0
95488
1152
64
0
96640
1216
64
0
97792
1280
64
0
98944
1344
64
0
100096
1408
64
0
101248
1472
64
0
102400
1536
64
0
103552
1600
64
0
104704
1664
64
0
105856
1728
64
0
107008
1792
64
0
108160
1856
64
0
109312
1920
64
0
110464
1984
64
0
74816
0
64
0
75968
64
64
0
77120
128
64
0
78272
192
64
0
79424
256
64
0
80576
320
64
0
81728
384
64
0
82880
448
64
0
84032
512
64
0
85184
576
64
0
86336
640
64
0
87488
704
64
0
88640
768
64
0
89792
832
64
0
90944
896
64
0
92096
960
64
0
93248
1024
64
0
94400
1088
64
0
95552
1152
64
0
96704
1216
64
0
97856
1280
64
0
99008
1344
64
0
100160
1408
64
0
101312
1472
64
0
102464
1536
64
0
103616
1600
64
0
104768
1664
64
0
105920
1728
64
0
107072
1792
64
0
108224
1856
64
0
109376
1920
64
0
110528
1984
64
0
110592
0
64
0
111744
64
64
0
112896
128
64
0
114048
192
64
0
115200
256
64
0
116352
320
64
0
117504
384
64
0
118656
448
64
0
119808
512
64
0
120960
576
64
0
122112
640
64
0
123264
704
64
0
124416
768
64
0
125568
832
64
0
126720
896
64
0
127872
960
64
0
129024
1024
64
0
130176
1088
64
0
131328
1152
64
0
132480
1216
64
0
133632
1280
64
0
134784
1344
64
0
135936
1408
64
0
137088
1472
64
0
138240
1536
64
0
139392
1600
64
0
140544
1664
64
0
141696
1728
64
0
142848
1792
64
0
144000
1856
64
0
145152
1920
64
0
146304
1984
64
0
110656
0
64
0
111808
64
64
0
112960
128
64
0
114112
192
64
0
115264
256
64
0
116416
320
64
0
117568
384
64
0
118720
448
64
0
119872
512
64
0
121024
576
64
0
122176
640
64
0
123328
704
64
0
124480
768
64
0
125632
832
64
0
126784
896
64
0
127936
960
64
0
129088
1024
64
0
130240
1088
64
0
131392
1152
64
0
132544
1216
64
0
133696
1280
64
0
134848
1344
64
0
136000
1408
64
0
137152
1472
64
0
138304
1536
64
0
139456
1600
64
0
140608
1664
64
0
141760
1728
64
0
142912
1792
64
0
144064
1856
64
0
145216
1920
64
0
146368
1984
64
0
110720
0
64
0
111872
64
64
0
113024
128
64
0
114176
192
64
0
115328
256
64
0
116480
320
64
0
117632
384
64
0
118784
448
64
0
119936
512
64
0
121088
576
64
0
122240
640
64
0
123392
704
64
0
124544
768
64
0
125696
832
64
0
126848
896
64
0
128000
960
64
0
129152
1024
64
0
130304
1088
64
0
131456
1152
64
0
132608
1216
64
0
133760
1280
64
0
134912
1344
64
0
136064
1408
64
0
137216
1472
64
0
138368
1536
64
0
139520
1600
64
0
140672
1664
64
0
141824
1728
64
0
142976
1792
64
0
144128
1856
64
0
145280
1920
64
0
146432
1984
64
0
110784
0
64
0
111936
64
64
0
113088
128
64
0
114240
192
64
0
115392
256
64
0
116544
320
64
0
117696
384
64
0
118848
448
64
0
120000
512
64
0
121152
576
64
0
122304
640
64
0
123456
704
64
0
124608
768
64
0
125760
832
64
0
126912
896
64
0
128064
960
64
0
129216
1024
64
0
130368
1088
64
0
131520
1152
64
0
132672
1216
64
0
133824
1280
64
0
134976
1344
64
0
136128
1408
64
0
137280
1472
64
0
138432
1536
64
0
139584
1600
64
0
140736
1664
64
0
141888
1728
64
0
143040
1792
64
0
144192
1856
64
0
145344
1920
64
0
146496
1984
64
0
110848
0
64
0
112000
64
64
0
113152
128
64
0
114304
192
64
0
115456
256
64
0
116608
320
64
0
117760
384
64
0
118912
448
64
0
120064
512
64
0
121216
576
64
0
122368
640
64
0
123520
704
64
0
124672
768
64
0
125824
832
64
0
126976
896
64
0
128128
960
64
0
129280
1024
64
0
130432
1088
64
0
131584
1152
64
0
132736
1216
64
0
133888
1280
64
0
135040
1344
64
0
136192
1408
64
0
137344
1472
64
0
138496
1536
64
0
139648
1600
64
0
140800
1664
64
0
141952
1728
64
0
143104
1792
64
0
144256
1856
64
0
145408
1920
64
0
146560
1984
64
0
110912
0
64
0
112064
64
64
0
113216
128
64
0
114368
192
64
0
115520
256
64
0
116672
320
64
0
117824
384
64
0
118976
448
64
0
120128
512
64
0
121280
576
64
0
122432
640
64
0
123584
704
64
0
124736
768
64
0
125888
832
64
0
127040
896
64
0
128192
960
64
0
129344
1024
64
0
130496
1088
64
0
131648
1152
64
0
132800
1216
64
0
133952
1280
64
0
135104
1344
64
0
136256
1408
64
0
137408
1472
64
0
138560
1536
64
0
139712
1600
64
0
140864
1664
64
0
142016
1728
64
0
143168
1792
64
0
144320
1856
64
0
145472
1920
64
0
146624
1984
64
0
110976
0
64
0
112128
64
64
0
113280
128
64
0
114432
192
64
0
115584
256
64
0
116736
320
64
0
117888
384
64
0
119040
448
64
0
120192
512
64
0
121344
576
64
0
122496
640
64
0
123648
704
64
0
124800
768
64
0
125952
832
64
0
127104
896
64
0
128256
960
64
0
129408
1024
64
0
130560
1088
64
0
131712
1152
64
0
132864
1216
64
0
134016
1280
64
0
135168
1344
64
0
136320
1408
64
0
137472
1472
64
0
138624
1536
64
0
139776
1600
64
0
140928
1664
64
0
142080
1728
64
0
143232
1792
64
0
144384
1856
64
0
145536
1920
64
0
146688
1984
64
0
111040
0
64
0
112192
64
64
0
113344
128
64
0
114496
192
64
0
115648
256
64
0
116800
320
64
0
117952
384
64
0
119104
448
64
0
120256
512
64
0
121408
576
64
0
122560
640
64
0
123712
704
64
0
124864
768
64
0
126016
832
64
0
127168
896
64
0
128320
960
64
0
129472
1024
64
0
130624
1088
64
0
131776
1152
64
0
132928
1216
64
0
134080
1280
64
0
135232
1344
64
0
136384
1408
64
0
137536
1472
64
0
138688
1536
64
0
139840
1600
64
0
140992
1664
64
0
142144
1728
64
0
143296
1792
64
0
144448
1856
64
0
145600
1920
64
0
146752
1984
64
0
111104
0
64
0
112256
64
64
0
113408
128
64
0
114560
192
64
0
115712
256
64
0
116864
320
64
0
118016
384
64
0
119168
448
64
0
120320
512
64
0
121472
576
64
0
122624
640
64
0
123776
704
64
0
124928
768
64
0
126080
832
64
0
127232
896
64
0
128384
960
64
0
129536
1024
64
0
130688
1088
64
0
131840
1152
64
0
132992
1216
64
0
134144
1280
64
0
135296
1344
64
0
136448
1408
64
0
137600
1472
64
0
138752
1536
64
0
139904
1600
64
0
141056
1664
64
0
142208
1728
64
0
143360
1792
64
0
144512
1856
64
0
145664
1920
64
0
146816
1984
64
0
111168
0
64
0
112320
64
64
0
113472
128
64
0
114624
192
64
0
115776
256
64
0
116928
320
64
0
118080
384
64
0
119232
448
64
0
120384
512
64
0
121536
576
64
0
122688
640
64
0
123840
704
64
0
124992
768
64
0
126144
832
64
0
127296
896
64
0
128448
960
64
0
129600
1024
64
0
130752
1088
64
0
131904
1152
64
0
133056
1216
64
0
134208
1280
64
0
135360
1344
64
0
136512
1408
64
0
137664
1472
64
0
138816
1536
64
0
139968
1600
64
0
141120
1664
64
0
142272
1728
64
0
143424
1792
64
0
144576
1856
64
0
145728
1920
64
0
146880
1984
64
0
111232
0
64
0
112384
64
64
0
113536
128
64
0
114688
192
64
0
115840
256
64
0
116992
320
64
0
118144
384
64
0
119296
448
64
0
120448
512
64
0
121600
576
64
0
122752
640
64
0
123904
704
64
0
125056
768
64
0
126208
832
64
0
127360
896
64
0
128512
960
64
0
129664
1024
64
0
130816
1088
64
0
131968
1152
64
0
133120
1216
64
0
134272
1280
64
0
135424
1344
64
0
136576
1408
64
0
137728
1472
64
0
138880
1536
64
0
140032
1600
64
0
141184
1664
64
0
142336
1728
64
0
143488
1792
64
0
144640
1856
64
0
145792
1920
64
0
146944
1984
64
0
111296
0
64
0
112448
64
64
0
113600
128
64
0
114752
192
64
0
115904
256
64
0
117056
320
64
0
118208
384
64
0
119360
448
64
0
120512
512
64
0
121664
576
64
0
122816
640
64
0
123968
704
64
0
125120
768
64
0
126272
832
64
0
127424
896
64
0
128576
960
64
0
129728
1024
64
0
130880
1088
64
0
132032
1152
64
0
133184
1216
64
0
134336
1280
64
0
135488
1344
64
0
136640
1408
64
0
137792
1472
64
0
138944
1536
64
0
140096
1600
64
0
141248
1664
64
0
142400
1728
64
0
143552
1792
64
0
144704
1856
64
0
145856
1920
64
0
147008
1984
64
0
111360
0
64
0
112512
64
64
0
113664
128
64
0
114816
192
64
0
115968
256
64
0
117120
320
64
0
118272
384
64
0
119424
448
64
0
120576
512
64
0
121728
576
64
0
122880
640
64
0
124032
704
64
0
125184
768
64
0
126336
832
64
0
127488
896
64
0
128640
960
64
0
129792
1024
64
0
130944
1088
64
0
132096
1152
64
0
133248
1216
64
0
134400
1280
64
0
135552
1344
64
0
136704
1408
64
0
137856
1472
64
0
139008
1536
64
0
140160
1600
64
0
141312
1664
64
0
142464
1728
64
0
143616
1792
64
0
144768
1856
64
0
145920
1920
64
0
147072
1984
64
0
111424
0
64
0
112576
64
64
0
113728
128
64
0
114880
192
64
0
116032
256
64
0
117184
320
64
0
118336
384
64
0
119488
448
64
0
120640
512
64
0
121792
576
64
0
122944
640
64
0
124096
704
64
0
125248
768
64
0
126400
832
64
0
127552
896
64
0
128704
960
64
0
129856
1024
64
0
131008
1088
64
0
132160
1152
64
0
133312
1216
64
0
134464
1280
64
0
135616
1344
64
0
136768
1408
64
0
137920
1472
64
0
139072
1536
64
0
140224
1600
64
0
141376
1664
64
0
142528
1728
64
0
143680
1792
64
0
144832
1856
64
0
145984
1920
64
0
147136
1984
64
0
111488
0
64
0
112640
64
64
0
113792
128
64
0
114944
192
64
0
116096
256
64
0
117248
320
64
0
118400
384
64
0
119552
448
64
0
120704
512
64
0
121856
576
64
0
123008
640
64
0
124160
704
64
0
125312
768
64
0
126464
832
64
0
127616
896
64
0
128768
960
64
0
129920
1024
64
0
131072
1088
64
0
132224
1152
64
0
133376
1216
64
0
134528
1280
64
0
135680
1344
64
0
136832
1408
64
0
137984
1472
64
0
139136
1536
64
0
140288
1600
64
0
141440
1664
64
0
142592
1728
64
0
143744
1792
64
0
144896
1856
64
0
146048
1920
64
0
147200
1984
64
0
111552
0
64
0
112704
64
64
0
113856
128
64
0
115008
192
64
0
116160
256
64
0
117312
320
64
0
118464
384
64
0
119616
448
64
0
120768
512
64
0
121920
576
64
0
123072
640
64
0
124224
704
64
0
125376
768
64
0
126528
832
64
0
127680
896
64
0
128832
960
64
0
129984
1024
64
0
131136
1088
64
0
132288
1152
64
0
133440
1216
64
0
134592
1280
64
0
135744
1344
64
0
136896
1408
64
0
138048
1472
64
0
139200
1536
64
0
140352
1600
64
0
141504
1664
64
0
142656
1728
64
0
143808
1792
64
0
144960
1856
64
0
146112
1920
64
0
147264
1984
64
0
111616
0
64
0
112768
64
64
0
113920
128
64
0
115072
192
64
0
116224
256
64
0
117376
320
64
0
118528
384
64
0
119680
448
64
0
120832
512
64
0
121984
576
64
0
123136
640
64
0
124288
704
64
0
125440
768
64
0
126592
832
64
0
127744
896
64
0
128896
960
64
0
130048
1024
64
0
131200
1088
64
0
132352
1152
64
0
133504
1216
64
0
134656
1280
64
0
135808
1344
64
0
136960
1408
64
0
138112
1472
64
0
139264
1536
64
0
140416
1600
64
0
141568
1664
64
0
142720
1728
64
0
143872
1792
64
0
145024
1856
64
0
146176
1920
64
0
147328
1984
64
0
111680
0
64
0
112832
64
64
0
113984
128
64
0
115136
192
64
0
116288
256
64
0
117440
320
64
0
118592
384
64
0
119744
448
64
0
120896
512
64
0
122048
576
64
0
123200
640
64
0
124352
704
64
0
125504
768
64
0
126656
832
64
0
127808
896
64
0
128960
960
64
0
130112
1024
64
0
131264
1088
64
0
132416
1152
64
0
133568
1216
64
0
134720
1280
64
0
135872
1344
64
0
137024
1408
64
0
138176
1472
64
0
139328
1536
64
0
140480
1600
64
0
141632
1664
64
0
142784
1728
64
0
143936
1792
64
0
145088
1856
64
0
146240
1920
64
0
147392
1984
64
0
147456
0
64
0
148608
64
64
0
149760
128
64
0
150912
192
64
0
152064
256
64
0
153216
320
64
0
154368
384
64
0
155520
448
64
0
156672
512
64
0
157824
576
64
0
158976
640
64
0
160128
704
64
0
161280
768
64
0
162432
832
64
0
163584
896
64
0
164736
960
64
0
165888
1024
64
0
167040
1088
64
0
168192
1152
64
0
169344
1216
64
0
170496
1280
64
0
171648
1344
64
0
172800
1408
64
0
173952
1472
64
0
175104
1536
64
0
176256
1600
64
0
177408
1664
64
0
178560
1728
64
0
179712
1792
64
0
180864
1856
64
0
182016
1920
64
0
183168
1984
64
0
147520
0
64
0
148672
64
64
0
149824
128
64
0
150976
192
64
0
152128
256
64
0
153280
320
64
0
154432
384
64
0
155584
448
64
0
156736
512
64
0
157888
576
64
0
159040
640
64
0
160192
704
64
0
161344
768
64
0
162496
832
64
0
163648
896
64
0
164800
960
64
0
165952
1024
64
0
167104
1088
64
0
168256
1152
64
0
169408
1216
64
0
170560
1280
64
0
171712
1344
64
0
172864
1408
64
0
174016
1472
64
0
175168
1536
64
0
176320
1600
64
0
177472
1664
64
0
178624
1728
64
0
179776
1792
64
0
180928
1856
64
0
182080
1920
64
0
183232
1984
64
0
147584
0
64
0
148736
64
64
0
149888
128
64
0
151040
192
64
0
152192
256
64
0
153344
320
64
0
154496
384
64
0
155648
448
64
0
156800
512
64
0
157952
576
64
0
159104
640
64
0
160256
704
64
0
161408
768
64
0
162560
832
64
0
163712
896
64
0
164864
960
64
0
166016
1024
64
0
167168
1088
64
0
168320
1152
64
0
169472
1216
64
0
170624
1280
64
0
171776
1344
64
0
172928
1408
64
0
174080
1472
64
0
175232
1536
64
0
176384
1600
64
0
177536
1664
64
0
178688
1728
64
0
179840
1792
64
0
180992
1856
64
0
182144
1920
64
0
183296
1984
64
0
147648
0
64
0
148800
64
64
0
149952
128
64
0
151104
192
64
0
152256
256
64
0
153408
320
64
0
154560
384
64
0
155712
448
64
0
156864
512
64
0
158016
576
64
0
159168
640
64
0
160320
704
64
0
161472
768
64
0
162624
832
64
0
163776
896
64
0
164928
960
64
0
166080
1024
64
0
167232
1088
64
0
168384
1152
64
0
169536
1216
64
0
170688
1280
64
0
171840
1344
64
0
172992
1408
64
0
174144
1472
64
0
175296
1536
64
0
176448
1600
64
0
177600
1664
64
0
178752
1728
64
0
179904
1792
64
0
181056
1856
64
0
182208
1920
64
0
183360
1984
64
0
147712
0
64
0
148864
64
64
0
150016
128
64
0
151168
192
64
0
152320
256
64
0
153472
320
64
0
154624
384
64
0
155776
448
64
0
156928
512
64
0
158080
576
64
0
159232
640
64
0
160384
704
64
0
161536
768
64
0
162688
832
64
0
163840
896
64
0
164992
960
64
0
166144
1024
64
0
167296
1088
64
0
168448
1152
64
0
169600
1216
64
0
170752
1280
64
0
171904
1344
64
0
173056
1408
64
0
174208
1472
64
0
175360
1536
64
0
176512
1600
64
0
177664
1664
64
0
178816
1728
64
0
179968
1792
64
0
181120
1856
64
0
182272
1920
64
0
183424
1984
64
0
147776
0
64
0
148928
64
64
0
150080
128
64
0
151232
192
64
0
152384
256
64
0
153536
320
64
0
154688
384
64
0
155840
448
64
0
156992
512
64
0
158144
576
64
0
159296
640
64
0
160448
704
64
0
161600
768
64
0
162752
832
64
0
163904
896
64
0
165056
960
64
0
166208
1024
64
0
167360
1088
64
0
168512
1152
64
0
169664
1216
64
0
170816
1280
64
0
171968
1344
64
0
173120
1408
64
0
174272
1472
64
0
175424
1536
64
0
176576
1600
64
0
177728
1664
64
0
178880
1728
64
0
180032
1792
64
0
181184
1856
64
0
182336
1920
64
0
183488
1984
64
0
147840
0
64
0
148992
64
64
0
150144
128
64
0
151296
192
64
0
152448
256
64
0
153600
320
64
0
154752
384
64
0
155904
448
64
0
157056
512
64
0
158208
576
64
0
159360
640
64
0
160512
704
64
0
161664
768
64
0
162816
832
64
0
163968
896
64
0
165120
960
64
0
166272
1024
64
0
167424
1088
64
0
168576
1152
64
0
169728
1216
64
0
170880
1280
64
0
172032
1344
64
0
173184
1408
64
0
174336
1472
64
0
175488
1536
64
0
176640
1600
64
0
177792
1664
64
0
178944
1728
64
0
180096
1792
64
0
181248
1856
64
0
182400
1920
64
0
183552
1984
64
0
147904
0
64
0
149056
64
64
0
150208
128
64
0
151360
192
64
0
152512
256
64
0
153664
320
64
0
154816
384
64
0
155968
448
64
0
157120
512
64
0
158272
576
64
0
159424
640
64
0
160576
704
64
0
161728
768
64
0
162880
832
64
0
164032
896
64
0
165184
960
64
0
166336
1024
64
0
167488
1088
64
0
168640
1152
64
0
169792
1216
64
0
170944
1280
64
0
172096
1344
64
0
173248
1408
64
0
174400
1472
64
0
175552
1536
64
0
176704
1600
64
0
177856
1664
64
0
179008
1728
64
0
180160
1792
64
0
181312
1856
64
0
182464
1920
64
0
183616
1984
64
0
147968
0
64
0
149120
64
64
0
150272
128
64
0
151424
192
64
0
152576
256
64
0
153728
320
64
0
154880
384
64
0
156032
448
64
0
157184
512
64
0
158336
576
64
0
159488
640
64
0
160640
704
64
0
161792
768
64
0
162944
832
64
0
164096
896
64
0
165248
960
64
0
166400
1024
64
0
167552
1088
64
0
168704
1152
64
0
169856
1216
64
0
171008
1280
64
0
172160
1344
64
0
173312
1408
64
0
174464
1472
64
0
175616
1536
64
0
176768
1600
64
0
177920
1664
64
0
179072
1728
64
0
180224
1792
64
0
181376
1856
64
0
182528
1920
64
0
183680
1984
64
0
148032
0
64
0
149184
64
64
0
150336
128
64
0
151488
192
64
0
152640
256
64
0
153792
320
64
0
154944
384
64
0
156096
448
64
0
157248
512
64
0
158400
576
64
0
159552
640
64
0
160704
704
64
0
161856
768
64
0
163008
832
64
0
164160
896
64
0
165312
960
64
0
166464
1024
64
0
167616
1088
64
0
168768
1152
64
0
169920
1216
64
0
171072
1280
64
0
172224
1344
64
0
173376
1408
64
0
174528
1472
64
0
175680
1536
64
0
176832
1600
64
0
177984
1664
64
0
179136
1728
64
0
180288
1792
64
0
181440
1856
64
0
182592
1920
64
0
183744
1984
64
0
148096
0
64
0
149248
64
64
0
150400
128
64
0
151552
192
64
0
152704
256
64
0
153856
320
64
0
155008
384
64
0
156160
448
64
0
157312
512
64
0
158464
576
64
0
159616
640
64
0
160768
704
64
0
161920
768
64
0
163072
832
64
0
164224
896
64
0
165376
960
64
0
166528
1024
64
0
167680
1088
64
0
168832
1152
64
0
169984
1216
64
0
171136
1280
64
0
172288
1344
64
0
173440
1408
64
0
174592
1472
64
0
175744
1536
64
0
176896
1600
64
0
178048
1664
64
0
179200
1728
64
0
180352
1792
64
0
181504
1856
64
0
182656
1920
64
0
183808
1984
64
0
148160
0
64
0
149312
64
64
0
150464
128
64
0
151616
192
64
0
152768
256
64
0
153920
320
64
0
155072
384
64
0
156224
448
64
0
157376
512
64
0
158528
576
64
0
159680
640
64
0
160832
704
64
0
161984
768
64
0
163136
832
64
0
164288
896
64
0
165440
960
64
0
166592
1024
64
0
167744
1088
64
0
168896
1152
64
0
170048
1216
64
0
171200
1280
64
0
172352
1344
64
0
173504
1408
64
0
174656
1472
64
0
175808
1536
64
0
176960
1600
64
0
178112
1664
64
0
179264
1728
64
0
180416
1792
64
0
181568
1856
64
0
182720
1920
64
0
183872
1984
64
0
148224
0
64
0
149376
64
64
0
150528
128
64
0
151680
192
64
0
152832
256
64
0
153984
320
64
0
155136
384
64
0
156288
448
64
0
157440
512
64
0
158592
576
64
0
159744
640
64
0
160896
704
64
0
162048
768
64
0
163200
832
64
0
164352
896
64
0
165504
960
64
0
166656
1024
64
0
167808
1088
64
0
168960
1152
64
0
170112
1216
64
0
171264
1280
64
0
172416
1344
64
0
173568
1408
64
0
174720
1472
64
0
175872
1536
64
0
177024
1600
64
0
178176
1664
64
0
179328
1728
64
0
180480
1792
64
0
181632
1856
64
0
182784
1920
64
0
183936
1984
64
0
148288
0
64
0
149440
64
64
0
150592
128
64
0
151744
192
64
0
152896
256
64
0
154048
320
64
0
155200
384
64
0
156352
448
64
0
157504
512
64
0
158656
576
64
0
159808
640
64
0
160960
704
64
0
162112
768
64
0
163264
832
64
0
164416
896
64
0
165568
960
64
0
166720
1024
64
0
167872
1088
64
0
169024
1152
64
0
170176
1216
64
0
171328
1280
64
0
172480
1344
64
0
173632
1408
64
0
174784
1472
64
0
175936
1536
64
0
177088
1600
64
0
178240
1664
64
0
179392
1728
64
0
180544
1792
64
0
181696
1856
64
0
182848
1920
64
0
184000
1984
64
0
148352
0
64
0
149504
64
64
0
150656
128
64
0
151808
192
64
0
152960
256
64
0
154112
320
64
0
155264
384
64
0
156416
448
64
0
157568
512
64
0
158720
576
64
0
159872
640
64
0
161024
704
64
0
162176
768
64
0
163328
832
64
0
164480
896
64
0
165632
960
64
0
166784
1024
64
0
167936
1088
64
0
169088
1152
64
0
170240
1216
64
0
171392
1280
64
0
172544
1344
64
0
173696
1408
64
0
174848
1472
64
0
176000
1536
64
0
177152
1600
64
0
178304
1664
64
0
179456
1728
64
0
180608
1792
64
0
181760
1856
64
0
182912
1920
64
0
184064
1984
64
0
148416
0
64
0
149568
64
64
0
150720
128
64
0
151872
192
64
0
153024
256
64
0
154176
320
64
0
155328
384
64
0
156480
448
64
0
157632
512
64
0
158784
576
64
0
159936
640
64
0
161088
704
64
0
162240
768
64
0
163392
832
64
0
164544
896
64
0
165696
960
64
0
166848
1024
64
0
168000
1088
64
0
169152
1152
64
0
170304
1216
64
0
171456
1280
64
0
172608
1344
64
0
173760
1408
64
0
174912
1472
64
0
176064
1536
64
0
177216
1600
64
0
178368
1664
64
0
179520
1728
64
0
180672
1792
64
0
181824
1856
64
0
182976
1920
64
0
184128
1984
64
0
148480
0
64
0
149632
64
64
0
150784
128
64
0
151936
192
64
0
153088
256
64
0
154240
320
64
0
155392
384
64
0
156544
448
64
0
157696
512
64
0
158848
576
64
0
160000
640
64
0
161152
704
64
0
162304
768
64
0
163456
832
64
0
164608
896
64
0
165760
960
64
0
166912
1024
64
0
168064
1088
64
0
169216
1152
64
0
170368
1216
64
0
171520
1280
64
0
172672
1344
64
0
173824
1408
64
0
174976
1472
64
0
176128
1536
64
0
177280
1600
64
0
178432
1664
64
0
179584
1728
64
0
180736
1792
64
0
181888
1856
64
0
183040
1920
64
0
184192
1984
64
0
148544
0
64
0
149696
64
64
0
150848
128
64
0
152000
192
64
0
153152
256
64
0
154304
320
64
0
155456
384
64
0
156608
448
64
0
157760
512
64
0
158912
576
64
0
160064
640
64
0
161216
704
64
0
162368
768
64
0
163520
832
64
0
164672
896
64
0
165824
960
64
0
166976
1024
64
0
168128
1088
64
0
169280
1152
64
0
170432
1216
64
0
171584
1280
64
0
172736
1344
64
0
173888
1408
64
0
175040
1472
64
0
176192
1536
64
0
177344
1600
64
0
178496
1664
64
0
179648
1728
64
0
180800
1792
64
0
181952
1856
64
0
183104
1920
64
0
184256
1984
64
0
184320
0
64
0
185472
64
64
0
186624
128
64
0
187776
192
64
0
188928
256
64
0
190080
320
64
0
191232
384
64
0
192384
448
64
0
193536
512
64
0
194688
576
64
0
195840
640
64
0
196992
704
64
0
198144
768
64
0
199296
832
64
0
200448
896
64
0
201600
960
64
0
202752
1024
64
0
203904
1088
64
0
205056
1152
64
0
206208
1216
64
0
207360
1280
64
0
208512
1344
64
0
209664
1408
64
0
210816
1472
64
0
211968
1536
64
0
213120
1600
64
0
214272
1664
64
0
215424
1728
64
0
216576
1792
64
0
217728
1856
64
0
218880
1920
64
0
220032
1984
64
0
184384
0
64
0
185536
64
64
0
186688
128
64
0
187840
192
64
0
188992
256
64
0
190144
320
64
0
191296
384
64
0
192448
448
64
0
193600
512
64
0
194752
576
64
0
195904
640
64
0
197056
704
64
0
198208
768
64
0
199360
832
64
0
200512
896
64
0
201664
960
64
0
202816
1024
64
0
203968
1088
64
0
205120
1152
64
0
206272
1216
64
0
207424
1280
64
0
208576
1344
64
0
209728
1408
64
0
210880
1472
64
0
212032
1536
64
0
213184
1600
64
0
214336
1664
64
0
215488
1728
64
0
216640
1792
64
0
217792
1856
64
0
218944
1920
64
0
220096
1984
64
0
184448
0
64
0
185600
64
64
0
186752
128
64
0
187904
192
64
0
189056
256
64
0
190208
320
64
0
191360
384
64
0
192512
448
64
0
193664
512
64
0
194816
576
64
0
195968
640
64
0
197120
704
64
0
198272
768
64
0
199424
832
64
0
200576
896
64
0
201728
960
64
0
202880
1024
64
0
204032
1088
64
0
205184
1152
64
0
206336
1216
64
0
207488
1280
64
0
208640
1344
64
0
209792
1408
64
0
210944
1472
64
0
212096
1536
64
0
213248
1600
64
0
214400
1664
64
0
215552
1728
64
0
216704
1792
64
0
217856
1856
64
0
219008
1920
64
0
220160
1984
64
0
184512
0
64
0
185664
64
64
0
186816
128
64
0
187968
192
64
0
189120
256
64
0
190272
320
64
0
191424
384
64
0
192576
448
64
0
193728
512
64
0
194880
576
64
0
196032
640
64
0
197184
704
64
0
198336
768
64
0
199488
832
64
0
200640
896
64
0
201792
960
64
0
202944
1024
64
0
204096
1088
64
0
205248
1152
64
0
206400
1216
64
0
207552
1280
64
0
208704
1344
64
0
209856
1408
64
0
211008
1472
64
0
212160
1536
64
0
213312
1600
64
0
214464
1664
64
0
215616
1728
64
0
216768
1792
64
0
217920
1856
64
0
219072
1920
64
0
220224
1984
64
0
184576
0
64
0
185728
64
64
0
186880
128
64
0
188032
192
64
0
189184
256
64
0
190336
320
64
0
191488
384
64
0
192640
448
64
0
193792
512
64
0
194944
576
64
0
196096
640
64
0
197248
704
64
0
198400
768
64
0
199552
832
64
0
200704
896
64
0
201856
960
64
0
203008
1024
64
0
204160
1088
64
0
205312
1152
64
0
206464
1216
64
0
207616
1280
64
0
208768
1344
64
0
209920
1408
64
0
211072
1472
64
0
212224
1536
64
0
213376
1600
64
0
214528
1664
64
0
215680
1728
64
0
216832
1792
64
0
217984
1856
64
0
219136
1920
64
0
220288
1984
64
0
184640
0
64
0
185792
64
64
0
186944
128
64
0
188096
192
64
0
189248
256
64
0
190400
320
64
0
191552
384
64
0
192704
448
64
0
193856
512
64
0
195008
576
64
0
196160
640
64
0
197312
704
64
0
198464
768
64
0
199616
832
64
0
200768
896
64
0
201920
960
64
0
203072
1024
64
0
204224
1088
64
0
205376
1152
64
0
206528
1216
64
0
207680
1280
64
0
208832
1344
64
0
209984
1408
64
0
211136
1472
64
0
212288
1536
64
0
213440
1600
64
0
214592
1664
64
0
215744
1728
64
0
216896
1792
64
0
218048
1856
64
0
219200
1920
64
0
220352
1984
64
0
184704
0
64
0
185856
64
64
0
187008
128
64
0
188160
192
64
0
189312
256
64
0
190464
320
64
0
191616
384
64
0
192768
448
64
0
193920
512
64
0
195072
576
64
0
196224
640
64
0
197376
704
64
0
198528
768
64
0
199680
832
64
0
200832
896
64
0
201984
960
64
0
203136
1024
64
0
204288
1088
64
0
205440
1152
64
0
206592
1216
64
0
207744
1280
64
0
208896
1344
64
0
210048
1408
64
0
211200
1472
64
0
212352
1536
64
0
213504
1600
64
0
214656
1664
64
0
215808
1728
64
0
216960
1792
64
0
218112
1856
64
0
219264
1920
64
0
220416
1984
64
0
184768
0
64
0
185920
64
64
0
187072
128
64
0
188224
192
64
0
189376
256
64
0
190528
320
64
0
191680
384
64
0
192832
448
64
0
193984
512
64
0
195136
576
64
0
196288
640
64
0
197440
704
64
0
198592
768
64
0
199744
832
64
0
200896
896
64
0
202048
960
64
0
203200
1024
64
0
204352
1088
64
0
205504
1152
64
0
206656
1216
64
0
207808
1280
64
0
208960
1344
64
0
210112
1408
64
0
211264
1472
64
0
212416
1536
64
0
213568
1600
64
0
214720
1664
64
0
215872
1728
64
0
217024
1792
64
0
218176
1856
64
0
219328
1920
64
0
220480
1984
64
0
184832
0
64
0
185984
64
64
0
187136
128
64
0
188288
192
64
0
189440
256
64
0
190592
320
64
0
191744
384
64
0
192896
448
64
0
194048
512
64
0
195200
576
64
0
196352
640
64
0
197504
704
64
0
198656
768
64
0
199808
832
64
0
200960
896
64
0
202112
960
64
0
203264
1024
64
0
204416
1088
64
0
205568
1152
64
0
206720
1216
64
0
207872
1280
64
0
209024
1344
64
0
210176
1408
64
0
211328
1472
64
0
212480
1536
64
0
213632
1600
64
0
214784
1664
64
0
215936
1728
64
0
217088
1792
64
0
218240
1856
64
0
219392
1920
64
0
220544
1984
64
0
184896
0
64
0
186048
64
64
0
187200
128
64
0
188352
192
64
0
189504
256
64
0
190656
320
64
0
191808
384
64
0
192960
448
64
0
194112
512
64
0
195264
576
64
0
196416
640
64
0
197568
704
64
0
198720
768
64
0
199872
832
64
0
201024
896
64
0
202176
960
64
0
203328
1024
64
0
204480
1088
64
0
205632
1152
64
0
206784
1216
64
0
207936
1280
64
0
209088
1344
64
0
210240
1408
64
0
211392
1472
64
0
212544
1536
64
0
213696
1600
64
0
214848
1664
64
0
216000
1728
64
0
217152
1792
64
0
218304
1856
64
0
219456
1920
64
0
220608
1984
64
0
184960
0
64
0
186112
64
64
0
187264
128
64
0
188416
192
64
0
189568
256
64
0
190720
320
64
0
191872
384
64
0
193024
448
64
0
194176
512
64
0
195328
576
64
0
196480
640
64
0
197632
704
64
0
198784
768
64
0
199936
832
64
0
201088
896
64
0
202240
960
64
0
203392
1024
64
0
204544
1088
64
0
205696
1152
64
0
206848
1216
64
0
208000
1280
64
0
209152
1344
64
0
210304
1408
64
0
211456
1472
64
0
212608
1536
64
0
213760
1600
64
0
214912
1664
64
0
216064
1728
64
0
217216
1792
64
0
218368
1856
64
0
219520
1920
64
0
220672
1984
64
0
185024
0
64
0
186176
64
64
0
187328
128
64
0
188480
192
64
0
189632
256
64
0
190784
320
64
0
191936
384
64
0
193088
448
64
0
194240
512
64
0
195392
576
64
0
196544
640
64
0
197696
704
64
0
198848
768
64
0
200000
832
64
0
201152
896
64
0
202304
960
64
0
203456
1024
64
0
204608
1088
64
0
205760
1152
64
0
206912
1216
64
0
208064
1280
64
0
209216
1344
64
0
210368
1408
64
0
211520
1472
64
0
212672
1536
64
0
213824
1600
64
0
214976
1664
64
0
216128
1728
64
0
217280
1792
64
0
218432
1856
64
0
219584
1920
64
0
220736
1984
64
0
185088
0
64
0
186240
64
64
0
187392
128
64
0
188544
192
64
0
189696
256
64
0
190848
320
64
0
192000
384
64
0
193152
448
64
0
194304
512
64
0
195456
576
64
0
196608
640
64
0
197760
704
64
0
198912
768
64
0
200064
832
64
0
201216
896
64
0
202368
960
64
0
203520
1024
64
0
204672
1088
64
0
205824
1152
64
0
206976
1216
64
0
208128
1280
64
0
209280
1344
64
0
210432
1408
64
0
211584
1472
64
0
212736
1536
64
0
213888
1600
64
0
215040
1664
64
0
216192
1728
64
0
217344
1792
64
0
218496
1856
64
0
219648
1920
64
0
220800
1984
64
0
185152
0
64
0
186304
64
64
0
187456
128
64
0
188608
192
64
0
189760
256
64
0
190912
320
64
0
192064
384
64
0
193216
448
64
0
194368
512
64
0
195520
576
64
0
196672
640
64
0
197824
704
64
0
198976
768
64
0
200128
832
64
0
201280
896
64
0
202432
960
64
0
203584
1024
64
0
204736
1088
64
0
205888
1152
64
0
207040
1216
64
0
208192
1280
64
0
209344
1344
64
0
210496
1408
64
0
211648
1472
64
0
212800
1536
64
0
213952
1600
64
0
215104
1664
64
0
216256
1728
64
0
217408
1792
64
0
218560
1856
64
0
219712
1920
64
0
220864
1984
64
0
185216
0
64
0
186368
64
64
0
187520
128
64
0
188672
192
64
0
189824
256
64
0
190976
320
64
0
192128
384
64
0
193280
448
64
0
194432
512
64
0
195584
576
64
0
196736
640
64
0
197888
704
64
0
199040
768
64
0
200192
832
64
0
201344
896
64
0
202496
960
64
0
203648
1024
64
0
204800
1088
64
0
205952
1152
64
0
207104
1216
64
0
208256
1280
64
0
209408
1344
64
0
210560
1408
64
0
211712
1472
64
0
212864
1536
64
0
214016
1600
64
0
215168
1664
64
0
216320
1728
64
0
217472
1792
64
0
218624
1856
64
0
219776
1920
64
0
220928
1984
64
0
185280
0
64
0
186432
64
64
0
187584
128
64
0
188736
192
64
0
189888
256
64
0
191040
320
64
0
192192
384
64
0
193344
448
64
0
194496
512
64
0
195648
576
64
0
196800
640
64
0
197952
704
64
0
199104
768
64
0
200256
832
64
0
201408
896
64
0
202560
960
64
0
203712
1024
64
0
204864
1088
64
0
206016
1152
64
0
207168
1216
64
0
208320
1280
64
0
209472
1344
64
0
210624
1408
64
0
211776
1472
64
0
212928
1536
64
0
214080
1600
64
0
215232
1664
64
0
216384
1728
64
0
217536
1792
64
0
218688
1856
64
0
219840
1920
64
0
220992
1984
64
0
185344
0
64
0
186496
64
64
0
187648
128
64
0
188800
192
64
0
189952
256
64
0
191104
320
64
0
192256
384
64
0
193408
448
64
0
194560
512
64
0
195712
576
64
0
196864
640
64
0
198016
704
64
0
199168
768
64
0
200320
832
64
0
201472
896
64
0
202624
960
64
0
203776
1024
64
0
204928
1088
64
0
206080
1152
64
0
207232
1216
64
0
208384
1280
64
0
209536
1344
64
0
210688
1408
64
0
211840
1472
64
0
212992
1536
64
0
214144
1600
64
0
215296
1664
64
0
216448
1728
64
0
217600
1792
64
0
218752
1856
64
0
219904
1920
64
0
221056
1984
64
0
185408
0
64
0
186560
64
64
0
187712
128
64
0
188864
192
64
0
190016
256
64
0
191168
320
64
0
192320
384
64
0
193472
448
64
0
194624
512
64
0
195776
576
64
0
196928
640
64
0
198080
704
64
0
199232
768
64
0
200384
832
64
0
201536
896
64
0
202688
960
64
0
203840
1024
64
0
204992
1088
64
0
206144
1152
64
0
207296
1216
64
0
208448
1280
64
0
209600
1344
64
0
210752
1408
64
0
211904
1472
64
0
213056
1536
64
0
214208
1600
64
0
215360
1664
64
0
216512
1728
64
0
217664
1792
64
0
218816
1856
64
0
219968
1920
64
0
221120
1984
64
0
221184
0
64
0
222336
64
64
0
223488
128
64
0
224640
192
64
0
0
256
64
1
0
320
64
1
0
384
64
1
0
448
64
1
0
512
64
1
0
576
64
1
0
640
64
1
0
704
64
1
0
768
64
1
0
832
64
1
0
896
64
1
0
960
64
1
0
1024
64
1
0
1088
64
1
0
1152
64
1
0
1216
64
1
0
1280
64
1
0
1344
64
1
0
1408
64
1
0
1472
64
1
0
1536
64
1
0
1600
64
1
0
1664
64
1
0
1728
64
1
0
1792
64
1
0
1856
64
1
0
1920
64
1
0
1984
64
1
221248
0
64
0
222400
64
64
0
223552
128
64
0
224704
192
64
0
64
256
64
1
64
320
64
1
64
384
64
1
64
448
64
1
64
512
64
1
64
576
64
1
64
640
64
1
64
704
64
1
64
768
64
1
64
832
64
1
64
896
64
1
64
960
64
1
64
1024
64
1
64
1088
64
1
64
1152
64
1
64
1216
64
1
64
1280
64
1
64
1344
64
1
64
1408
64
1
64
1472
64
1
64
1536
64
1
64
1600
64
1
64
1664
64
1
64
1728
64
1
64
1792
64
1
64
1856
64
1
64
1920
64
1
64
1984
64
1
221312
0
64
0
222464
64
64
0
223616
128
64
0
224768
192
64
0
128
256
64
1
128
320
64
1
128
384
64
1
128
448
64
1
128
512
64
1
128
576
64
1
128
640
64
1
128
704
64
1
128
768
64
1
128
832
64
1
128
896
64
1
128
960
64
1
128
1024
64
1
128
1088
64
1
128
1152
64
1
128
1216
64
1
128
1280
64
1
128
1344
64
1
128
1408
64
1
128
1472
64
1
128
1536
64
1
128
1600
64
1
128
1664
64
1
128
1728
64
1
128
1792
64
1
128
1856
64
1
128
1920
64
1
128
1984
64
1
221376
0
64
0
222528
64
64
0
223680
128
64
0
224832
192
64
0
192
256
64
1
192
320
64
1
192
384
64
1
192
448
64
1
192
512
64
1
192
576
64
1
192
640
64
1
192
704
64
1
192
768
64
1
192
832
64
1
192
896
64
1
192
960
64
1
192
1024
64
1
192
1088
64
1
192
1152
64
1
192
1216
64
1
192
1280
64
1
192
1344
64
1
192
1408
64
1
192
1472
64
1
192
1536
64
1
192
1600
64
1
192
1664
64
1
192
1728
64
1
192
1792
64
1
192
1856
64
1
192
1920
64
1
192
1984
64
1
221440
0
64
0
222592
64
64
0
223744
128
64
0
224896
192
64
0
256
256
64
1
256
320
64
1
256
384
64
1
256
448
64
1
256
512
64
1
256
576
64
1
256
640
64
1
256
704
64
1
256
768
64
1
256
832
64
1
256
896
64
1
256
960
64
1
256
1024
64
1
256
1088
64
1
256
1152
64
1
256
1216
64
1
256
1280
64
1
256
1344
64
1
256
1408
64
1
256
1472
64
1
256
1536
64
1
256
1600
64
1
256
1664
64
1
256
1728
64
1
256
1792
64
1
256
1856
64
1
256
1920
64
1
256
1984
64
1
221504
0
64
0
222656
64
64
0
223808
128
64
0
224960
192
64
0
320
256
64
1
320
320
64
1
320
384
64
1
320
448
64
1
320
512
64
1
320
576
64
1
320
640
64
1
320
704
64
1
320
768
64
1
320
832
64
1
320
896
64
1
320
960
64
1
320
1024
64
1
320
1088
64
1
320
1152
64
1
320
1216
64
1
320
1280
64
1
320
1344
64
1
320
1408
64
1
320
1472
64
1
320
1536
64
1
320
1600
64
1
320
1664
64
1
320
1728
64
1
320
1792
64
1
320
1856
64
1
320
1920
64
1
320
1984
64
1
221568
0
64
0
222720
64
64
0
223872
128
64
0
225024
192
64
0
384
256
64
1
384
320
64
1
384
384
64
1
384
448
64
1
384
512
64
1
384
576
64
1
384
640
64
1
384
704
64
1
384
768
64
1
384
832
64
1
384
896
64
1
384
960
64
1
384
1024
64
1
384
1088
64
1
384
1152
64
1
384
1216
64
1
384
1280
64
1
384
1344
64
1
384
1408
64
1
384
1472
64
1
384
1536
64
1
384
1600
64
1
384
1664
64
1
384
1728
64
1
384
1792
64
1
384
1856
64
1
384
1920
64
1
384
1984
64
1
221632
0
64
0
222784
64
64
0
223936
128
64
0
225088
192
64
0
448
256
64
1
448
320
64
1
448
384
64
1
448
448
64
1
448
512
64
1
448
576
64
1
448
640
64
1
448
704
64
1
448
768
64
1
448
832
64
1
448
896
64
1
448
960
64
1
448
1024
64
1
448
1088
64
1
448
1152
64
1
448
1216
64
1
448
1280
64
1
448
1344
64
1
448
1408
64
1
448
1472
64
1
448
1536
64
1
448
1600
64
1
448
1664
64
1
448
1728
64
1
448
1792
64
1
448
1856
64
1
448
1920
64
1
448
1984
64
1
221696
0
64
0
222848
64
64
0
224000
128
64
0
225152
192
64
0
512
256
64
1
512
320
64
1
512
384
64
1
512
448
64
1
512
512
64
1
512
576
64
1
512
640
64
1
512
704
64
1
512
768
64
1
512
832
64
1
512
896
64
1
512
960
64
1
512
1024
64
1
512
1088
64
1
512
1152
64
1
512
1216
64
1
512
1280
64
1
512
1344
64
1
512
1408
64
1
512
1472
64
1
512
1536
64
1
512
1600
64
1
512
1664
64
1
512
1728
64
1
512
1792
64
1
512
1856
64
1
512
1920
64
1
512
1984
64
1
221760
0
64
0
222912
64
64
0
224064
128
64
0
225216
192
64
0
576
256
64
1
576
320
64
1
576
384
64
1
576
448
64
1
576
512
64
1
576
576
64
1
576
640
64
1
576
704
64
1
576
768
64
1
576
832
64
1
576
896
64
1
576
960
64
1
576
1024
64
1
576
1088
64
1
576
1152
64
1
576
1216
64
1
576
1280
64
1
576
1344
64
1
576
1408
64
1
576
1472
64
1
576
1536
64
1
576
1600
64
1
576
1664
64
1
576
1728
64
1
576
1792
64
1
576
1856
64
1
576
1920
64
1
576
1984
64
1
221824
0
64
0
222976
64
64
0
224128
128
64
0
225280
192
64
0
640
256
64
1
640
320
64
1
640
384
64
1
640
448
64
1
640
512
64
1
640
576
64
1
640
640
64
1
640
704
64
1
640
768
64
1
640
832
64
1
640
896
64
1
640
960
64
1
640
1024
64
1
640
1088
64
1
640
1152
64
1
640
1216
64
1
640
1280
64
1
640
1344
64
1
640
1408
64
1
640
1472
64
1
640
1536
64
1
640
1600
64
1
640
1664
64
1
640
1728
64
1
640
1792
64
1
640
1856
64
1
640
1920
64
1
640
1984
64
1
221888
0
64
0
223040
64
64
0
224192
128
64
0
225344
192
64
0
704
256
64
1
704
320
64
1
704
384
64
1
704
448
64
1
704
512
64
1
704
576
64
1
704
640
64
1
704
704
64
1
704
768
64
1
704
832
64
1
704
896
64
1
704
960
64
1
704
1024
64
1
704
1088
64
1
704
1152
64
1
704
1216
64
1
704
1280
64
1
704
1344
64
1
704
1408
64
1
704
1472
64
1
704
1536
64
1
704
1600
64
1
704
1664
64
1
704
1728
64
1
704
1792
64
1
704
1856
64
1
704
1920
64
1
704
1984
64
1
221952
0
64
0
223104
64
64
0
224256
128
64
0
225408
192
64
0
768
256
64
1
768
320
64
1
768
384
64
1
768
448
64
1
768
512
64
1
768
576
64
1
768
640
64
1
768
704
64
1
768
768
64
1
768
832
64
1
768
896
64
1
768
960
64
1
768
1024
64
1
768
1088
64
1
768
1152
64
1
768
1216
64
1
768
1280
64
1
768
1344
64
1
768
1408
64
1
768
1472
64
1
768
1536
64
1
768
1600
64
1
768
1664
64
1
768
1728
64
1
768
1792
64
1
768
1856
64
1
768
1920
64
1
768
1984
64
1
222016
0
64
0
223168
64
64
0
224320
128
64
0
225472
192
64
0
832
256
64
1
832
320
64
1
832
384
64
1
832
448
64
1
832
512
64
1
832
576
64
1
832
640
64
1
832
704
64
1
832
768
64
1
832
832
64
1
832
896
64
1
832
960
64
1
832
1024
64
1
832
1088
64
1
832
1152
64
1
832
1216
64
1
832
1280
64
1
832
1344
64
1
832
1408
64
1
832
1472
64
1
832
1536
64
1
832
1600
64
1
832
1664
64
1
832
1728
64
1
832
1792
64
1
832
1856
64
1
832
1920
64
1
832
1984
64
1
222080
0
64
0
223232
64
64
0
224384
128
64
0
225536
192
64
0
896
256
64
1
896
320
64
1
896
384
64
1
896
448
64
1
896
512
64
1
896
576
64
1
896
640
64
1
896
704
64
1
896
768
64
1
896
832
64
1
896
896
64
1
896
960
64
1
896
1024
64
1
896
1088
64
1
896
1152
64
1
896
1216
64
1
896
1280
64
1
896
1344
64
1
896
1408
64
1
896
1472
64
1
896
1536
64
1
896
1600
64
1
896
1664
64
1
896
1728
64
1
896
1792
64
1
896
1856
64
1
896
1920
64
1
896
1984
64
1
222144
0
64
0
223296
64
64
0
224448
128
64
0
225600
192
64
0
960
256
64
1
960
320
64
1
960
384
64
1
960
448
64
1
960
512
64
1
960
576
64
1
960
640
64
1
960
704
64
1
960
768
64
1
960
832
64
1
960
896
64
1
960
960
64
1
960
1024
64
1
960
1088
64
1
960
1152
64
1
960
1216
64
1
960
1280
64
1
960
1344
64
1
960
1408
64
1
960
1472
64
1
960
1536
64
1
960
1600
64
1
960
1664
64
1
960
1728
64
1
960
1792
64
1
960
1856
64
1
960
1920
64
1
960
1984
64
1
222208
0
64
0
223360
64
64
0
224512
128
64
0
225664
192
64
0
1024
256
64
1
1024
320
64
1
1024
384
64
1
1024
448
64
1
1024
512
64
1
1024
576
64
1
1024
640
64
1
1024
704
64
1
1024
768
64
1
1024
832
64
1
1024
896
64
1
1024
960
64
1
1024
1024
64
1
1024
1088
64
1
1024
1152
64
1
1024
1216
64
1
1024
1280
64
1
1024
1344
64
1
1024
1408
64
1
1024
1472
64
1
1024
1536
64
1
1024
1600
64
1
1024
1664
64
1
1024
1728
64
1
1024
1792
64
1
1024
1856
64
1
1024
1920
64
1
1024
1984
64
1
222272
0
64
0
223424
64
64
0
224576
128
64
0
225728
192
64
0
1088
256
64
1
1088
320
64
1
1088
384
64
1
1088
448
64
1
1088
512
64
1
1088
576
64
1
1088
640
64
1
1088
704
64
1
1088
768
64
1
1088
832
64
1
1088
896
64
1
1088
960
64
1
1088
1024
64
1
1088
1088
64
1
1088
1152
64
1
1088
1216
64
1
1088
1280
64
1
1088
1344
64
1
1088
1408
64
1
1088
1472
64
1
1088
1536
64
1
1088
1600
64
1
1088
1664
64
1
1088
1728
64
1
1088
1792
64
1
1088
1856
64
1
1088
1920
64
1
1088
1984
64
1
