0
0
64
0
4096
64
64
0
8192
128
64
0
12288
192
64
0
16384
256
64
0
20480
320
64
0
24576
384
64
0
57344
448
64
0
61440
512
64
0
65536
576
64
0
69632
640
64
0
73728
704
64
0
77824
768
64
0
81920
832
64
0
114688
896
64
0
118784
960
64
0
122880
1024
64
0
126976
1088
64
0
131072
1152
64
0
135168
1216
64
0
139264
1280
64
0
172032
1344
64
0
176128
1408
64
0
180224
1472
64
0
184320
1536
64
0
188416
1600
64
0
192512
1664
64
0
196608
1728
64
0
229376
1792
64
0
233472
1856
64
0
237568
1920
64
0
241664
1984
64
0
64
0
64
0
4160
64
64
0
8256
128
64
0
12352
192
64
0
16448
256
64
0
20544
320
64
0
24640
384
64
0
57408
448
64
0
61504
512
64
0
65600
576
64
0
69696
640
64
0
73792
704
64
0
77888
768
64
0
81984
832
64
0
114752
896
64
0
118848
960
64
0
122944
1024
64
0
127040
1088
64
0
131136
1152
64
0
135232
1216
64
0
139328
1280
64
0
172096
1344
64
0
176192
1408
64
0
180288
1472
64
0
184384
1536
64
0
188480
1600
64
0
192576
1664
64
0
196672
1728
64
0
229440
1792
64
0
233536
1856
64
0
237632
1920
64
0
241728
1984
64
0
128
0
64
0
4224
64
64
0
8320
128
64
0
12416
192
64
0
16512
256
64
0
20608
320
64
0
24704
384
64
0
57472
448
64
0
61568
512
64
0
65664
576
64
0
69760
640
64
0
73856
704
64
0
77952
768
64
0
82048
832
64
0
114816
896
64
0
118912
960
64
0
123008
1024
64
0
127104
1088
64
0
131200
1152
64
0
135296
1216
64
0
139392
1280
64
0
172160
1344
64
0
176256
1408
64
0
180352
1472
64
0
184448
1536
64
0
188544
1600
64
0
192640
1664
64
0
196736
1728
64
0
229504
1792
64
0
233600
1856
64
0
237696
1920
64
0
241792
1984
64
0
192
0
64
0
4288
64
64
0
8384
128
64
0
12480
192
64
0
16576
256
64
0
20672
320
64
0
24768
384
64
0
57536
448
64
0
61632
512
64
0
65728
576
64
0
69824
640
64
0
73920
704
64
0
78016
768
64
0
82112
832
64
0
114880
896
64
0
118976
960
64
0
123072
1024
64
0
127168
1088
64
0
131264
1152
64
0
135360
1216
64
0
139456
1280
64
0
172224
1344
64
0
176320
1408
64
0
180416
1472
64
0
184512
1536
64
0
188608
1600
64
0
192704
1664
64
0
196800
1728
64
0
229568
1792
64
0
233664
1856
64
0
237760
1920
64
0
241856
1984
64
0
256
0
64
0
4352
64
64
0
8448
128
64
0
12544
192
64
0
16640
256
64
0
20736
320
64
0
24832
384
64
0
57600
448
64
0
61696
512
64
0
65792
576
64
0
69888
640
64
0
73984
704
64
0
78080
768
64
0
82176
832
64
0
114944
896
64
0
119040
960
64
0
123136
1024
64
0
127232
1088
64
0
131328
1152
64
0
135424
1216
64
0
139520
1280
64
0
172288
1344
64
0
176384
1408
64
0
180480
1472
64
0
184576
1536
64
0
188672
1600
64
0
192768
1664
64
0
196864
1728
64
0
229632
1792
64
0
233728
1856
64
0
237824
1920
64
0
241920
1984
64
0
320
0
64
0
4416
64
64
0
8512
128
64
0
12608
192
64
0
16704
256
64
0
20800
320
64
0
24896
384
64
0
57664
448
64
0
61760
512
64
0
65856
576
64
0
69952
640
64
0
74048
704
64
0
78144
768
64
0
82240
832
64
0
115008
896
64
0
119104
960
64
0
123200
1024
64
0
127296
1088
64
0
131392
1152
64
0
135488
1216
64
0
139584
1280
64
0
172352
1344
64
0
176448
1408
64
0
180544
1472
64
0
184640
1536
64
0
188736
1600
64
0
192832
1664
64
0
196928
1728
64
0
229696
1792
64
0
233792
1856
64
0
237888
1920
64
0
241984
1984
64
0
384
0
64
0
4480
64
64
0
8576
128
64
0
12672
192
64
0
16768
256
64
0
20864
320
64
0
24960
384
64
0
57728
448
64
0
61824
512
64
0
65920
576
64
0
70016
640
64
0
74112
704
64
0
78208
768
64
0
82304
832
64
0
115072
896
64
0
119168
960
64
0
123264
1024
64
0
127360
1088
64
0
131456
1152
64
0
135552
1216
64
0
139648
1280
64
0
172416
1344
64
0
176512
1408
64
0
180608
1472
64
0
184704
1536
64
0
188800
1600
64
0
192896
1664
64
0
196992
1728
64
0
229760
1792
64
0
233856
1856
64
0
237952
1920
64
0
242048
1984
64
0
448
0
64
0
4544
64
64
0
8640
128
64
0
12736
192
64
0
16832
256
64
0
20928
320
64
0
25024
384
64
0
57792
448
64
0
61888
512
64
0
65984
576
64
0
70080
640
64
0
74176
704
64
0
78272
768
64
0
82368
832
64
0
115136
896
64
0
119232
960
64
0
123328
1024
64
0
127424
1088
64
0
131520
1152
64
0
135616
1216
64
0
139712
1280
64
0
172480
1344
64
0
176576
1408
64
0
180672
1472
64
0
184768
1536
64
0
188864
1600
64
0
192960
1664
64
0
197056
1728
64
0
229824
1792
64
0
233920
1856
64
0
238016
1920
64
0
242112
1984
64
0
512
0
64
0
4608
64
64
0
8704
128
64
0
12800
192
64
0
16896
256
64
0
20992
320
64
0
25088
384
64
0
57856
448
64
0
61952
512
64
0
66048
576
64
0
70144
640
64
0
74240
704
64
0
78336
768
64
0
82432
832
64
0
115200
896
64
0
119296
960
64
0
123392
1024
64
0
127488
1088
64
0
131584
1152
64
0
135680
1216
64
0
139776
1280
64
0
172544
1344
64
0
176640
1408
64
0
180736
1472
64
0
184832
1536
64
0
188928
1600
64
0
193024
1664
64
0
197120
1728
64
0
229888
1792
64
0
233984
1856
64
0
238080
1920
64
0
242176
1984
64
0
576
0
64
0
4672
64
64
0
8768
128
64
0
12864
192
64
0
16960
256
64
0
21056
320
64
0
25152
384
64
0
57920
448
64
0
62016
512
64
0
66112
576
64
0
70208
640
64
0
74304
704
64
0
78400
768
64
0
82496
832
64
0
115264
896
64
0
119360
960
64
0
123456
1024
64
0
127552
1088
64
0
131648
1152
64
0
135744
1216
64
0
139840
1280
64
0
172608
1344
64
0
176704
1408
64
0
180800
1472
64
0
184896
1536
64
0
188992
1600
64
0
193088
1664
64
0
197184
1728
64
0
229952
1792
64
0
234048
1856
64
0
238144
1920
64
0
242240
1984
64
0
640
0
64
0
4736
64
64
0
8832
128
64
0
12928
192
64
0
17024
256
64
0
21120
320
64
0
25216
384
64
0
57984
448
64
0
62080
512
64
0
66176
576
64
0
70272
640
64
0
74368
704
64
0
78464
768
64
0
82560
832
64
0
115328
896
64
0
119424
960
64
0
123520
1024
64
0
127616
1088
64
0
131712
1152
64
0
135808
1216
64
0
139904
1280
64
0
172672
1344
64
0
176768
1408
64
0
180864
1472
64
0
184960
1536
64
0
189056
1600
64
0
193152
1664
64
0
197248
1728
64
0
230016
1792
64
0
234112
1856
64
0
238208
1920
64
0
242304
1984
64
0
704
0
64
0
4800
64
64
0
8896
128
64
0
12992
192
64
0
17088
256
64
0
21184
320
64
0
25280
384
64
0
58048
448
64
0
62144
512
64
0
66240
576
64
0
70336
640
64
0
74432
704
64
0
78528
768
64
0
82624
832
64
0
115392
896
64
0
119488
960
64
0
123584
1024
64
0
127680
1088
64
0
131776
1152
64
0
135872
1216
64
0
139968
1280
64
0
172736
1344
64
0
176832
1408
64
0
180928
1472
64
0
185024
1536
64
0
189120
1600
64
0
193216
1664
64
0
197312
1728
64
0
230080
1792
64
0
234176
1856
64
0
238272
1920
64
0
242368
1984
64
0
768
0
64
0
4864
64
64
0
8960
128
64
0
13056
192
64
0
17152
256
64
0
21248
320
64
0
25344
384
64
0
58112
448
64
0
62208
512
64
0
66304
576
64
0
70400
640
64
0
74496
704
64
0
78592
768
64
0
82688
832
64
0
115456
896
64
0
119552
960
64
0
123648
1024
64
0
127744
1088
64
0
131840
1152
64
0
135936
1216
64
0
140032
1280
64
0
172800
1344
64
0
176896
1408
64
0
180992
1472
64
0
185088
1536
64
0
189184
1600
64
0
193280
1664
64
0
197376
1728
64
0
230144
1792
64
0
234240
1856
64
0
238336
1920
64
0
242432
1984
64
0
832
0
64
0
4928
64
64
0
9024
128
64
0
13120
192
64
0
17216
256
64
0
21312
320
64
0
25408
384
64
0
58176
448
64
0
62272
512
64
0
66368
576
64
0
70464
640
64
0
74560
704
64
0
78656
768
64
0
82752
832
64
0
115520
896
64
0
119616
960
64
0
123712
1024
64
0
127808
1088
64
0
131904
1152
64
0
136000
1216
64
0
140096
1280
64
0
172864
1344
64
0
176960
1408
64
0
181056
1472
64
0
185152
1536
64
0
189248
1600
64
0
193344
1664
64
0
197440
1728
64
0
230208
1792
64
0
234304
1856
64
0
238400
1920
64
0
242496
1984
64
0
896
0
64
0
4992
64
64
0
9088
128
64
0
13184
192
64
0
17280
256
64
0
21376
320
64
0
25472
384
64
0
58240
448
64
0
62336
512
64
0
66432
576
64
0
70528
640
64
0
74624
704
64
0
78720
768
64
0
82816
832
64
0
115584
896
64
0
119680
960
64
0
123776
1024
64
0
127872
1088
64
0
131968
1152
64
0
136064
1216
64
0
140160
1280
64
0
172928
1344
64
0
177024
1408
64
0
181120
1472
64
0
185216
1536
64
0
189312
1600
64
0
193408
1664
64
0
197504
1728
64
0
230272
1792
64
0
234368
1856
64
0
238464
1920
64
0
242560
1984
64
0
960
0
64
0
5056
64
64
0
9152
128
64
0
13248
192
64
0
17344
256
64
0
21440
320
64
0
25536
384
64
0
58304
448
64
0
62400
512
64
0
66496
576
64
0
70592
640
64
0
74688
704
64
0
78784
768
64
0
82880
832
64
0
115648
896
64
0
119744
960
64
0
123840
1024
64
0
127936
1088
64
0
132032
1152
64
0
136128
1216
64
0
140224
1280
64
0
172992
1344
64
0
177088
1408
64
0
181184
1472
64
0
185280
1536
64
0
189376
1600
64
0
193472
1664
64
0
197568
1728
64
0
230336
1792
64
0
234432
1856
64
0
238528
1920
64
0
242624
1984
64
0
1024
0
64
0
5120
64
64
0
9216
128
64
0
13312
192
64
0
17408
256
64
0
21504
320
64
0
25600
384
64
0
58368
448
64
0
62464
512
64
0
66560
576
64
0
70656
640
64
0
74752
704
64
0
78848
768
64
0
82944
832
64
0
115712
896
64
0
119808
960
64
0
123904
1024
64
0
128000
1088
64
0
132096
1152
64
0
136192
1216
64
0
140288
1280
64
0
173056
1344
64
0
177152
1408
64
0
181248
1472
64
0
185344
1536
64
0
189440
1600
64
0
193536
1664
64
0
197632
1728
64
0
230400
1792
64
0
234496
1856
64
0
238592
1920
64
0
242688
1984
64
0
1088
0
64
0
5184
64
64
0
9280
128
64
0
13376
192
64
0
17472
256
64
0
21568
320
64
0
25664
384
64
0
58432
448
64
0
62528
512
64
0
66624
576
64
0
70720
640
64
0
74816
704
64
0
78912
768
64
0
83008
832
64
0
115776
896
64
0
119872
960
64
0
123968
1024
64
0
128064
1088
64
0
132160
1152
64
0
136256
1216
64
0
140352
1280
64
0
173120
1344
64
0
177216
1408
64
0
181312
1472
64
0
185408
1536
64
0
189504
1600
64
0
193600
1664
64
0
197696
1728
64
0
230464
1792
64
0
234560
1856
64
0
238656
1920
64
0
242752
1984
64
0
1152
0
64
0
5248
64
64
0
9344
128
64
0
13440
192
64
0
17536
256
64
0
21632
320
64
0
25728
384
64
0
58496
448
64
0
62592
512
64
0
66688
576
64
0
70784
640
64
0
74880
704
64
0
78976
768
64
0
83072
832
64
0
115840
896
64
0
119936
960
64
0
124032
1024
64
0
128128
1088
64
0
132224
1152
64
0
136320
1216
64
0
140416
1280
64
0
173184
1344
64
0
177280
1408
64
0
181376
1472
64
0
185472
1536
64
0
189568
1600
64
0
193664
1664
64
0
197760
1728
64
0
230528
1792
64
0
234624
1856
64
0
238720
1920
64
0
242816
1984
64
0
1216
0
64
0
5312
64
64
0
9408
128
64
0
13504
192
64
0
17600
256
64
0
21696
320
64
0
25792
384
64
0
58560
448
64
0
62656
512
64
0
66752
576
64
0
70848
640
64
0
74944
704
64
0
79040
768
64
0
83136
832
64
0
115904
896
64
0
120000
960
64
0
124096
1024
64
0
128192
1088
64
0
132288
1152
64
0
136384
1216
64
0
140480
1280
64
0
173248
1344
64
0
177344
1408
64
0
181440
1472
64
0
185536
1536
64
0
189632
1600
64
0
193728
1664
64
0
197824
1728
64
0
230592
1792
64
0
234688
1856
64
0
238784
1920
64
0
242880
1984
64
0
1280
0
64
0
5376
64
64
0
9472
128
64
0
13568
192
64
0
17664
256
64
0
21760
320
64
0
25856
384
64
0
58624
448
64
0
62720
512
64
0
66816
576
64
0
70912
640
64
0
75008
704
64
0
79104
768
64
0
83200
832
64
0
115968
896
64
0
120064
960
64
0
124160
1024
64
0
128256
1088
64
0
132352
1152
64
0
136448
1216
64
0
140544
1280
64
0
173312
1344
64
0
177408
1408
64
0
181504
1472
64
0
185600
1536
64
0
189696
1600
64
0
193792
1664
64
0
197888
1728
64
0
230656
1792
64
0
234752
1856
64
0
238848
1920
64
0
242944
1984
64
0
1344
0
64
0
5440
64
64
0
9536
128
64
0
13632
192
64
0
17728
256
64
0
21824
320
64
0
25920
384
64
0
58688
448
64
0
62784
512
64
0
66880
576
64
0
70976
640
64
0
75072
704
64
0
79168
768
64
0
83264
832
64
0
116032
896
64
0
120128
960
64
0
124224
1024
64
0
128320
1088
64
0
132416
1152
64
0
136512
1216
64
0
140608
1280
64
0
173376
1344
64
0
177472
1408
64
0
181568
1472
64
0
185664
1536
64
0
189760
1600
64
0
193856
1664
64
0
197952
1728
64
0
230720
1792
64
0
234816
1856
64
0
238912
1920
64
0
243008
1984
64
0
1408
0
64
0
5504
64
64
0
9600
128
64
0
13696
192
64
0
17792
256
64
0
21888
320
64
0
25984
384
64
0
58752
448
64
0
62848
512
64
0
66944
576
64
0
71040
640
64
0
75136
704
64
0
79232
768
64
0
83328
832
64
0
116096
896
64
0
120192
960
64
0
124288
1024
64
0
128384
1088
64
0
132480
1152
64
0
136576
1216
64
0
140672
1280
64
0
173440
1344
64
0
177536
1408
64
0
181632
1472
64
0
185728
1536
64
0
189824
1600
64
0
193920
1664
64
0
198016
1728
64
0
230784
1792
64
0
234880
1856
64
0
238976
1920
64
0
243072
1984
64
0
1472
0
64
0
5568
64
64
0
9664
128
64
0
13760
192
64
0
17856
256
64
0
21952
320
64
0
26048
384
64
0
58816
448
64
0
62912
512
64
0
67008
576
64
0
71104
640
64
0
75200
704
64
0
79296
768
64
0
83392
832
64
0
116160
896
64
0
120256
960
64
0
124352
1024
64
0
128448
1088
64
0
132544
1152
64
0
136640
1216
64
0
140736
1280
64
0
173504
1344
64
0
177600
1408
64
0
181696
1472
64
0
185792
1536
64
0
189888
1600
64
0
193984
1664
64
0
198080
1728
64
0
230848
1792
64
0
234944
1856
64
0
239040
1920
64
0
243136
1984
64
0
1536
0
64
0
5632
64
64
0
9728
128
64
0
13824
192
64
0
17920
256
64
0
22016
320
64
0
26112
384
64
0
58880
448
64
0
62976
512
64
0
67072
576
64
0
71168
640
64
0
75264
704
64
0
79360
768
64
0
83456
832
64
0
116224
896
64
0
120320
960
64
0
124416
1024
64
0
128512
1088
64
0
132608
1152
64
0
136704
1216
64
0
140800
1280
64
0
173568
1344
64
0
177664
1408
64
0
181760
1472
64
0
185856
1536
64
0
189952
1600
64
0
194048
1664
64
0
198144
1728
64
0
230912
1792
64
0
235008
1856
64
0
239104
1920
64
0
243200
1984
64
0
1600
0
64
0
5696
64
64
0
9792
128
64
0
13888
192
64
0
17984
256
64
0
22080
320
64
0
26176
384
64
0
58944
448
64
0
63040
512
64
0
67136
576
64
0
71232
640
64
0
75328
704
64
0
79424
768
64
0
83520
832
64
0
116288
896
64
0
120384
960
64
0
124480
1024
64
0
128576
1088
64
0
132672
1152
64
0
136768
1216
64
0
140864
1280
64
0
173632
1344
64
0
177728
1408
64
0
181824
1472
64
0
185920
1536
64
0
190016
1600
64
0
194112
1664
64
0
198208
1728
64
0
230976
1792
64
0
235072
1856
64
0
239168
1920
64
0
243264
1984
64
0
1664
0
64
0
5760
64
64
0
9856
128
64
0
13952
192
64
0
18048
256
64
0
22144
320
64
0
26240
384
64
0
59008
448
64
0
63104
512
64
0
67200
576
64
0
71296
640
64
0
75392
704
64
0
79488
768
64
0
83584
832
64
0
116352
896
64
0
120448
960
64
0
124544
1024
64
0
128640
1088
64
0
132736
1152
64
0
136832
1216
64
0
140928
1280
64
0
173696
1344
64
0
177792
1408
64
0
181888
1472
64
0
185984
1536
64
0
190080
1600
64
0
194176
1664
64
0
198272
1728
64
0
231040
1792
64
0
235136
1856
64
0
239232
1920
64
0
243328
1984
64
0
1728
0
64
0
5824
64
64
0
9920
128
64
0
14016
192
64
0
18112
256
64
0
22208
320
64
0
26304
384
64
0
59072
448
64
0
63168
512
64
0
67264
576
64
0
71360
640
64
0
75456
704
64
0
79552
768
64
0
83648
832
64
0
116416
896
64
0
120512
960
64
0
124608
1024
64
0
128704
1088
64
0
132800
1152
64
0
136896
1216
64
0
140992
1280
64
0
173760
1344
64
0
177856
1408
64
0
181952
1472
64
0
186048
1536
64
0
190144
1600
64
0
194240
1664
64
0
198336
1728
64
0
231104
1792
64
0
235200
1856
64
0
239296
1920
64
0
243392
1984
64
0
1792
0
64
0
5888
64
64
0
9984
128
64
0
14080
192
64
0
18176
256
64
0
22272
320
64
0
26368
384
64
0
59136
448
64
0
63232
512
64
0
67328
576
64
0
71424
640
64
0
75520
704
64
0
79616
768
64
0
83712
832
64
0
116480
896
64
0
120576
960
64
0
124672
1024
64
0
128768
1088
64
0
132864
1152
64
0
136960
1216
64
0
141056
1280
64
0
173824
1344
64
0
177920
1408
64
0
182016
1472
64
0
186112
1536
64
0
190208
1600
64
0
194304
1664
64
0
198400
1728
64
0
231168
1792
64
0
235264
1856
64
0
239360
1920
64
0
243456
1984
64
0
1856
0
64
0
5952
64
64
0
10048
128
64
0
14144
192
64
0
18240
256
64
0
22336
320
64
0
26432
384
64
0
59200
448
64
0
63296
512
64
0
67392
576
64
0
71488
640
64
0
75584
704
64
0
79680
768
64
0
83776
832
64
0
116544
896
64
0
120640
960
64
0
124736
1024
64
0
128832
1088
64
0
132928
1152
64
0
137024
1216
64
0
141120
1280
64
0
173888
1344
64
0
177984
1408
64
0
182080
1472
64
0
186176
1536
64
0
190272
1600
64
0
194368
1664
64
0
198464
1728
64
0
231232
1792
64
0
235328
1856
64
0
239424
1920
64
0
243520
1984
64
0
1920
0
64
0
6016
64
64
0
10112
128
64
0
14208
192
64
0
18304
256
64
0
22400
320
64
0
26496
384
64
0
59264
448
64
0
63360
512
64
0
67456
576
64
0
71552
640
64
0
75648
704
64
0
79744
768
64
0
83840
832
64
0
116608
896
64
0
120704
960
64
0
124800
1024
64
0
128896
1088
64
0
132992
1152
64
0
137088
1216
64
0
141184
1280
64
0
173952
1344
64
0
178048
1408
64
0
182144
1472
64
0
186240
1536
64
0
190336
1600
64
0
194432
1664
64
0
198528
1728
64
0
231296
1792
64
0
235392
1856
64
0
239488
1920
64
0
243584
1984
64
0
1984
0
64
0
6080
64
64
0
10176
128
64
0
14272
192
64
0
18368
256
64
0
22464
320
64
0
26560
384
64
0
59328
448
64
0
63424
512
64
0
67520
576
64
0
71616
640
64
0
75712
704
64
0
79808
768
64
0
83904
832
64
0
116672
896
64
0
120768
960
64
0
124864
1024
64
0
128960
1088
64
0
133056
1152
64
0
137152
1216
64
0
141248
1280
64
0
174016
1344
64
0
178112
1408
64
0
182208
1472
64
0
186304
1536
64
0
190400
1600
64
0
194496
1664
64
0
198592
1728
64
0
231360
1792
64
0
235456
1856
64
0
239552
1920
64
0
243648
1984
64
0
245760
0
64
0
249856
64
64
0
253952
128
64
0
286720
192
64
0
290816
256
64
0
294912
320
64
0
299008
384
64
0
303104
448
64
0
307200
512
64
0
311296
576
64
0
344064
640
64
0
348160
704
64
0
352256
768
64
0
356352
832
64
0
360448
896
64
0
364544
960
64
0
368640
1024
64
0
0
1088
64
1
0
1152
64
1
0
1216
64
1
0
1280
64
1
0
1344
64
1
0
1408
64
1
0
1472
64
1
0
1536
64
1
0
1600
64
1
0
1664
64
1
0
1728
64
1
0
1792
64
1
0
1856
64
1
0
1920
64
1
0
1984
64
1
245824
0
64
0
249920
64
64
0
254016
128
64
0
286784
192
64
0
290880
256
64
0
294976
320
64
0
299072
384
64
0
303168
448
64
0
307264
512
64
0
311360
576
64
0
344128
640
64
0
348224
704
64
0
352320
768
64
0
356416
832
64
0
360512
896
64
0
364608
960
64
0
368704
1024
64
0
64
1088
64
1
64
1152
64
1
64
1216
64
1
64
1280
64
1
64
1344
64
1
64
1408
64
1
64
1472
64
1
64
1536
64
1
64
1600
64
1
64
1664
64
1
64
1728
64
1
64
1792
64
1
64
1856
64
1
64
1920
64
1
64
1984
64
1
245888
0
64
0
249984
64
64
0
254080
128
64
0
286848
192
64
0
290944
256
64
0
295040
320
64
0
299136
384
64
0
303232
448
64
0
307328
512
64
0
311424
576
64
0
344192
640
64
0
348288
704
64
0
352384
768
64
0
356480
832
64
0
360576
896
64
0
364672
960
64
0
368768
1024
64
0
128
1088
64
1
128
1152
64
1
128
1216
64
1
128
1280
64
1
128
1344
64
1
128
1408
64
1
128
1472
64
1
128
1536
64
1
128
1600
64
1
128
1664
64
1
128
1728
64
1
128
1792
64
1
128
1856
64
1
128
1920
64
1
128
1984
64
1
245952
0
64
0
250048
64
64
0
254144
128
64
0
286912
192
64
0
291008
256
64
0
295104
320
64
0
299200
384
64
0
303296
448
64
0
307392
512
64
0
311488
576
64
0
344256
640
64
0
348352
704
64
0
352448
768
64
0
356544
832
64
0
360640
896
64
0
364736
960
64
0
368832
1024
64
0
192
1088
64
1
192
1152
64
1
192
1216
64
1
192
1280
64
1
192
1344
64
1
192
1408
64
1
192
1472
64
1
192
1536
64
1
192
1600
64
1
192
1664
64
1
192
1728
64
1
192
1792
64
1
192
1856
64
1
192
1920
64
1
192
1984
64
1
246016
0
64
0
250112
64
64
0
254208
128
64
0
286976
192
64
0
291072
256
64
0
295168
320
64
0
299264
384
64
0
303360
448
64
0
307456
512
64
0
311552
576
64
0
344320
640
64
0
348416
704
64
0
352512
768
64
0
356608
832
64
0
360704
896
64
0
364800
960
64
0
368896
1024
64
0
256
1088
64
1
256
1152
64
1
256
1216
64
1
256
1280
64
1
256
1344
64
1
256
1408
64
1
256
1472
64
1
256
1536
64
1
256
1600
64
1
256
1664
64
1
256
1728
64
1
256
1792
64
1
256
1856
64
1
256
1920
64
1
256
1984
64
1
246080
0
64
0
250176
64
64
0
254272
128
64
0
287040
192
64
0
291136
256
64
0
295232
320
64
0
299328
384
64
0
303424
448
64
0
307520
512
64
0
311616
576
64
0
344384
640
64
0
348480
704
64
0
352576
768
64
0
356672
832
64
0
360768
896
64
0
364864
960
64
0
368960
1024
64
0
320
1088
64
1
320
1152
64
1
320
1216
64
1
320
1280
64
1
320
1344
64
1
320
1408
64
1
320
1472
64
1
320
1536
64
1
320
1600
64
1
320
1664
64
1
320
1728
64
1
320
1792
64
1
320
1856
64
1
320
1920
64
1
320
1984
64
1
246144
0
64
0
250240
64
64
0
254336
128
64
0
287104
192
64
0
291200
256
64
0
295296
320
64
0
299392
384
64
0
303488
448
64
0
307584
512
64
0
311680
576
64
0
344448
640
64
0
348544
704
64
0
352640
768
64
0
356736
832
64
0
360832
896
64
0
364928
960
64
0
369024
1024
64
0
384
1088
64
1
384
1152
64
1
384
1216
64
1
384
1280
64
1
384
1344
64
1
384
1408
64
1
384
1472
64
1
384
1536
64
1
384
1600
64
1
384
1664
64
1
384
1728
64
1
384
1792
64
1
384
1856
64
1
384
1920
64
1
384
1984
64
1
246208
0
64
0
250304
64
64
0
254400
128
64
0
287168
192
64
0
291264
256
64
0
295360
320
64
0
299456
384
64
0
303552
448
64
0
307648
512
64
0
311744
576
64
0
344512
640
64
0
348608
704
64
0
352704
768
64
0
356800
832
64
0
360896
896
64
0
364992
960
64
0
369088
1024
64
0
448
1088
64
1
448
1152
64
1
448
1216
64
1
448
1280
64
1
448
1344
64
1
448
1408
64
1
448
1472
64
1
448
1536
64
1
448
1600
64
1
448
1664
64
1
448
1728
64
1
448
1792
64
1
448
1856
64
1
448
1920
64
1
448
1984
64
1
246272
0
64
0
250368
64
64
0
254464
128
64
0
287232
192
64
0
291328
256
64
0
295424
320
64
0
299520
384
64
0
303616
448
64
0
307712
512
64
0
311808
576
64
0
344576
640
64
0
348672
704
64
0
352768
768
64
0
356864
832
64
0
360960
896
64
0
365056
960
64
0
369152
1024
64
0
512
1088
64
1
512
1152
64
1
512
1216
64
1
512
1280
64
1
512
1344
64
1
512
1408
64
1
512
1472
64
1
512
1536
64
1
512
1600
64
1
512
1664
64
1
512
1728
64
1
512
1792
64
1
512
1856
64
1
512
1920
64
1
512
1984
64
1
246336
0
64
0
250432
64
64
0
254528
128
64
0
287296
192
64
0
291392
256
64
0
295488
320
64
0
299584
384
64
0
303680
448
64
0
307776
512
64
0
311872
576
64
0
344640
640
64
0
348736
704
64
0
352832
768
64
0
356928
832
64
0
361024
896
64
0
365120
960
64
0
369216
1024
64
0
576
1088
64
1
576
1152
64
1
576
1216
64
1
576
1280
64
1
576
1344
64
1
576
1408
64
1
576
1472
64
1
576
1536
64
1
576
1600
64
1
576
1664
64
1
576
1728
64
1
576
1792
64
1
576
1856
64
1
576
1920
64
1
576
1984
64
1
246400
0
64
0
250496
64
64
0
254592
128
64
0
287360
192
64
0
291456
256
64
0
295552
320
64
0
299648
384
64
0
303744
448
64
0
307840
512
64
0
311936
576
64
0
344704
640
64
0
348800
704
64
0
352896
768
64
0
356992
832
64
0
361088
896
64
0
365184
960
64
0
369280
1024
64
0
640
1088
64
1
640
1152
64
1
640
1216
64
1
640
1280
64
1
640
1344
64
1
640
1408
64
1
640
1472
64
1
640
1536
64
1
640
1600
64
1
640
1664
64
1
640
1728
64
1
640
1792
64
1
640
1856
64
1
640
1920
64
1
640
1984
64
1
246464
0
64
0
250560
64
64
0
254656
128
64
0
287424
192
64
0
291520
256
64
0
295616
320
64
0
299712
384
64
0
303808
448
64
0
307904
512
64
0
312000
576
64
0
344768
640
64
0
348864
704
64
0
352960
768
64
0
357056
832
64
0
361152
896
64
0
365248
960
64
0
369344
1024
64
0
704
1088
64
1
704
1152
64
1
704
1216
64
1
704
1280
64
1
704
1344
64
1
704
1408
64
1
704
1472
64
1
704
1536
64
1
704
1600
64
1
704
1664
64
1
704
1728
64
1
704
1792
64
1
704
1856
64
1
704
1920
64
1
704
1984
64
1
246528
0
64
0
250624
64
64
0
254720
128
64
0
287488
192
64
0
291584
256
64
0
295680
320
64
0
299776
384
64
0
303872
448
64
0
307968
512
64
0
312064
576
64
0
344832
640
64
0
348928
704
64
0
353024
768
64
0
357120
832
64
0
361216
896
64
0
365312
960
64
0
369408
1024
64
0
768
1088
64
1
768
1152
64
1
768
1216
64
1
768
1280
64
1
768
1344
64
1
768
1408
64
1
768
1472
64
1
768
1536
64
1
768
1600
64
1
768
1664
64
1
768
1728
64
1
768
1792
64
1
768
1856
64
1
768
1920
64
1
768
1984
64
1
246592
0
64
0
250688
64
64
0
254784
128
64
0
287552
192
64
0
291648
256
64
0
295744
320
64
0
299840
384
64
0
303936
448
64
0
308032
512
64
0
312128
576
64
0
344896
640
64
0
348992
704
64
0
353088
768
64
0
357184
832
64
0
361280
896
64
0
365376
960
64
0
369472
1024
64
0
832
1088
64
1
832
1152
64
1
832
1216
64
1
832
1280
64
1
832
1344
64
1
832
1408
64
1
832
1472
64
1
832
1536
64
1
832
1600
64
1
832
1664
64
1
832
1728
64
1
832
1792
64
1
832
1856
64
1
832
1920
64
1
832
1984
64
1
246656
0
64
0
250752
64
64
0
254848
128
64
0
287616
192
64
0
291712
256
64
0
295808
320
64
0
299904
384
64
0
304000
448
64
0
308096
512
64
0
312192
576
64
0
344960
640
64
0
349056
704
64
0
353152
768
64
0
357248
832
64
0
361344
896
64
0
365440
960
64
0
369536
1024
64
0
896
1088
64
1
896
1152
64
1
896
1216
64
1
896
1280
64
1
896
1344
64
1
896
1408
64
1
896
1472
64
1
896
1536
64
1
896
1600
64
1
896
1664
64
1
896
1728
64
1
896
1792
64
1
896
1856
64
1
896
1920
64
1
896
1984
64
1
246720
0
64
0
250816
64
64
0
254912
128
64
0
287680
192
64
0
291776
256
64
0
295872
320
64
0
299968
384
64
0
304064
448
64
0
308160
512
64
0
312256
576
64
0
345024
640
64
0
349120
704
64
0
353216
768
64
0
357312
832
64
0
361408
896
64
0
365504
960
64
0
369600
1024
64
0
960
1088
64
1
960
1152
64
1
960
1216
64
1
960
1280
64
1
960
1344
64
1
960
1408
64
1
960
1472
64
1
960
1536
64
1
960
1600
64
1
960
1664
64
1
960
1728
64
1
960
1792
64
1
960
1856
64
1
960
1920
64
1
960
1984
64
1
246784
0
64
0
250880
64
64
0
254976
128
64
0
287744
192
64
0
291840
256
64
0
295936
320
64
0
300032
384
64
0
304128
448
64
0
308224
512
64
0
312320
576
64
0
345088
640
64
0
349184
704
64
0
353280
768
64
0
357376
832
64
0
361472
896
64
0
365568
960
64
0
369664
1024
64
0
1024
1088
64
1
1024
1152
64
1
1024
1216
64
1
1024
1280
64
1
1024
1344
64
1
1024
1408
64
1
1024
1472
64
1
1024
1536
64
1
1024
1600
64
1
1024
1664
64
1
1024
1728
64
1
1024
1792
64
1
1024
1856
64
1
1024
1920
64
1
1024
1984
64
1
246848
0
64
0
250944
64
64
0
255040
128
64
0
287808
192
64
0
291904
256
64
0
296000
320
64
0
300096
384
64
0
304192
448
64
0
308288
512
64
0
312384
576
64
0
345152
640
64
0
349248
704
64
0
353344
768
64
0
357440
832
64
0
361536
896
64
0
365632
960
64
0
369728
1024
64
0
1088
1088
64
1
1088
1152
64
1
1088
1216
64
1
1088
1280
64
1
1088
1344
64
1
1088
1408
64
1
1088
1472
64
1
1088
1536
64
1
1088
1600
64
1
1088
1664
64
1
1088
1728
64
1
1088
1792
64
1
1088
1856
64
1
1088
1920
64
1
1088
1984
64
1
246912
0
64
0
251008
64
64
0
255104
128
64
0
287872
192
64
0
291968
256
64
0
296064
320
64
0
300160
384
64
0
304256
448
64
0
308352
512
64
0
312448
576
64
0
345216
640
64
0
349312
704
64
0
353408
768
64
0
357504
832
64
0
361600
896
64
0
365696
960
64
0
369792
1024
64
0
1152
1088
64
1
1152
1152
64
1
1152
1216
64
1
1152
1280
64
1
1152
1344
64
1
1152
1408
64
1
1152
1472
64
1
1152
1536
64
1
1152
1600
64
1
1152
1664
64
1
1152
1728
64
1
1152
1792
64
1
1152
1856
64
1
1152
1920
64
1
1152
1984
64
1
246976
0
64
0
251072
64
64
0
255168
128
64
0
287936
192
64
0
292032
256
64
0
296128
320
64
0
300224
384
64
0
304320
448
64
0
308416
512
64
0
312512
576
64
0
345280
640
64
0
349376
704
64
0
353472
768
64
0
357568
832
64
0
361664
896
64
0
365760
960
64
0
369856
1024
64
0
1216
1088
64
1
1216
1152
64
1
1216
1216
64
1
1216
1280
64
1
1216
1344
64
1
1216
1408
64
1
1216
1472
64
1
1216
1536
64
1
1216
1600
64
1
1216
1664
64
1
1216
1728
64
1
1216
1792
64
1
1216
1856
64
1
1216
1920
64
1
1216
1984
64
1
247040
0
64
0
251136
64
64
0
255232
128
64
0
288000
192
64
0
292096
256
64
0
296192
320
64
0
300288
384
64
0
304384
448
64
0
308480
512
64
0
312576
576
64
0
345344
640
64
0
349440
704
64
0
353536
768
64
0
357632
832
64
0
361728
896
64
0
365824
960
64
0
369920
1024
64
0
1280
1088
64
1
1280
1152
64
1
1280
1216
64
1
1280
1280
64
1
1280
1344
64
1
1280
1408
64
1
1280
1472
64
1
1280
1536
64
1
1280
1600
64
1
1280
1664
64
1
1280
1728
64
1
1280
1792
64
1
1280
1856
64
1
1280
1920
64
1
1280
1984
64
1
247104
0
64
0
251200
64
64
0
255296
128
64
0
288064
192
64
0
292160
256
64
0
296256
320
64
0
300352
384
64
0
304448
448
64
0
308544
512
64
0
312640
576
64
0
345408
640
64
0
349504
704
64
0
353600
768
64
0
357696
832
64
0
361792
896
64
0
365888
960
64
0
369984
1024
64
0
1344
1088
64
1
1344
1152
64
1
1344
1216
64
1
1344
1280
64
1
1344
1344
64
1
1344
1408
64
1
1344
1472
64
1
1344
1536
64
1
1344
1600
64
1
1344
1664
64
1
1344
1728
64
1
1344
1792
64
1
1344
1856
64
1
1344
1920
64
1
1344
1984
64
1
247168
0
64
0
251264
64
64
0
255360
128
64
0
288128
192
64
0
292224
256
64
0
296320
320
64
0
300416
384
64
0
304512
448
64
0
308608
512
64
0
312704
576
64
0
345472
640
64
0
349568
704
64
0
353664
768
64
0
357760
832
64
0
361856
896
64
0
365952
960
64
0
370048
1024
64
0
1408
1088
64
1
1408
1152
64
1
1408
1216
64
1
1408
1280
64
1
1408
1344
64
1
1408
1408
64
1
1408
1472
64
1
1408
1536
64
1
1408
1600
64
1
1408
1664
64
1
1408
1728
64
1
1408
1792
64
1
1408
1856
64
1
1408
1920
64
1
1408
1984
64
1
247232
0
64
0
251328
64
64
0
255424
128
64
0
288192
192
64
0
292288
256
64
0
296384
320
64
0
300480
384
64
0
304576
448
64
0
308672
512
64
0
312768
576
64
0
345536
640
64
0
349632
704
64
0
353728
768
64
0
357824
832
64
0
361920
896
64
0
366016
960
64
0
370112
1024
64
0
1472
1088
64
1
1472
1152
64
1
1472
1216
64
1
1472
1280
64
1
1472
1344
64
1
1472
1408
64
1
1472
1472
64
1
1472
1536
64
1
1472
1600
64
1
1472
1664
64
1
1472
1728
64
1
1472
1792
64
1
1472
1856
64
1
1472
1920
64
1
1472
1984
64
1
247296
0
64
0
251392
64
64
0
255488
128
64
0
288256
192
64
0
292352
256
64
0
296448
320
64
0
300544
384
64
0
304640
448
64
0
308736
512
64
0
312832
576
64
0
345600
640
64
0
349696
704
64
0
353792
768
64
0
357888
832
64
0
361984
896
64
0
366080
960
64
0
370176
1024
64
0
1536
1088
64
1
1536
1152
64
1
1536
1216
64
1
1536
1280
64
1
1536
1344
64
1
1536
1408
64
1
1536
1472
64
1
1536
1536
64
1
1536
1600
64
1
1536
1664
64
1
1536
1728
64
1
1536
1792
64
1
1536
1856
64
1
1536
1920
64
1
1536
1984
64
1
247360
0
64
0
251456
64
64
0
255552
128
64
0
288320
192
64
0
292416
256
64
0
296512
320
64
0
300608
384
64
0
304704
448
64
0
308800
512
64
0
312896
576
64
0
345664
640
64
0
349760
704
64
0
353856
768
64
0
357952
832
64
0
362048
896
64
0
366144
960
64
0
370240
1024
64
0
1600
1088
64
1
1600
1152
64
1
1600
1216
64
1
1600
1280
64
1
1600
1344
64
1
1600
1408
64
1
1600
1472
64
1
1600
1536
64
1
1600
1600
64
1
1600
1664
64
1
1600
1728
64
1
1600
1792
64
1
1600
1856
64
1
1600
1920
64
1
1600
1984
64
1
247424
0
64
0
251520
64
64
0
255616
128
64
0
288384
192
64
0
292480
256
64
0
296576
320
64
0
300672
384
64
0
304768
448
64
0
308864
512
64
0
312960
576
64
0
345728
640
64
0
349824
704
64
0
353920
768
64
0
358016
832
64
0
362112
896
64
0
366208
960
64
0
370304
1024
64
0
1664
1088
64
1
1664
1152
64
1
1664
1216
64
1
1664
1280
64
1
1664
1344
64
1
1664
1408
64
1
1664
1472
64
1
1664
1536
64
1
1664
1600
64
1
1664
1664
64
1
1664
1728
64
1
1664
1792
64
1
1664
1856
64
1
1664
1920
64
1
1664
1984
64
1
247488
0
64
0
251584
64
64
0
255680
128
64
0
288448
192
64
0
292544
256
64
0
296640
320
64
0
300736
384
64
0
304832
448
64
0
308928
512
64
0
313024
576
64
0
345792
640
64
0
349888
704
64
0
353984
768
64
0
358080
832
64
0
362176
896
64
0
366272
960
64
0
370368
1024
64
0
1728
1088
64
1
1728
1152
64
1
1728
1216
64
1
1728
1280
64
1
1728
1344
64
1
1728
1408
64
1
1728
1472
64
1
1728
1536
64
1
1728
1600
64
1
1728
1664
64
1
1728
1728
64
1
1728
1792
64
1
1728
1856
64
1
1728
1920
64
1
1728
1984
64
1
247552
0
64
0
251648
64
64
0
255744
128
64
0
288512
192
64
0
292608
256
64
0
296704
320
64
0
300800
384
64
0
304896
448
64
0
308992
512
64
0
313088
576
64
0
345856
640
64
0
349952
704
64
0
354048
768
64
0
358144
832
64
0
362240
896
64
0
366336
960
64
0
370432
1024
64
0
1792
1088
64
1
1792
1152
64
1
1792
1216
64
1
1792
1280
64
1
1792
1344
64
1
1792
1408
64
1
1792
1472
64
1
1792
1536
64
1
1792
1600
64
1
1792
1664
64
1
1792
1728
64
1
1792
1792
64
1
1792
1856
64
1
1792
1920
64
1
1792
1984
64
1
247616
0
64
0
251712
64
64
0
255808
128
64
0
288576
192
64
0
292672
256
64
0
296768
320
64
0
300864
384
64
0
304960
448
64
0
309056
512
64
0
313152
576
64
0
345920
640
64
0
350016
704
64
0
354112
768
64
0
358208
832
64
0
362304
896
64
0
366400
960
64
0
370496
1024
64
0
1856
1088
64
1
1856
1152
64
1
1856
1216
64
1
1856
1280
64
1
1856
1344
64
1
1856
1408
64
1
1856
1472
64
1
1856
1536
64
1
1856
1600
64
1
1856
1664
64
1
1856
1728
64
1
1856
1792
64
1
1856
1856
64
1
1856
1920
64
1
1856
1984
64
1
247680
0
64
0
251776
64
64
0
255872
128
64
0
288640
192
64
0
292736
256
64
0
296832
320
64
0
300928
384
64
0
305024
448
64
0
309120
512
64
0
313216
576
64
0
345984
640
64
0
350080
704
64
0
354176
768
64
0
358272
832
64
0
362368
896
64
0
366464
960
64
0
370560
1024
64
0
1920
1088
64
1
1920
1152
64
1
1920
1216
64
1
1920
1280
64
1
1920
1344
64
1
1920
1408
64
1
1920
1472
64
1
1920
1536
64
1
1920
1600
64
1
1920
1664
64
1
1920
1728
64
1
1920
1792
64
1
1920
1856
64
1
1920
1920
64
1
1920
1984
64
1
247744
0
64
0
251840
64
64
0
255936
128
64
0
288704
192
64
0
292800
256
64
0
296896
320
64
0
300992
384
64
0
305088
448
64
0
309184
512
64
0
313280
576
64
0
346048
640
64
0
350144
704
64
0
354240
768
64
0
358336
832
64
0
362432
896
64
0
366528
960
64
0
370624
1024
64
0
1984
1088
64
1
1984
1152
64
1
1984
1216
64
1
1984
1280
64
1
1984
1344
64
1
1984
1408
64
1
1984
1472
64
1
1984
1536
64
1
1984
1600
64
1
1984
1664
64
1
1984
1728
64
1
1984
1792
64
1
1984
1856
64
1
1984
1920
64
1
1984
1984
64
1
