0
0
32
0
32
32
32
0
64
64
32
0
96
96
32
0
128
128
32
0
160
160
32
0
192
192
32
0
224
224
32
0
256
256
32
0
288
288
32
0
320
320
32
0
352
352
32
0
384
384
32
0
416
416
32
0
448
448
32
0
480
480
32
0
512
512
32
0
544
544
32
0
576
576
32
0
608
608
32
0
640
640
32
0
672
672
32
0
704
704
32
0
736
736
32
0
768
768
32
0
800
800
32
0
832
832
32
0
864
864
32
0
896
896
32
0
928
928
32
0
960
960
32
0
992
992
32
0
1024
1024
32
0
1056
1056
32
0
1088
1088
32
0
1120
1120
32
0
1152
1152
32
0
1184
1184
32
0
1216
1216
32
0
1248
1248
32
0
1280
1280
32
0
1312
1312
32
0
1344
1344
32
0
1376
1376
32
0
1408
1408
32
0
1440
1440
32
0
1472
1472
32
0
1504
1504
32
0
1536
1536
32
0
1568
1568
32
0
1600
1600
32
0
1632
1632
32
0
1664
1664
32
0
1696
1696
32
0
1728
1728
32
0
1760
1760
32
0
1792
1792
32
0
1824
1824
32
0
1856
1856
32
0
1888
1888
32
0
1920
1920
32
0
1952
1952
32
0
1984
1984
32
0
2016
2016
32
0
2048
2048
32
0
2080
2080
32
0
2112
2112
32
0
2144
2144
32
0
2176
2176
32
0
2208
2208
32
0
2240
2240
32
0
2272
2272
32
0
2304
2304
32
0
2336
2336
32
0
2368
2368
32
0
2400
2400
32
0
2432
2432
32
0
2464
2464
32
0
2496
2496
32
0
2528
2528
32
0
2560
2560
32
0
2592
2592
32
0
2624
2624
32
0
2656
2656
32
0
2688
2688
32
0
2720
2720
32
0
2752
2752
32
0
2784
2784
32
0
2816
2816
32
0
2848
2848
32
0
2880
2880
32
0
2912
2912
32
0
2944
2944
32
0
2976
2976
32
0
3008
3008
32
0
3040
3040
32
0
3072
3072
32
0
3104
3104
32
0
3136
3136
32
0
3168
3168
32
0
3200
3200
32
0
3232
3232
32
0
3264
3264
32
0
3296
3296
32
0
3328
3328
32
0
3360
3360
32
0
3392
3392
32
0
3424
3424
32
0
3456
3456
32
0
3488
3488
32
0
3520
3520
32
0
3552
3552
32
0
3584
3584
32
0
3616
3616
32
0
3648
3648
32
0
3680
3680
32
0
3712
3712
32
0
3744
3744
32
0
3776
3776
32
0
3808
3808
32
0
3840
3840
32
0
3872
3872
32
0
3904
3904
32
0
3936
3936
32
0
3968
3968
32
0
4000
4000
32
0
4032
4032
32
0
4064
4064
32
0
4096
4096
32
0
4128
4128
32
0
4160
4160
32
0
4192
4192
32
0
4224
4224
32
0
4256
4256
32
0
4288
4288
32
0
4320
4320
32
0
4352
4352
32
0
4384
4384
32
0
4416
4416
32
0
4448
4448
32
0
4480
4480
32
0
4512
4512
32
0
4544
4544
32
0
4576
4576
32
0
4608
4608
32
0
4640
4640
32
0
4672
4672
32
0
4704
4704
32
0
4736
4736
32
0
4768
4768
32
0
4800
4800
32
0
4832
4832
32
0
4864
4864
32
0
4896
4896
32
0
4928
4928
32
0
4960
4960
32
0
4992
4992
32
0
5024
5024
32
0
5056
5056
32
0
5088
5088
32
0
5120
5120
32
0
5152
5152
32
0
5184
5184
32
0
5216
5216
32
0
5248
5248
32
0
5280
5280
32
0
5312
5312
32
0
5344
5344
32
0
5376
5376
32
0
5408
5408
32
0
5440
5440
32
0
5472
5472
32
0
5504
5504
32
0
5536
5536
32
0
5568
5568
32
0
5600
5600
32
0
5632
5632
32
0
5664
5664
32
0
5696
5696
32
0
5728
5728
32
0
5760
5760
32
0
5792
5792
32
0
5824
5824
32
0
5856
5856
32
0
5888
5888
32
0
5920
5920
32
0
5952
5952
32
0
5984
5984
32
0
6016
6016
32
0
6048
6048
32
0
6080
6080
32
0
6112
6112
32
0
6144
6144
32
0
6176
6176
32
0
6208
6208
32
0
6240
6240
32
0
6272
6272
32
0
6304
6304
32
0
6336
6336
32
0
6368
6368
32
0
6400
6400
32
0
6432
6432
32
0
6464
6464
32
0
6496
6496
32
0
6528
6528
32
0
6560
6560
32
0
6592
6592
32
0
6624
6624
32
0
6656
6656
32
0
6688
6688
32
0
6720
6720
32
0
6752
6752
32
0
6784
6784
32
0
6816
6816
32
0
6848
6848
32
0
6880
6880
32
0
6912
6912
32
0
6944
6944
32
0
6976
6976
32
0
7008
7008
32
0
7040
7040
32
0
7072
7072
32
0
7104
7104
32
0
7136
7136
32
0
7168
7168
32
0
7200
7200
32
0
7232
7232
32
0
7264
7264
32
0
7296
7296
32
0
7328
7328
32
0
7360
7360
32
0
7392
7392
32
0
7424
7424
32
0
7456
7456
32
0
7488
7488
32
0
7520
7520
32
0
7552
7552
32
0
7584
7584
32
0
7616
7616
32
0
7648
7648
32
0
7680
7680
32
0
7712
7712
32
0
7744
7744
32
0
7776
7776
32
0
7808
7808
32
0
7840
7840
32
0
7872
7872
32
0
7904
7904
32
0
7936
7936
32
0
7968
7968
32
0
8000
8000
32
0
8032
8032
32
0
8064
8064
32
0
8096
8096
32
0
8128
8128
32
0
8160
8160
32
0
8192
8192
32
0
8224
8224
32
0
8256
8256
32
0
8288
8288
32
0
8320
8320
32
0
8352
8352
32
0
8384
8384
32
0
8416
8416
32
0
8448
8448
32
0
8480
8480
32
0
8512
8512
32
0
8544
8544
32
0
8576
8576
32
0
8608
8608
32
0
8640
8640
32
0
8672
8672
32
0
8704
8704
32
0
8736
8736
32
0
8768
8768
32
0
8800
8800
32
0
8832
8832
32
0
8864
8864
32
0
8896
8896
32
0
8928
8928
32
0
8960
8960
32
0
8992
8992
32
0
9024
9024
32
0
9056
9056
32
0
9088
9088
32
0
9120
9120
32
0
9152
9152
32
0
9184
9184
32
0
9216
9216
32
0
9248
9248
32
0
9280
9280
32
0
9312
9312
32
0
9344
9344
32
0
9376
9376
32
0
9408
9408
32
0
9440
9440
32
0
9472
9472
32
0
9504
9504
32
0
9536
9536
32
0
9568
9568
32
0
9600
9600
32
0
9632
9632
32
0
9664
9664
32
0
9696
9696
32
0
9728
9728
32
0
9760
9760
32
0
9792
9792
32
0
9824
9824
32
0
9856
9856
32
0
9888
9888
32
0
9920
9920
32
0
9952
9952
32
0
9984
9984
32
0
10016
10016
32
0
10048
10048
32
0
10080
10080
32
0
10112
10112
32
0
10144
10144
32
0
10176
10176
32
0
10208
10208
32
0
10240
10240
32
0
10272
10272
32
0
10304
10304
32
0
10336
10336
32
0
10368
10368
32
0
10400
10400
32
0
10432
10432
32
0
10464
10464
32
0
10496
10496
32
0
10528
10528
32
0
10560
10560
32
0
10592
10592
32
0
10624
10624
32
0
10656
10656
32
0
10688
10688
32
0
10720
10720
32
0
10752
10752
32
0
10784
10784
32
0
10816
10816
32
0
10848
10848
32
0
10880
10880
32
0
10912
10912
32
0
10944
10944
32
0
10976
10976
32
0
11008
11008
32
0
11040
11040
32
0
11072
11072
32
0
11104
11104
32
0
11136
11136
32
0
11168
11168
32
0
11200
11200
32
0
11232
11232
32
0
11264
11264
32
0
11296
11296
32
0
11328
11328
32
0
11360
11360
32
0
11392
11392
32
0
11424
11424
32
0
11456
11456
32
0
11488
11488
32
0
11520
11520
32
0
11552
11552
32
0
11584
11584
32
0
11616
11616
32
0
11648
11648
32
0
11680
11680
32
0
11712
11712
32
0
11744
11744
32
0
11776
11776
32
0
11808
11808
32
0
11840
11840
32
0
11872
11872
32
0
11904
11904
32
0
11936
11936
32
0
11968
11968
32
0
12000
12000
32
0
12032
12032
32
0
12064
12064
32
0
12096
12096
32
0
12128
12128
32
0
12160
12160
32
0
12192
12192
32
0
12224
12224
32
0
12256
12256
32
0
12288
12288
32
0
12320
12320
32
0
12352
12352
32
0
12384
12384
32
0
12416
12416
32
0
12448
12448
32
0
12480
12480
32
0
12512
12512
32
0
12544
12544
32
0
12576
12576
32
0
12608
12608
32
0
12640
12640
32
0
12672
12672
32
0
12704
12704
32
0
12736
12736
32
0
12768
12768
32
0
12800
12800
32
0
12832
12832
32
0
12864
12864
32
0
12896
12896
32
0
12928
12928
32
0
12960
12960
32
0
12992
12992
32
0
13024
13024
32
0
13056
13056
32
0
13088
13088
32
0
13120
13120
32
0
13152
13152
32
0
13184
13184
32
0
13216
13216
32
0
13248
13248
32
0
13280
13280
32
0
13312
13312
32
0
13344
13344
32
0
13376
13376
32
0
13408
13408
32
0
13440
13440
32
0
13472
13472
32
0
13504
13504
32
0
13536
13536
32
0
13568
13568
32
0
13600
13600
32
0
13632
13632
32
0
13664
13664
32
0
13696
13696
32
0
13728
13728
32
0
13760
13760
32
0
13792
13792
32
0
13824
13824
32
0
13856
13856
32
0
13888
13888
32
0
13920
13920
32
0
13952
13952
32
0
13984
13984
32
0
14016
14016
32
0
14048
14048
32
0
14080
14080
32
0
14112
14112
32
0
14144
14144
32
0
14176
14176
32
0
14208
14208
32
0
14240
14240
32
0
14272
14272
32
0
14304
14304
32
0
14336
14336
32
0
14368
14368
32
0
14400
14400
32
0
14432
14432
32
0
14464
14464
32
0
14496
14496
32
0
14528
14528
32
0
14560
14560
32
0
14592
14592
32
0
14624
14624
32
0
14656
14656
32
0
14688
14688
32
0
14720
14720
32
0
14752
14752
32
0
14784
14784
32
0
14816
14816
32
0
14848
14848
32
0
14880
14880
32
0
14912
14912
32
0
14944
14944
32
0
14976
14976
32
0
15008
15008
32
0
15040
15040
32
0
15072
15072
32
0
15104
15104
32
0
15136
15136
32
0
15168
15168
32
0
15200
15200
32
0
15232
15232
32
0
15264
15264
32
0
15296
15296
32
0
15328
15328
32
0
15360
15360
32
0
15392
15392
32
0
15424
15424
32
0
15456
15456
32
0
15488
15488
32
0
15520
15520
32
0
15552
15552
32
0
15584
15584
32
0
15616
15616
32
0
15648
15648
32
0
15680
15680
32
0
15712
15712
32
0
15744
15744
32
0
15776
15776
32
0
15808
15808
32
0
15840
15840
32
0
15872
15872
32
0
15904
15904
32
0
15936
15936
32
0
15968
15968
32
0
16000
16000
32
0
16032
16032
32
0
16064
16064
32
0
16096
16096
32
0
16128
16128
32
0
16160
16160
32
0
16192
16192
32
0
16224
16224
32
0
16256
16256
32
0
16288
16288
32
0
16320
16320
32
0
16352
16352
32
0
16384
16384
32
0
16416
16416
32
0
16448
16448
32
0
16480
16480
32
0
16512
16512
32
0
16544
16544
32
0
16576
16576
32
0
16608
16608
32
0
16640
16640
32
0
16672
16672
32
0
16704
16704
32
0
16736
16736
32
0
16768
16768
32
0
16800
16800
32
0
16832
16832
32
0
16864
16864
32
0
16896
16896
32
0
16928
16928
32
0
16960
16960
32
0
16992
16992
32
0
17024
17024
32
0
17056
17056
32
0
17088
17088
32
0
17120
17120
32
0
17152
17152
32
0
17184
17184
32
0
17216
17216
32
0
17248
17248
32
0
17280
17280
32
0
17312
17312
32
0
17344
17344
32
0
17376
17376
32
0
17408
17408
32
0
17440
17440
32
0
17472
17472
32
0
17504
17504
32
0
17536
17536
32
0
17568
17568
32
0
17600
17600
32
0
17632
17632
32
0
17664
17664
32
0
17696
17696
32
0
17728
17728
32
0
17760
17760
32
0
17792
17792
32
0
17824
17824
32
0
17856
17856
32
0
17888
17888
32
0
17920
17920
32
0
17952
17952
32
0
17984
17984
32
0
18016
18016
32
0
18048
18048
32
0
18080
18080
32
0
18112
18112
32
0
18144
18144
32
0
18176
18176
32
0
18208
18208
32
0
18240
18240
32
0
18272
18272
32
0
18304
18304
32
0
18336
18336
32
0
18368
18368
32
0
18400
18400
32
0
18432
18432
32
0
18464
18464
32
0
18496
18496
32
0
18528
18528
32
0
18560
18560
32
0
18592
18592
32
0
18624
18624
32
0
18656
18656
32
0
18688
18688
32
0
18720
18720
32
0
18752
18752
32
0
18784
18784
32
0
18816
18816
32
0
18848
18848
32
0
18880
18880
32
0
18912
18912
32
0
18944
18944
32
0
18976
18976
32
0
19008
19008
32
0
19040
19040
32
0
19072
19072
32
0
19104
19104
32
0
19136
19136
32
0
19168
19168
32
0
19200
19200
32
0
19232
19232
32
0
19264
19264
32
0
19296
19296
32
0
19328
19328
32
0
19360
19360
32
0
19392
19392
32
0
19424
19424
32
0
19456
19456
32
0
19488
19488
32
0
19520
19520
32
0
19552
19552
32
0
19584
19584
32
0
19616
19616
32
0
19648
19648
32
0
19680
19680
32
0
19712
19712
32
0
19744
19744
32
0
19776
19776
32
0
19808
19808
32
0
19840
19840
32
0
19872
19872
32
0
19904
19904
32
0
19936
19936
32
0
19968
19968
32
0
20000
20000
32
0
20032
20032
32
0
20064
20064
32
0
20096
20096
32
0
20128
20128
32
0
20160
20160
32
0
20192
20192
32
0
20224
20224
32
0
20256
20256
32
0
20288
20288
32
0
20320
20320
32
0
20352
20352
32
0
20384
20384
32
0
20416
20416
32
0
20448
20448
32
0
20480
20480
32
0
20512
20512
32
0
20544
20544
32
0
20576
20576
32
0
20608
20608
32
0
20640
20640
32
0
20672
20672
32
0
20704
20704
32
0
20736
20736
32
0
20768
20768
32
0
20800
20800
32
0
20832
20832
32
0
20864
20864
32
0
20896
20896
32
0
20928
20928
32
0
20960
20960
32
0
20992
20992
32
0
21024
21024
32
0
21056
21056
32
0
21088
21088
32
0
21120
21120
32
0
21152
21152
32
0
21184
21184
32
0
21216
21216
32
0
21248
21248
32
0
21280
21280
32
0
21312
21312
32
0
21344
21344
32
0
21376
21376
32
0
21408
21408
32
0
21440
21440
32
0
21472
21472
32
0
21504
21504
32
0
21536
21536
32
0
21568
21568
32
0
21600
21600
32
0
21632
21632
32
0
21664
21664
32
0
21696
21696
32
0
21728
21728
32
0
21760
21760
32
0
21792
21792
32
0
21824
21824
32
0
21856
21856
32
0
21888
21888
32
0
21920
21920
32
0
21952
21952
32
0
21984
21984
32
0
22016
22016
32
0
22048
22048
32
0
22080
22080
32
0
22112
22112
32
0
22144
22144
32
0
22176
22176
32
0
22208
22208
32
0
22240
22240
32
0
22272
22272
32
0
22304
22304
32
0
22336
22336
32
0
22368
22368
32
0
22400
22400
32
0
22432
22432
32
0
22464
22464
32
0
22496
22496
32
0
22528
22528
32
0
22560
22560
32
0
22592
22592
32
0
22624
22624
32
0
22656
22656
32
0
22688
22688
32
0
22720
22720
32
0
22752
22752
32
0
22784
22784
32
0
22816
22816
32
0
22848
22848
32
0
22880
22880
32
0
22912
22912
32
0
22944
22944
32
0
22976
22976
32
0
23008
23008
32
0
23040
23040
32
0
23072
23072
32
0
23104
23104
32
0
23136
23136
32
0
23168
23168
32
0
23200
23200
32
0
23232
23232
32
0
23264
23264
32
0
23296
23296
32
0
23328
23328
32
0
23360
23360
32
0
23392
23392
32
0
23424
23424
32
0
23456
23456
32
0
23488
23488
32
0
23520
23520
32
0
23552
23552
32
0
23584
23584
32
0
23616
23616
32
0
23648
23648
32
0
23680
23680
32
0
23712
23712
32
0
23744
23744
32
0
23776
23776
32
0
23808
23808
32
0
23840
23840
32
0
23872
23872
32
0
23904
23904
32
0
23936
23936
32
0
23968
23968
32
0
24000
24000
32
0
24032
24032
32
0
24064
24064
32
0
24096
24096
32
0
24128
24128
32
0
24160
24160
32
0
24192
24192
32
0
24224
24224
32
0
24256
24256
32
0
24288
24288
32
0
24320
24320
32
0
24352
24352
32
0
24384
24384
32
0
24416
24416
32
0
24448
24448
32
0
24480
24480
32
0
24512
24512
32
0
24544
24544
32
0
24576
24576
32
0
24608
24608
32
0
24640
24640
32
0
24672
24672
32
0
24704
24704
32
0
24736
24736
32
0
24768
24768
32
0
24800
24800
32
0
24832
24832
32
0
24864
24864
32
0
24896
24896
32
0
24928
24928
32
0
24960
24960
32
0
24992
24992
32
0
25024
25024
32
0
25056
25056
32
0
25088
25088
32
0
25120
25120
32
0
25152
25152
32
0
25184
25184
32
0
25216
25216
32
0
25248
25248
32
0
25280
25280
32
0
25312
25312
32
0
25344
25344
32
0
25376
25376
32
0
25408
25408
32
0
25440
25440
32
0
25472
25472
32
0
25504
25504
32
0
25536
25536
32
0
25568
25568
32
0
25600
25600
32
0
25632
25632
32
0
25664
25664
32
0
25696
25696
32
0
25728
25728
32
0
25760
25760
32
0
25792
25792
32
0
25824
25824
32
0
25856
25856
32
0
25888
25888
32
0
25920
25920
32
0
25952
25952
32
0
25984
25984
32
0
26016
26016
32
0
26048
26048
32
0
26080
26080
32
0
26112
26112
32
0
26144
26144
32
0
26176
26176
32
0
26208
26208
32
0
26240
26240
32
0
26272
26272
32
0
26304
26304
32
0
26336
26336
32
0
26368
26368
32
0
26400
26400
32
0
26432
26432
32
0
26464
26464
32
0
26496
26496
32
0
26528
26528
32
0
26560
26560
32
0
26592
26592
32
0
26624
26624
32
0
26656
26656
32
0
26688
26688
32
0
26720
26720
32
0
26752
26752
32
0
26784
26784
32
0
26816
26816
32
0
26848
26848
32
0
26880
26880
32
0
26912
26912
32
0
26944
26944
32
0
26976
26976
32
0
27008
27008
32
0
27040
27040
32
0
27072
27072
32
0
27104
27104
32
0
27136
27136
32
0
27168
27168
32
0
27200
27200
32
0
27232
27232
32
0
27264
27264
32
0
27296
27296
32
0
27328
27328
32
0
27360
27360
32
0
27392
27392
32
0
27424
27424
32
0
27456
27456
32
0
27488
27488
32
0
27520
27520
32
0
27552
27552
32
0
27584
27584
32
0
27616
27616
32
0
27648
27648
32
0
27680
27680
32
0
27712
27712
32
0
27744
27744
32
0
27776
27776
32
0
27808
27808
32
0
27840
27840
32
0
27872
27872
32
0
27904
27904
32
0
27936
27936
32
0
27968
27968
32
0
28000
28000
32
0
28032
28032
32
0
28064
28064
32
0
28096
28096
32
0
28128
28128
32
0
28160
28160
32
0
28192
28192
32
0
28224
28224
32
0
28256
28256
32
0
28288
28288
32
0
28320
28320
32
0
28352
28352
32
0
28384
28384
32
0
28416
28416
32
0
28448
28448
32
0
28480
28480
32
0
28512
28512
32
0
28544
28544
32
0
28576
28576
32
0
28608
28608
32
0
28640
28640
32
0
28672
28672
32
0
28704
28704
32
0
28736
28736
32
0
28768
28768
32
0
28800
28800
32
0
28832
28832
32
0
28864
28864
32
0
28896
28896
32
0
28928
28928
32
0
28960
28960
32
0
28992
28992
32
0
29024
29024
32
0
29056
29056
32
0
29088
29088
32
0
29120
29120
32
0
29152
29152
32
0
29184
29184
32
0
29216
29216
32
0
29248
29248
32
0
29280
29280
32
0
29312
29312
32
0
29344
29344
32
0
29376
29376
32
0
29408
29408
32
0
29440
29440
32
0
29472
29472
32
0
29504
29504
32
0
29536
29536
32
0
29568
29568
32
0
29600
29600
32
0
29632
29632
32
0
29664
29664
32
0
29696
29696
32
0
29728
29728
32
0
29760
29760
32
0
29792
29792
32
0
29824
29824
32
0
29856
29856
32
0
29888
29888
32
0
29920
29920
32
0
29952
29952
32
0
29984
29984
32
0
30016
30016
32
0
30048
30048
32
0
30080
30080
32
0
30112
30112
32
0
30144
30144
32
0
30176
30176
32
0
30208
30208
32
0
30240
30240
32
0
30272
30272
32
0
30304
30304
32
0
30336
30336
32
0
30368
30368
32
0
30400
30400
32
0
30432
30432
32
0
30464
30464
32
0
30496
30496
32
0
30528
30528
32
0
30560
30560
32
0
30592
30592
32
0
30624
30624
32
0
30656
30656
32
0
30688
30688
32
0
30720
30720
32
0
30752
30752
32
0
30784
30784
32
0
30816
30816
32
0
30848
30848
32
0
30880
30880
32
0
30912
30912
32
0
30944
30944
32
0
30976
30976
32
0
31008
31008
32
0
31040
31040
32
0
31072
31072
32
0
31104
31104
32
0
31136
31136
32
0
31168
31168
32
0
31200
31200
32
0
31232
31232
32
0
31264
31264
32
0
31296
31296
32
0
31328
31328
32
0
31360
31360
32
0
31392
31392
32
0
31424
31424
32
0
31456
31456
32
0
31488
31488
32
0
31520
31520
32
0
31552
31552
32
0
31584
31584
32
0
31616
31616
32
0
31648
31648
32
0
31680
31680
32
0
31712
31712
32
0
31744
31744
32
0
31776
31776
32
0
31808
31808
32
0
31840
31840
32
0
31872
31872
32
0
31904
31904
32
0
31936
31936
32
0
31968
31968
32
0
32000
32000
32
0
32032
32032
32
0
32064
32064
32
0
32096
32096
32
0
32128
32128
32
0
32160
32160
32
0
32192
32192
32
0
32224
32224
32
0
32256
32256
32
0
32288
32288
32
0
32320
32320
32
0
32352
32352
32
0
32384
32384
32
0
32416
32416
32
0
32448
32448
32
0
32480
32480
32
0
32512
32512
32
0
32544
32544
32
0
32576
32576
32
0
32608
32608
32
0
32640
32640
32
0
32672
32672
32
0
32704
32704
32
0
32736
32736
32
0
32768
32768
32
0
32800
32800
32
0
32832
32832
32
0
32864
32864
32
0
32896
32896
32
0
32928
32928
32
0
32960
32960
32
0
32992
32992
32
0
33024
33024
32
0
33056
33056
32
0
33088
33088
32
0
33120
33120
32
0
33152
33152
32
0
33184
33184
32
0
33216
33216
32
0
33248
33248
32
0
33280
33280
32
0
33312
33312
32
0
33344
33344
32
0
33376
33376
32
0
33408
33408
32
0
33440
33440
32
0
33472
33472
32
0
33504
33504
32
0
33536
33536
32
0
33568
33568
32
0
33600
33600
32
0
33632
33632
32
0
33664
33664
32
0
33696
33696
32
0
33728
33728
32
0
33760
33760
32
0
33792
33792
32
0
33824
33824
32
0
33856
33856
32
0
33888
33888
32
0
33920
33920
32
0
33952
33952
32
0
33984
33984
32
0
34016
34016
32
0
34048
34048
32
0
34080
34080
32
0
34112
34112
32
0
34144
34144
32
0
34176
34176
32
0
34208
34208
32
0
34240
34240
32
0
34272
34272
32
0
34304
34304
32
0
34336
34336
32
0
34368
34368
32
0
34400
34400
32
0
34432
34432
32
0
34464
34464
32
0
34496
34496
32
0
34528
34528
32
0
34560
34560
32
0
34592
34592
32
0
34624
34624
32
0
34656
34656
32
0
34688
34688
32
0
34720
34720
32
0
34752
34752
32
0
34784
34784
32
0
34816
34816
32
0
34848
34848
32
0
34880
34880
32
0
34912
34912
32
0
34944
34944
32
0
34976
34976
32
0
35008
35008
32
0
35040
35040
32
0
35072
35072
32
0
35104
35104
32
0
35136
35136
32
0
35168
35168
32
0
35200
35200
32
0
35232
35232
32
0
35264
35264
32
0
35296
35296
32
0
35328
35328
32
0
35360
35360
32
0
35392
35392
32
0
35424
35424
32
0
35456
35456
32
0
35488
35488
32
0
35520
35520
32
0
35552
35552
32
0
35584
35584
32
0
35616
35616
32
0
35648
35648
32
0
35680
35680
32
0
35712
35712
32
0
35744
35744
32
0
35776
35776
32
0
35808
35808
32
0
35840
35840
32
0
35872
35872
32
0
35904
35904
32
0
35936
35936
32
0
35968
35968
32
0
36000
36000
32
0
36032
36032
32
0
36064
36064
32
0
36096
36096
32
0
36128
36128
32
0
36160
36160
32
0
36192
36192
32
0
36224
36224
32
0
36256
36256
32
0
36288
36288
32
0
36320
36320
32
0
36352
36352
32
0
36384
36384
32
0
36416
36416
32
0
36448
36448
32
0
36480
36480
32
0
36512
36512
32
0
36544
36544
32
0
36576
36576
32
0
36608
36608
32
0
36640
36640
32
0
36672
36672
32
0
36704
36704
32
0
36736
36736
32
0
36768
36768
32
0
36800
36800
32
0
36832
36832
32
0
36864
36864
32
0
36896
36896
32
0
36928
36928
32
0
36960
36960
32
0
36992
36992
32
0
37024
37024
32
0
37056
37056
32
0
37088
37088
32
0
37120
37120
32
0
37152
37152
32
0
37184
37184
32
0
37216
37216
32
0
37248
37248
32
0
37280
37280
32
0
37312
37312
32
0
37344
37344
32
0
37376
37376
32
0
37408
37408
32
0
37440
37440
32
0
37472
37472
32
0
37504
37504
32
0
37536
37536
32
0
37568
37568
32
0
37600
37600
32
0
37632
37632
32
0
37664
37664
32
0
37696
37696
32
0
37728
37728
32
0
37760
37760
32
0
37792
37792
32
0
37824
37824
32
0
37856
37856
32
0
37888
37888
32
0
37920
37920
32
0
37952
37952
32
0
37984
37984
32
0
38016
38016
32
0
38048
38048
32
0
38080
38080
32
0
38112
38112
32
0
38144
38144
32
0
38176
38176
32
0
38208
38208
32
0
38240
38240
32
0
38272
38272
32
0
38304
38304
32
0
38336
38336
32
0
38368
38368
32
0
38400
38400
32
0
38432
38432
32
0
38464
38464
32
0
38496
38496
32
0
38528
38528
32
0
38560
38560
32
0
38592
38592
32
0
38624
38624
32
0
38656
38656
32
0
38688
38688
32
0
38720
38720
32
0
38752
38752
32
0
38784
38784
32
0
38816
38816
32
0
38848
38848
32
0
38880
38880
32
0
38912
38912
32
0
38944
38944
32
0
38976
38976
32
0
39008
39008
32
0
39040
39040
32
0
39072
39072
32
0
39104
39104
32
0
39136
39136
32
0
39168
39168
32
0
39200
39200
32
0
39232
39232
32
0
39264
39264
32
0
39296
39296
32
0
39328
39328
32
0
39360
39360
32
0
39392
39392
32
0
39424
39424
32
0
39456
39456
32
0
39488
39488
32
0
39520
39520
32
0
39552
39552
32
0
39584
39584
32
0
39616
39616
32
0
39648
39648
32
0
39680
39680
32
0
39712
39712
32
0
39744
39744
32
0
39776
39776
32
0
39808
39808
32
0
39840
39840
32
0
39872
39872
32
0
39904
39904
32
0
39936
39936
32
0
39968
39968
32
0
40000
40000
32
0
40032
40032
32
0
40064
40064
32
0
40096
40096
32
0
40128
40128
32
0
40160
40160
32
0
40192
40192
32
0
40224
40224
32
0
40256
40256
32
0
40288
40288
32
0
40320
40320
32
0
40352
40352
32
0
40384
40384
32
0
40416
40416
32
0
40448
40448
32
0
40480
40480
32
0
40512
40512
32
0
40544
40544
32
0
40576
40576
32
0
40608
40608
32
0
40640
40640
32
0
40672
40672
32
0
40704
40704
32
0
40736
40736
32
0
40768
40768
32
0
40800
40800
32
0
40832
40832
32
0
40864
40864
32
0
40896
40896
32
0
40928
40928
32
0
40960
40960
32
0
40992
40992
32
0
41024
41024
32
0
41056
41056
32
0
41088
41088
32
0
41120
41120
32
0
41152
41152
32
0
41184
41184
32
0
41216
41216
32
0
41248
41248
32
0
41280
41280
32
0
41312
41312
32
0
41344
41344
32
0
41376
41376
32
0
41408
41408
32
0
41440
41440
32
0
41472
41472
32
0
41504
41504
32
0
41536
41536
32
0
41568
41568
32
0
41600
41600
32
0
41632
41632
32
0
41664
41664
32
0
41696
41696
32
0
41728
41728
32
0
41760
41760
32
0
41792
41792
32
0
41824
41824
32
0
41856
41856
32
0
41888
41888
32
0
41920
41920
32
0
41952
41952
32
0
41984
41984
32
0
42016
42016
32
0
42048
42048
32
0
42080
42080
32
0
42112
42112
32
0
42144
42144
32
0
42176
42176
32
0
42208
42208
32
0
42240
42240
32
0
42272
42272
32
0
42304
42304
32
0
42336
42336
32
0
42368
42368
32
0
42400
42400
32
0
42432
42432
32
0
42464
42464
32
0
42496
42496
32
0
42528
42528
32
0
42560
42560
32
0
42592
42592
32
0
42624
42624
32
0
42656
42656
32
0
42688
42688
32
0
42720
42720
32
0
42752
42752
32
0
42784
42784
32
0
42816
42816
32
0
42848
42848
32
0
42880
42880
32
0
42912
42912
32
0
42944
42944
32
0
42976
42976
32
0
43008
43008
32
0
43040
43040
32
0
43072
43072
32
0
43104
43104
32
0
43136
43136
32
0
43168
43168
32
0
43200
43200
32
0
43232
43232
32
0
43264
43264
32
0
43296
43296
32
0
43328
43328
32
0
43360
43360
32
0
43392
43392
32
0
43424
43424
32
0
43456
43456
32
0
43488
43488
32
0
43520
43520
32
0
43552
43552
32
0
43584
43584
32
0
43616
43616
32
0
43648
43648
32
0
43680
43680
32
0
43712
43712
32
0
43744
43744
32
0
43776
43776
32
0
43808
43808
32
0
43840
43840
32
0
43872
43872
32
0
43904
43904
32
0
43936
43936
32
0
43968
43968
32
0
44000
44000
32
0
44032
44032
32
0
44064
44064
32
0
44096
44096
32
0
44128
44128
32
0
44160
44160
32
0
44192
44192
32
0
44224
44224
32
0
44256
44256
32
0
44288
44288
32
0
44320
44320
32
0
44352
44352
32
0
44384
44384
32
0
44416
44416
32
0
44448
44448
32
0
44480
44480
32
0
44512
44512
32
0
44544
44544
32
0
44576
44576
32
0
44608
44608
32
0
44640
44640
32
0
44672
44672
32
0
44704
44704
32
0
44736
44736
32
0
44768
44768
32
0
44800
44800
32
0
44832
44832
32
0
44864
44864
32
0
44896
44896
32
0
44928
44928
32
0
44960
44960
32
0
44992
44992
32
0
45024
45024
32
0
45056
45056
32
0
45088
45088
32
0
45120
45120
32
0
45152
45152
32
0
45184
45184
32
0
45216
45216
32
0
45248
45248
32
0
45280
45280
32
0
45312
45312
32
0
45344
45344
32
0
45376
45376
32
0
45408
45408
32
0
45440
45440
32
0
45472
45472
32
0
45504
45504
32
0
45536
45536
32
0
45568
45568
32
0
45600
45600
32
0
45632
45632
32
0
45664
45664
32
0
45696
45696
32
0
45728
45728
32
0
45760
45760
32
0
45792
45792
32
0
45824
45824
32
0
45856
45856
32
0
45888
45888
32
0
45920
45920
32
0
45952
45952
32
0
45984
45984
32
0
46016
46016
32
0
46048
46048
32
0
46080
46080
32
0
46112
46112
32
0
46144
46144
32
0
46176
46176
32
0
46208
46208
32
0
46240
46240
32
0
46272
46272
32
0
46304
46304
32
0
46336
46336
32
0
46368
46368
32
0
46400
46400
32
0
46432
46432
32
0
46464
46464
32
0
46496
46496
32
0
46528
46528
32
0
46560
46560
32
0
46592
46592
32
0
46624
46624
32
0
46656
46656
32
0
46688
46688
32
0
46720
46720
32
0
46752
46752
32
0
46784
46784
32
0
46816
46816
32
0
46848
46848
32
0
46880
46880
32
0
46912
46912
32
0
46944
46944
32
0
46976
46976
32
0
47008
47008
32
0
47040
47040
32
0
47072
47072
32
0
47104
47104
32
0
47136
47136
32
0
47168
47168
32
0
47200
47200
32
0
47232
47232
32
0
47264
47264
32
0
47296
47296
32
0
47328
47328
32
0
47360
47360
32
0
47392
47392
32
0
47424
47424
32
0
47456
47456
32
0
47488
47488
32
0
47520
47520
32
0
47552
47552
32
0
47584
47584
32
0
47616
47616
32
0
47648
47648
32
0
47680
47680
32
0
47712
47712
32
0
47744
47744
32
0
47776
47776
32
0
47808
47808
32
0
47840
47840
32
0
47872
47872
32
0
47904
47904
32
0
47936
47936
32
0
47968
47968
32
0
48000
48000
32
0
48032
48032
32
0
48064
48064
32
0
48096
48096
32
0
48128
48128
32
0
48160
48160
32
0
48192
48192
32
0
48224
48224
32
0
48256
48256
32
0
48288
48288
32
0
48320
48320
32
0
48352
48352
32
0
48384
48384
32
0
48416
48416
32
0
48448
48448
32
0
48480
48480
32
0
48512
48512
32
0
48544
48544
32
0
48576
48576
32
0
48608
48608
32
0
48640
48640
32
0
48672
48672
32
0
48704
48704
32
0
48736
48736
32
0
48768
48768
32
0
48800
48800
32
0
48832
48832
32
0
48864
48864
32
0
48896
48896
32
0
48928
48928
32
0
48960
48960
32
0
48992
48992
32
0
49024
49024
32
0
49056
49056
32
0
49088
49088
32
0
49120
49120
32
0
49152
49152
32
0
49184
49184
32
0
49216
49216
32
0
49248
49248
32
0
49280
49280
32
0
49312
49312
32
0
49344
49344
32
0
49376
49376
32
0
49408
49408
32
0
49440
49440
32
0
49472
49472
32
0
49504
49504
32
0
49536
49536
32
0
49568
49568
32
0
49600
49600
32
0
49632
49632
32
0
49664
49664
32
0
49696
49696
32
0
49728
49728
32
0
49760
49760
32
0
49792
49792
32
0
49824
49824
32
0
49856
49856
32
0
49888
49888
32
0
49920
49920
32
0
49952
49952
32
0
49984
49984
32
0
50016
50016
32
0
50048
50048
32
0
50080
50080
32
0
50112
50112
32
0
50144
50144
32
0
50176
50176
32
0
50208
50208
32
0
50240
50240
32
0
50272
50272
32
0
50304
50304
32
0
50336
50336
32
0
50368
50368
32
0
50400
50400
32
0
50432
50432
32
0
50464
50464
32
0
50496
50496
32
0
50528
50528
32
0
50560
50560
32
0
50592
50592
32
0
50624
50624
32
0
50656
50656
32
0
50688
50688
32
0
50720
50720
32
0
50752
50752
32
0
50784
50784
32
0
50816
50816
32
0
50848
50848
32
0
50880
50880
32
0
50912
50912
32
0
50944
50944
32
0
50976
50976
32
0
51008
51008
32
0
51040
51040
32
0
51072
51072
32
0
51104
51104
32
0
51136
51136
32
0
51168
51168
32
0
51200
51200
32
0
51232
51232
32
0
51264
51264
32
0
51296
51296
32
0
51328
51328
32
0
51360
51360
32
0
51392
51392
32
0
51424
51424
32
0
51456
51456
32
0
51488
51488
32
0
51520
51520
32
0
51552
51552
32
0
51584
51584
32
0
51616
51616
32
0
51648
51648
32
0
51680
51680
32
0
51712
51712
32
0
51744
51744
32
0
51776
51776
32
0
51808
51808
32
0
51840
51840
32
0
51872
51872
32
0
51904
51904
32
0
51936
51936
32
0
51968
51968
32
0
52000
52000
32
0
52032
52032
32
0
52064
52064
32
0
52096
52096
32
0
52128
52128
32
0
52160
52160
32
0
52192
52192
32
0
52224
52224
32
0
52256
52256
32
0
52288
52288
32
0
52320
52320
32
0
52352
52352
32
0
52384
52384
32
0
52416
52416
32
0
52448
52448
32
0
52480
52480
32
0
52512
52512
32
0
52544
52544
32
0
52576
52576
32
0
52608
52608
32
0
52640
52640
32
0
52672
52672
32
0
52704
52704
32
0
52736
52736
32
0
52768
52768
32
0
52800
52800
32
0
52832
52832
32
0
52864
52864
32
0
52896
52896
32
0
52928
52928
32
0
52960
52960
32
0
52992
52992
32
0
53024
53024
32
0
53056
53056
32
0
53088
53088
32
0
53120
53120
32
0
53152
53152
32
0
53184
53184
32
0
53216
53216
32
0
53248
53248
32
0
53280
53280
32
0
53312
53312
32
0
53344
53344
32
0
53376
53376
32
0
53408
53408
32
0
53440
53440
32
0
53472
53472
32
0
53504
53504
32
0
53536
53536
32
0
53568
53568
32
0
53600
53600
32
0
53632
53632
32
0
53664
53664
32
0
53696
53696
32
0
53728
53728
32
0
53760
53760
32
0
53792
53792
32
0
53824
53824
32
0
53856
53856
32
0
53888
53888
32
0
53920
53920
32
0
53952
53952
32
0
53984
53984
32
0
54016
54016
32
0
54048
54048
32
0
54080
54080
32
0
54112
54112
32
0
54144
54144
32
0
54176
54176
32
0
54208
54208
32
0
54240
54240
32
0
54272
54272
32
0
54304
54304
32
0
54336
54336
32
0
54368
54368
32
0
54400
54400
32
0
54432
54432
32
0
54464
54464
32
0
54496
54496
32
0
54528
54528
32
0
54560
54560
32
0
54592
54592
32
0
54624
54624
32
0
54656
54656
32
0
54688
54688
32
0
54720
54720
32
0
54752
54752
32
0
54784
54784
32
0
54816
54816
32
0
54848
54848
32
0
54880
54880
32
0
54912
54912
32
0
54944
54944
32
0
54976
54976
32
0
55008
55008
32
0
55040
55040
32
0
55072
55072
32
0
55104
55104
32
0
55136
55136
32
0
55168
55168
32
0
55200
55200
32
0
55232
55232
32
0
55264
55264
32
0
55296
55296
32
0
55328
55328
32
0
55360
55360
32
0
55392
55392
32
0
55424
55424
32
0
55456
55456
32
0
55488
55488
32
0
55520
55520
32
0
55552
55552
32
0
55584
55584
32
0
55616
55616
32
0
55648
55648
32
0
55680
55680
32
0
55712
55712
32
0
55744
55744
32
0
55776
55776
32
0
55808
55808
32
0
55840
55840
32
0
55872
55872
32
0
55904
55904
32
0
55936
55936
32
0
55968
55968
32
0
56000
56000
32
0
56032
56032
32
0
56064
56064
32
0
56096
56096
32
0
56128
56128
32
0
56160
56160
32
0
56192
56192
32
0
56224
56224
32
0
56256
56256
32
0
56288
56288
32
0
56320
56320
32
0
56352
56352
32
0
56384
56384
32
0
56416
56416
32
0
56448
56448
32
0
56480
56480
32
0
56512
56512
32
0
56544
56544
32
0
56576
56576
32
0
56608
56608
32
0
56640
56640
32
0
56672
56672
32
0
56704
56704
32
0
56736
56736
32
0
56768
56768
32
0
56800
56800
32
0
56832
56832
32
0
56864
56864
32
0
56896
56896
32
0
56928
56928
32
0
56960
56960
32
0
56992
56992
32
0
57024
57024
32
0
57056
57056
32
0
57088
57088
32
0
57120
57120
32
0
57152
57152
32
0
57184
57184
32
0
57216
57216
32
0
57248
57248
32
0
57280
57280
32
0
57312
57312
32
0
57344
57344
32
0
57376
57376
32
0
57408
57408
32
0
57440
57440
32
0
57472
57472
32
0
57504
57504
32
0
57536
57536
32
0
57568
57568
32
0
57600
57600
32
0
57632
57632
32
0
57664
57664
32
0
57696
57696
32
0
57728
57728
32
0
57760
57760
32
0
57792
57792
32
0
57824
57824
32
0
57856
57856
32
0
57888
57888
32
0
57920
57920
32
0
57952
57952
32
0
57984
57984
32
0
58016
58016
32
0
58048
58048
32
0
58080
58080
32
0
58112
58112
32
0
58144
58144
32
0
58176
58176
32
0
58208
58208
32
0
58240
58240
32
0
58272
58272
32
0
58304
58304
32
0
58336
58336
32
0
58368
58368
32
0
58400
58400
32
0
58432
58432
32
0
58464
58464
32
0
58496
58496
32
0
58528
58528
32
0
58560
58560
32
0
58592
58592
32
0
58624
58624
32
0
58656
58656
32
0
58688
58688
32
0
58720
58720
32
0
58752
58752
32
0
58784
58784
32
0
58816
58816
32
0
58848
58848
32
0
58880
58880
32
0
58912
58912
32
0
58944
58944
32
0
58976
58976
32
0
59008
59008
32
0
59040
59040
32
0
59072
59072
32
0
59104
59104
32
0
59136
59136
32
0
59168
59168
32
0
59200
59200
32
0
59232
59232
32
0
59264
59264
32
0
59296
59296
32
0
59328
59328
32
0
59360
59360
32
0
59392
59392
32
0
59424
59424
32
0
59456
59456
32
0
59488
59488
32
0
59520
59520
32
0
59552
59552
32
0
59584
59584
32
0
59616
59616
32
0
59648
59648
32
0
59680
59680
32
0
59712
59712
32
0
59744
59744
32
0
59776
59776
32
0
59808
59808
32
0
59840
59840
32
0
59872
59872
32
0
59904
59904
32
0
59936
59936
32
0
59968
59968
32
0
60000
60000
32
0
60032
60032
32
0
60064
60064
32
0
60096
60096
32
0
60128
60128
32
0
60160
60160
32
0
60192
60192
32
0
60224
60224
32
0
60256
60256
32
0
60288
60288
32
0
60320
60320
32
0
60352
60352
32
0
60384
60384
32
0
60416
60416
32
0
60448
60448
32
0
60480
60480
32
0
60512
60512
32
0
60544
60544
32
0
60576
60576
32
0
60608
60608
32
0
60640
60640
32
0
60672
60672
32
0
60704
60704
32
0
60736
60736
32
0
60768
60768
32
0
60800
60800
32
0
60832
60832
32
0
60864
60864
32
0
60896
60896
32
0
60928
60928
32
0
60960
60960
32
0
60992
60992
32
0
61024
61024
32
0
61056
61056
32
0
61088
61088
32
0
61120
61120
32
0
61152
61152
32
0
61184
61184
32
0
61216
61216
32
0
61248
61248
32
0
61280
61280
32
0
61312
61312
32
0
61344
61344
32
0
61376
61376
32
0
61408
61408
32
0
61440
61440
32
0
61472
61472
32
0
61504
61504
32
0
61536
61536
32
0
61568
61568
32
0
61600
61600
32
0
61632
61632
32
0
61664
61664
32
0
61696
61696
32
0
61728
61728
32
0
61760
61760
32
0
61792
61792
32
0
61824
61824
32
0
61856
61856
32
0
61888
61888
32
0
61920
61920
32
0
61952
61952
32
0
61984
61984
32
0
62016
62016
32
0
62048
62048
32
0
62080
62080
32
0
62112
62112
32
0
62144
62144
32
0
62176
62176
32
0
62208
62208
32
0
62240
62240
32
0
62272
62272
32
0
62304
62304
32
0
62336
62336
32
0
62368
62368
32
0
62400
62400
32
0
62432
62432
32
0
62464
62464
32
0
62496
62496
32
0
62528
62528
32
0
62560
62560
32
0
62592
62592
32
0
62624
62624
32
0
62656
62656
32
0
62688
62688
32
0
62720
62720
32
0
62752
62752
32
0
62784
62784
32
0
62816
62816
32
0
62848
62848
32
0
62880
62880
32
0
62912
62912
32
0
62944
62944
32
0
62976
62976
32
0
63008
63008
32
0
63040
63040
32
0
63072
63072
32
0
63104
63104
32
0
63136
63136
32
0
63168
63168
32
0
63200
63200
32
0
63232
63232
32
0
63264
63264
32
0
63296
63296
32
0
63328
63328
32
0
63360
63360
32
0
63392
63392
32
0
63424
63424
32
0
63456
63456
32
0
63488
63488
32
0
63520
63520
32
0
63552
63552
32
0
63584
63584
32
0
63616
63616
32
0
63648
63648
32
0
63680
63680
32
0
63712
63712
32
0
63744
63744
32
0
63776
63776
32
0
63808
63808
32
0
63840
63840
32
0
63872
63872
32
0
63904
63904
32
0
63936
63936
32
0
63968
63968
32
0
64000
64000
32
0
64032
64032
32
0
64064
64064
32
0
64096
64096
32
0
64128
64128
32
0
64160
64160
32
0
64192
64192
32
0
64224
64224
32
0
64256
64256
32
0
64288
64288
32
0
64320
64320
32
0
64352
64352
32
0
64384
64384
32
0
64416
64416
32
0
64448
64448
32
0
64480
64480
32
0
64512
64512
32
0
64544
64544
32
0
64576
64576
32
0
64608
64608
32
0
64640
64640
32
0
64672
64672
32
0
64704
64704
32
0
64736
64736
32
0
64768
64768
32
0
64800
64800
32
0
64832
64832
32
0
64864
64864
32
0
64896
64896
32
0
64928
64928
32
0
64960
64960
32
0
64992
64992
32
0
65024
65024
32
0
65056
65056
32
0
65088
65088
32
0
65120
65120
32
0
65152
65152
32
0
65184
65184
32
0
65216
65216
32
0
65248
65248
32
0
65280
65280
32
0
65312
65312
32
0
65344
65344
32
0
65376
65376
32
0
65408
65408
32
0
65440
65440
32
0
65472
65472
32
0
65504
65504
32
0
65536
65536
32
0
65568
65568
32
0
65600
65600
32
0
65632
65632
32
0
65664
65664
32
0
65696
65696
32
0
65728
65728
32
0
65760
65760
32
0
65792
65792
32
0
65824
65824
32
0
65856
65856
32
0
65888
65888
32
0
65920
65920
32
0
65952
65952
32
0
65984
65984
32
0
66016
66016
32
0
66048
66048
32
0
66080
66080
32
0
66112
66112
32
0
66144
66144
32
0
66176
66176
32
0
66208
66208
32
0
66240
66240
32
0
66272
66272
32
0
66304
66304
32
0
66336
66336
32
0
66368
66368
32
0
66400
66400
32
0
66432
66432
32
0
66464
66464
32
0
66496
66496
32
0
66528
66528
32
0
66560
66560
32
0
66592
66592
32
0
66624
66624
32
0
66656
66656
32
0
66688
66688
32
0
66720
66720
32
0
66752
66752
32
0
66784
66784
32
0
66816
66816
32
0
66848
66848
32
0
66880
66880
32
0
66912
66912
32
0
66944
66944
32
0
66976
66976
32
0
67008
67008
32
0
67040
67040
32
0
67072
67072
32
0
67104
67104
32
0
67136
67136
32
0
67168
67168
32
0
67200
67200
32
0
67232
67232
32
0
67264
67264
32
0
67296
67296
32
0
67328
67328
32
0
67360
67360
32
0
67392
67392
32
0
67424
67424
32
0
67456
67456
32
0
67488
67488
32
0
67520
67520
32
0
67552
67552
32
0
67584
67584
32
0
67616
67616
32
0
67648
67648
32
0
67680
67680
32
0
67712
67712
32
0
67744
67744
32
0
67776
67776
32
0
67808
67808
32
0
67840
67840
32
0
67872
67872
32
0
67904
67904
32
0
67936
67936
32
0
67968
67968
32
0
68000
68000
32
0
68032
68032
32
0
68064
68064
32
0
68096
68096
32
0
68128
68128
32
0
68160
68160
32
0
68192
68192
32
0
68224
68224
32
0
68256
68256
32
0
68288
68288
32
0
68320
68320
32
0
68352
68352
32
0
68384
68384
32
0
68416
68416
32
0
68448
68448
32
0
68480
68480
32
0
68512
68512
32
0
68544
68544
32
0
68576
68576
32
0
68608
68608
32
0
68640
68640
32
0
68672
68672
32
0
68704
68704
32
0
68736
68736
32
0
68768
68768
32
0
68800
68800
32
0
68832
68832
32
0
68864
68864
32
0
68896
68896
32
0
68928
68928
32
0
68960
68960
32
0
68992
68992
32
0
69024
69024
32
0
69056
69056
32
0
69088
69088
32
0
69120
69120
32
0
69152
69152
32
0
69184
69184
32
0
69216
69216
32
0
69248
69248
32
0
69280
69280
32
0
69312
69312
32
0
69344
69344
32
0
69376
69376
32
0
69408
69408
32
0
69440
69440
32
0
69472
69472
32
0
69504
69504
32
0
69536
69536
32
0
69568
69568
32
0
69600
69600
32
0
69632
69632
32
0
69664
69664
32
0
69696
69696
32
0
69728
69728
32
0
69760
69760
32
0
69792
69792
32
0
69824
69824
32
0
69856
69856
32
0
69888
69888
32
0
69920
69920
32
0
69952
69952
32
0
69984
69984
32
0
70016
70016
32
0
70048
70048
32
0
70080
70080
32
0
70112
70112
32
0
70144
70144
32
0
70176
70176
32
0
70208
70208
32
0
70240
70240
32
0
70272
70272
32
0
70304
70304
32
0
70336
70336
32
0
70368
70368
32
0
70400
70400
32
0
70432
70432
32
0
70464
70464
32
0
70496
70496
32
0
70528
70528
32
0
70560
70560
32
0
70592
70592
32
0
70624
70624
32
0
70656
70656
32
0
70688
70688
32
0
70720
70720
32
0
70752
70752
32
0
70784
70784
32
0
70816
70816
32
0
70848
70848
32
0
70880
70880
32
0
70912
70912
32
0
70944
70944
32
0
70976
70976
32
0
71008
71008
32
0
71040
71040
32
0
71072
71072
32
0
71104
71104
32
0
71136
71136
32
0
71168
71168
32
0
71200
71200
32
0
71232
71232
32
0
71264
71264
32
0
71296
71296
32
0
71328
71328
32
0
71360
71360
32
0
71392
71392
32
0
71424
71424
32
0
71456
71456
32
0
71488
71488
32
0
71520
71520
32
0
71552
71552
32
0
71584
71584
32
0
71616
71616
32
0
71648
71648
32
0
71680
71680
32
0
71712
71712
32
0
71744
71744
32
0
71776
71776
32
0
71808
71808
32
0
71840
71840
32
0
71872
71872
32
0
71904
71904
32
0
71936
71936
32
0
71968
71968
32
0
72000
72000
32
0
72032
72032
32
0
72064
72064
32
0
72096
72096
32
0
72128
72128
32
0
72160
72160
32
0
72192
72192
32
0
72224
72224
32
0
72256
72256
32
0
72288
72288
32
0
72320
72320
32
0
72352
72352
32
0
72384
72384
32
0
72416
72416
32
0
72448
72448
32
0
72480
72480
32
0
72512
72512
32
0
72544
72544
32
0
72576
72576
32
0
72608
72608
32
0
72640
72640
32
0
72672
72672
32
0
72704
72704
32
0
72736
72736
32
0
72768
72768
32
0
72800
72800
32
0
72832
72832
32
0
72864
72864
32
0
72896
72896
32
0
72928
72928
32
0
72960
72960
32
0
72992
72992
32
0
73024
73024
32
0
73056
73056
32
0
73088
73088
32
0
73120
73120
32
0
73152
73152
32
0
73184
73184
32
0
73216
73216
32
0
73248
73248
32
0
73280
73280
32
0
73312
73312
32
0
73344
73344
32
0
73376
73376
32
0
73408
73408
32
0
73440
73440
32
0
73472
73472
32
0
73504
73504
32
0
73536
73536
32
0
73568
73568
32
0
73600
73600
32
0
73632
73632
32
0
73664
73664
32
0
73696
73696
32
0
73728
73728
32
0
73760
73760
32
0
73792
73792
32
0
73824
73824
32
0
73856
73856
32
0
73888
73888
32
0
73920
73920
32
0
73952
73952
32
0
73984
73984
32
0
74016
74016
32
0
74048
74048
32
0
74080
74080
32
0
74112
74112
32
0
74144
74144
32
0
74176
74176
32
0
74208
74208
32
0
74240
74240
32
0
74272
74272
32
0
74304
74304
32
0
74336
74336
32
0
74368
74368
32
0
74400
74400
32
0
74432
74432
32
0
74464
74464
32
0
74496
74496
32
0
74528
74528
32
0
74560
74560
32
0
74592
74592
32
0
74624
74624
32
0
74656
74656
32
0
74688
74688
32
0
74720
74720
32
0
74752
74752
32
0
74784
74784
32
0
74816
74816
32
0
74848
74848
32
0
74880
74880
32
0
74912
74912
32
0
74944
74944
32
0
74976
74976
32
0
75008
75008
32
0
75040
75040
32
0
75072
75072
32
0
75104
75104
32
0
75136
75136
32
0
75168
75168
32
0
75200
75200
32
0
75232
75232
32
0
75264
75264
32
0
75296
75296
32
0
75328
75328
32
0
75360
75360
32
0
75392
75392
32
0
75424
75424
32
0
75456
75456
32
0
75488
75488
32
0
75520
75520
32
0
75552
75552
32
0
75584
75584
32
0
75616
75616
32
0
75648
75648
32
0
75680
75680
32
0
75712
75712
32
0
75744
75744
32
0
75776
75776
32
0
75808
75808
32
0
75840
75840
32
0
75872
75872
32
0
75904
75904
32
0
75936
75936
32
0
75968
75968
32
0
76000
76000
32
0
76032
76032
32
0
76064
76064
32
0
76096
76096
32
0
76128
76128
32
0
76160
76160
32
0
76192
76192
32
0
76224
76224
32
0
76256
76256
32
0
76288
76288
32
0
76320
76320
32
0
76352
76352
32
0
76384
76384
32
0
76416
76416
32
0
76448
76448
32
0
76480
76480
32
0
76512
76512
32
0
76544
76544
32
0
76576
76576
32
0
76608
76608
32
0
76640
76640
32
0
76672
76672
32
0
76704
76704
32
0
76736
76736
32
0
76768
76768
32
0
76800
76800
32
0
76832
76832
32
0
76864
76864
32
0
76896
76896
32
0
76928
76928
32
0
76960
76960
32
0
76992
76992
32
0
77024
77024
32
0
77056
77056
32
0
77088
77088
32
0
77120
77120
32
0
77152
77152
32
0
77184
77184
32
0
77216
77216
32
0
77248
77248
32
0
77280
77280
32
0
77312
77312
32
0
77344
77344
32
0
77376
77376
32
0
77408
77408
32
0
77440
77440
32
0
77472
77472
32
0
77504
77504
32
0
77536
77536
32
0
77568
77568
32
0
77600
77600
32
0
77632
77632
32
0
77664
77664
32
0
77696
77696
32
0
77728
77728
32
0
77760
77760
32
0
77792
77792
32
0
77824
77824
32
0
77856
77856
32
0
77888
77888
32
0
77920
77920
32
0
77952
77952
32
0
77984
77984
32
0
78016
78016
32
0
78048
78048
32
0
78080
78080
32
0
78112
78112
32
0
78144
78144
32
0
78176
78176
32
0
78208
78208
32
0
78240
78240
32
0
78272
78272
32
0
78304
78304
32
0
78336
78336
32
0
78368
78368
32
0
78400
78400
32
0
78432
78432
32
0
78464
78464
32
0
78496
78496
32
0
78528
78528
32
0
78560
78560
32
0
78592
78592
32
0
78624
78624
32
0
78656
78656
32
0
78688
78688
32
0
78720
78720
32
0
78752
78752
32
0
78784
78784
32
0
78816
78816
32
0
78848
78848
32
0
78880
78880
32
0
78912
78912
32
0
78944
78944
32
0
78976
78976
32
0
79008
79008
32
0
79040
79040
32
0
79072
79072
32
0
79104
79104
32
0
79136
79136
32
0
79168
79168
32
0
79200
79200
32
0
79232
79232
32
0
79264
79264
32
0
79296
79296
32
0
79328
79328
32
0
79360
79360
32
0
79392
79392
32
0
79424
79424
32
0
79456
79456
32
0
79488
79488
32
0
79520
79520
32
0
79552
79552
32
0
79584
79584
32
0
79616
79616
32
0
79648
79648
32
0
79680
79680
32
0
79712
79712
32
0
79744
79744
32
0
79776
79776
32
0
79808
79808
32
0
79840
79840
32
0
79872
79872
32
0
79904
79904
32
0
79936
79936
32
0
79968
79968
32
0
80000
80000
32
0
80032
80032
32
0
80064
80064
32
0
80096
80096
32
0
80128
80128
32
0
80160
80160
32
0
80192
80192
32
0
80224
80224
32
0
80256
80256
32
0
80288
80288
32
0
80320
80320
32
0
80352
80352
32
0
80384
80384
32
0
80416
80416
32
0
80448
80448
32
0
80480
80480
32
0
80512
80512
32
0
80544
80544
32
0
80576
80576
32
0
80608
80608
32
0
80640
80640
32
0
80672
80672
32
0
80704
80704
32
0
80736
80736
32
0
80768
80768
32
0
80800
80800
32
0
80832
80832
32
0
80864
80864
32
0
80896
80896
32
0
80928
80928
32
0
80960
80960
32
0
80992
80992
32
0
81024
81024
32
0
81056
81056
32
0
81088
81088
32
0
81120
81120
32
0
81152
81152
32
0
81184
81184
32
0
81216
81216
32
0
81248
81248
32
0
81280
81280
32
0
81312
81312
32
0
81344
81344
32
0
81376
81376
32
0
81408
81408
32
0
81440
81440
32
0
81472
81472
32
0
81504
81504
32
0
81536
81536
32
0
81568
81568
32
0
81600
81600
32
0
81632
81632
32
0
81664
81664
32
0
81696
81696
32
0
81728
81728
32
0
81760
81760
32
0
81792
81792
32
0
81824
81824
32
0
81856
81856
32
0
81888
81888
32
0
81920
81920
32
0
81952
81952
32
0
81984
81984
32
0
82016
82016
32
0
82048
82048
32
0
82080
82080
32
0
82112
82112
32
0
82144
82144
32
0
82176
82176
32
0
82208
82208
32
0
82240
82240
32
0
82272
82272
32
0
82304
82304
32
0
82336
82336
32
0
82368
82368
32
0
82400
82400
32
0
82432
82432
32
0
82464
82464
32
0
82496
82496
32
0
82528
82528
32
0
82560
82560
32
0
82592
82592
32
0
82624
82624
32
0
82656
82656
32
0
82688
82688
32
0
82720
82720
32
0
82752
82752
32
0
82784
82784
32
0
82816
82816
32
0
82848
82848
32
0
82880
82880
32
0
82912
82912
32
0
82944
82944
32
0
82976
82976
32
0
83008
83008
32
0
83040
83040
32
0
83072
83072
32
0
83104
83104
32
0
83136
83136
32
0
83168
83168
32
0
83200
83200
32
0
83232
83232
32
0
83264
83264
32
0
83296
83296
32
0
83328
83328
32
0
83360
83360
32
0
83392
83392
32
0
83424
83424
32
0
83456
83456
32
0
83488
83488
32
0
83520
83520
32
0
83552
83552
32
0
83584
83584
32
0
83616
83616
32
0
83648
83648
32
0
83680
83680
32
0
83712
83712
32
0
83744
83744
32
0
83776
83776
32
0
83808
83808
32
0
83840
83840
32
0
83872
83872
32
0
83904
83904
32
0
83936
83936
32
0
83968
83968
32
0
84000
84000
32
0
84032
84032
32
0
84064
84064
32
0
84096
84096
32
0
84128
84128
32
0
84160
84160
32
0
84192
84192
32
0
84224
84224
32
0
84256
84256
32
0
84288
84288
32
0
84320
84320
32
0
84352
84352
32
0
84384
84384
32
0
84416
84416
32
0
84448
84448
32
0
84480
84480
32
0
84512
84512
32
0
84544
84544
32
0
84576
84576
32
0
84608
84608
32
0
84640
84640
32
0
84672
84672
32
0
84704
84704
32
0
84736
84736
32
0
84768
84768
32
0
84800
84800
32
0
84832
84832
32
0
84864
84864
32
0
84896
84896
32
0
84928
84928
32
0
84960
84960
32
0
84992
84992
32
0
85024
85024
32
0
85056
85056
32
0
85088
85088
32
0
85120
85120
32
0
85152
85152
32
0
85184
85184
32
0
85216
85216
32
0
85248
85248
32
0
85280
85280
32
0
85312
85312
32
0
85344
85344
32
0
85376
85376
32
0
85408
85408
32
0
85440
85440
32
0
85472
85472
32
0
85504
85504
32
0
85536
85536
32
0
85568
85568
32
0
85600
85600
32
0
85632
85632
32
0
85664
85664
32
0
85696
85696
32
0
85728
85728
32
0
85760
85760
32
0
85792
85792
32
0
85824
85824
32
0
85856
85856
32
0
85888
85888
32
0
85920
85920
32
0
85952
85952
32
0
85984
85984
32
0
86016
86016
32
0
86048
86048
32
0
86080
86080
32
0
86112
86112
32
0
86144
86144
32
0
86176
86176
32
0
86208
86208
32
0
86240
86240
32
0
86272
86272
32
0
86304
86304
32
0
86336
86336
32
0
86368
86368
32
0
86400
86400
32
0
86432
86432
32
0
86464
86464
32
0
86496
86496
32
0
86528
86528
32
0
86560
86560
32
0
86592
86592
32
0
86624
86624
32
0
86656
86656
32
0
86688
86688
32
0
86720
86720
32
0
86752
86752
32
0
86784
86784
32
0
86816
86816
32
0
86848
86848
32
0
86880
86880
32
0
86912
86912
32
0
86944
86944
32
0
86976
86976
32
0
87008
87008
32
0
87040
87040
32
0
87072
87072
32
0
87104
87104
32
0
87136
87136
32
0
87168
87168
32
0
87200
87200
32
0
87232
87232
32
0
87264
87264
32
0
87296
87296
32
0
87328
87328
32
0
87360
87360
32
0
87392
87392
32
0
87424
87424
32
0
87456
87456
32
0
87488
87488
32
0
87520
87520
32
0
87552
87552
32
0
87584
87584
32
0
87616
87616
32
0
87648
87648
32
0
87680
87680
32
0
87712
87712
32
0
87744
87744
32
0
87776
87776
32
0
87808
87808
32
0
87840
87840
32
0
87872
87872
32
0
87904
87904
32
0
87936
87936
32
0
87968
87968
32
0
88000
88000
32
0
88032
88032
32
0
88064
88064
32
0
88096
88096
32
0
88128
88128
32
0
88160
88160
32
0
88192
88192
32
0
88224
88224
32
0
88256
88256
32
0
88288
88288
32
0
88320
88320
32
0
88352
88352
32
0
88384
88384
32
0
88416
88416
32
0
88448
88448
32
0
88480
88480
32
0
88512
88512
32
0
88544
88544
32
0
88576
88576
32
0
88608
88608
32
0
88640
88640
32
0
88672
88672
32
0
88704
88704
32
0
88736
88736
32
0
88768
88768
32
0
88800
88800
32
0
88832
88832
32
0
88864
88864
32
0
88896
88896
32
0
88928
88928
32
0
88960
88960
32
0
88992
88992
32
0
89024
89024
32
0
89056
89056
32
0
89088
89088
32
0
89120
89120
32
0
89152
89152
32
0
89184
89184
32
0
89216
89216
32
0
89248
89248
32
0
89280
89280
32
0
89312
89312
32
0
89344
89344
32
0
89376
89376
32
0
89408
89408
32
0
89440
89440
32
0
89472
89472
32
0
89504
89504
32
0
89536
89536
32
0
89568
89568
32
0
89600
89600
32
0
89632
89632
32
0
89664
89664
32
0
89696
89696
32
0
89728
89728
32
0
89760
89760
32
0
89792
89792
32
0
89824
89824
32
0
89856
89856
32
0
89888
89888
32
0
89920
89920
32
0
89952
89952
32
0
89984
89984
32
0
90016
90016
32
0
90048
90048
32
0
90080
90080
32
0
90112
90112
32
0
90144
90144
32
0
90176
90176
32
0
90208
90208
32
0
90240
90240
32
0
90272
90272
32
0
90304
90304
32
0
90336
90336
32
0
90368
90368
32
0
90400
90400
32
0
90432
90432
32
0
90464
90464
32
0
90496
90496
32
0
90528
90528
32
0
90560
90560
32
0
90592
90592
32
0
90624
90624
32
0
90656
90656
32
0
90688
90688
32
0
90720
90720
32
0
90752
90752
32
0
90784
90784
32
0
90816
90816
32
0
90848
90848
32
0
90880
90880
32
0
90912
90912
32
0
90944
90944
32
0
90976
90976
32
0
91008
91008
32
0
91040
91040
32
0
91072
91072
32
0
91104
91104
32
0
91136
91136
32
0
91168
91168
32
0
91200
91200
32
0
91232
91232
32
0
91264
91264
32
0
91296
91296
32
0
91328
91328
32
0
91360
91360
32
0
91392
91392
32
0
91424
91424
32
0
91456
91456
32
0
91488
91488
32
0
91520
91520
32
0
91552
91552
32
0
91584
91584
32
0
91616
91616
32
0
91648
91648
32
0
91680
91680
32
0
91712
91712
32
0
91744
91744
32
0
91776
91776
32
0
91808
91808
32
0
91840
91840
32
0
91872
91872
32
0
91904
91904
32
0
91936
91936
32
0
91968
91968
32
0
92000
92000
32
0
92032
92032
32
0
92064
92064
32
0
92096
92096
32
0
92128
92128
32
0
92160
92160
32
0
92192
92192
32
0
92224
92224
32
0
92256
92256
32
0
92288
92288
32
0
92320
92320
32
0
92352
92352
32
0
92384
92384
32
0
92416
92416
32
0
92448
92448
32
0
92480
92480
32
0
92512
92512
32
0
92544
92544
32
0
92576
92576
32
0
92608
92608
32
0
92640
92640
32
0
92672
92672
32
0
92704
92704
32
0
92736
92736
32
0
92768
92768
32
0
92800
92800
32
0
92832
92832
32
0
92864
92864
32
0
92896
92896
32
0
92928
92928
32
0
92960
92960
32
0
92992
92992
32
0
93024
93024
32
0
93056
93056
32
0
93088
93088
32
0
93120
93120
32
0
93152
93152
32
0
93184
93184
32
0
93216
93216
32
0
93248
93248
32
0
93280
93280
32
0
93312
93312
32
0
93344
93344
32
0
93376
93376
32
0
93408
93408
32
0
93440
93440
32
0
93472
93472
32
0
93504
93504
32
0
93536
93536
32
0
93568
93568
32
0
93600
93600
32
0
93632
93632
32
0
93664
93664
32
0
93696
93696
32
0
93728
93728
32
0
93760
93760
32
0
93792
93792
32
0
93824
93824
32
0
93856
93856
32
0
93888
93888
32
0
93920
93920
32
0
93952
93952
32
0
93984
93984
32
0
94016
94016
32
0
94048
94048
32
0
94080
94080
32
0
94112
94112
32
0
94144
94144
32
0
94176
94176
32
0
94208
94208
32
0
94240
94240
32
0
94272
94272
32
0
94304
94304
32
0
94336
94336
32
0
94368
94368
32
0
94400
94400
32
0
94432
94432
32
0
94464
94464
32
0
94496
94496
32
0
94528
94528
32
0
94560
94560
32
0
94592
94592
32
0
94624
94624
32
0
94656
94656
32
0
94688
94688
32
0
94720
94720
32
0
94752
94752
32
0
94784
94784
32
0
94816
94816
32
0
94848
94848
32
0
94880
94880
32
0
94912
94912
32
0
94944
94944
32
0
94976
94976
32
0
95008
95008
32
0
95040
95040
32
0
95072
95072
32
0
95104
95104
32
0
95136
95136
32
0
95168
95168
32
0
95200
95200
32
0
95232
95232
32
0
95264
95264
32
0
95296
95296
32
0
95328
95328
32
0
95360
95360
32
0
95392
95392
32
0
95424
95424
32
0
95456
95456
32
0
95488
95488
32
0
95520
95520
32
0
95552
95552
32
0
95584
95584
32
0
95616
95616
32
0
95648
95648
32
0
95680
95680
32
0
95712
95712
32
0
95744
95744
32
0
95776
95776
32
0
95808
95808
32
0
95840
95840
32
0
95872
95872
32
0
95904
95904
32
0
95936
95936
32
0
95968
95968
32
0
96000
96000
32
0
96032
96032
32
0
96064
96064
32
0
96096
96096
32
0
96128
96128
32
0
96160
96160
32
0
96192
96192
32
0
96224
96224
32
0
96256
96256
32
0
96288
96288
32
0
96320
96320
32
0
96352
96352
32
0
96384
96384
32
0
96416
96416
32
0
96448
96448
32
0
96480
96480
32
0
96512
96512
32
0
96544
96544
32
0
96576
96576
32
0
96608
96608
32
0
96640
96640
32
0
96672
96672
32
0
96704
96704
32
0
96736
96736
32
0
96768
96768
32
0
96800
96800
32
0
96832
96832
32
0
96864
96864
32
0
96896
96896
32
0
96928
96928
32
0
96960
96960
32
0
96992
96992
32
0
97024
97024
32
0
97056
97056
32
0
97088
97088
32
0
97120
97120
32
0
97152
97152
32
0
97184
97184
32
0
97216
97216
32
0
97248
97248
32
0
97280
97280
32
0
97312
97312
32
0
97344
97344
32
0
97376
97376
32
0
97408
97408
32
0
97440
97440
32
0
97472
97472
32
0
97504
97504
32
0
97536
97536
32
0
97568
97568
32
0
97600
97600
32
0
97632
97632
32
0
97664
97664
32
0
97696
97696
32
0
97728
97728
32
0
97760
97760
32
0
97792
97792
32
0
97824
97824
32
0
97856
97856
32
0
97888
97888
32
0
97920
97920
32
0
97952
97952
32
0
97984
97984
32
0
98016
98016
32
0
98048
98048
32
0
98080
98080
32
0
98112
98112
32
0
98144
98144
32
0
98176
98176
32
0
98208
98208
32
0
98240
98240
32
0
98272
98272
32
0
98304
98304
32
0
98336
98336
32
0
98368
98368
32
0
98400
98400
32
0
98432
98432
32
0
98464
98464
32
0
98496
98496
32
0
98528
98528
32
0
98560
98560
32
0
98592
98592
32
0
98624
98624
32
0
98656
98656
32
0
98688
98688
32
0
98720
98720
32
0
98752
98752
32
0
98784
98784
32
0
98816
98816
32
0
98848
98848
32
0
98880
98880
32
0
98912
98912
32
0
98944
98944
32
0
98976
98976
32
0
99008
99008
32
0
99040
99040
32
0
99072
99072
32
0
99104
99104
32
0
99136
99136
32
0
99168
99168
32
0
99200
99200
32
0
99232
99232
32
0
99264
99264
32
0
99296
99296
32
0
99328
99328
32
0
99360
99360
32
0
99392
99392
32
0
99424
99424
32
0
99456
99456
32
0
99488
99488
32
0
99520
99520
32
0
99552
99552
32
0
99584
99584
32
0
99616
99616
32
0
99648
99648
32
0
99680
99680
32
0
99712
99712
32
0
99744
99744
32
0
99776
99776
32
0
99808
99808
32
0
99840
99840
32
0
99872
99872
32
0
99904
99904
32
0
99936
99936
32
0
99968
99968
32
0
100000
100000
32
0
100032
100032
32
0
100064
100064
32
0
100096
100096
32
0
100128
100128
32
0
100160
100160
32
0
100192
100192
32
0
100224
100224
32
0
100256
100256
32
0
100288
100288
32
0
100320
100320
32
0
