0
0
64
0
2048
64
64
0
4096
128
64
0
6144
192
64
0
8192
256
64
0
10240
320
64
0
12288
384
64
0
14336
448
64
0
16384
512
64
0
18432
576
64
0
20480
640
64
0
22528
704
64
0
24576
768
64
0
26624
832
64
0
57344
896
64
0
59392
960
64
0
61440
1024
64
0
63488
1088
64
0
65536
1152
64
0
67584
1216
64
0
69632
1280
64
0
71680
1344
64
0
73728
1408
64
0
75776
1472
64
0
77824
1536
64
0
79872
1600
64
0
81920
1664
64
0
83968
1728
64
0
114688
1792
64
0
116736
1856
64
0
118784
1920
64
0
120832
1984
64
0
64
0
64
0
2112
64
64
0
4160
128
64
0
6208
192
64
0
8256
256
64
0
10304
320
64
0
12352
384
64
0
14400
448
64
0
16448
512
64
0
18496
576
64
0
20544
640
64
0
22592
704
64
0
24640
768
64
0
26688
832
64
0
57408
896
64
0
59456
960
64
0
61504
1024
64
0
63552
1088
64
0
65600
1152
64
0
67648
1216
64
0
69696
1280
64
0
71744
1344
64
0
73792
1408
64
0
75840
1472
64
0
77888
1536
64
0
79936
1600
64
0
81984
1664
64
0
84032
1728
64
0
114752
1792
64
0
116800
1856
64
0
118848
1920
64
0
120896
1984
64
0
128
0
64
0
2176
64
64
0
4224
128
64
0
6272
192
64
0
8320
256
64
0
10368
320
64
0
12416
384
64
0
14464
448
64
0
16512
512
64
0
18560
576
64
0
20608
640
64
0
22656
704
64
0
24704
768
64
0
26752
832
64
0
57472
896
64
0
59520
960
64
0
61568
1024
64
0
63616
1088
64
0
65664
1152
64
0
67712
1216
64
0
69760
1280
64
0
71808
1344
64
0
73856
1408
64
0
75904
1472
64
0
77952
1536
64
0
80000
1600
64
0
82048
1664
64
0
84096
1728
64
0
114816
1792
64
0
116864
1856
64
0
118912
1920
64
0
120960
1984
64
0
192
0
64
0
2240
64
64
0
4288
128
64
0
6336
192
64
0
8384
256
64
0
10432
320
64
0
12480
384
64
0
14528
448
64
0
16576
512
64
0
18624
576
64
0
20672
640
64
0
22720
704
64
0
24768
768
64
0
26816
832
64
0
57536
896
64
0
59584
960
64
0
61632
1024
64
0
63680
1088
64
0
65728
1152
64
0
67776
1216
64
0
69824
1280
64
0
71872
1344
64
0
73920
1408
64
0
75968
1472
64
0
78016
1536
64
0
80064
1600
64
0
82112
1664
64
0
84160
1728
64
0
114880
1792
64
0
116928
1856
64
0
118976
1920
64
0
121024
1984
64
0
256
0
64
0
2304
64
64
0
4352
128
64
0
6400
192
64
0
8448
256
64
0
10496
320
64
0
12544
384
64
0
14592
448
64
0
16640
512
64
0
18688
576
64
0
20736
640
64
0
22784
704
64
0
24832
768
64
0
26880
832
64
0
57600
896
64
0
59648
960
64
0
61696
1024
64
0
63744
1088
64
0
65792
1152
64
0
67840
1216
64
0
69888
1280
64
0
71936
1344
64
0
73984
1408
64
0
76032
1472
64
0
78080
1536
64
0
80128
1600
64
0
82176
1664
64
0
84224
1728
64
0
114944
1792
64
0
116992
1856
64
0
119040
1920
64
0
121088
1984
64
0
320
0
64
0
2368
64
64
0
4416
128
64
0
6464
192
64
0
8512
256
64
0
10560
320
64
0
12608
384
64
0
14656
448
64
0
16704
512
64
0
18752
576
64
0
20800
640
64
0
22848
704
64
0
24896
768
64
0
26944
832
64
0
57664
896
64
0
59712
960
64
0
61760
1024
64
0
63808
1088
64
0
65856
1152
64
0
67904
1216
64
0
69952
1280
64
0
72000
1344
64
0
74048
1408
64
0
76096
1472
64
0
78144
1536
64
0
80192
1600
64
0
82240
1664
64
0
84288
1728
64
0
115008
1792
64
0
117056
1856
64
0
119104
1920
64
0
121152
1984
64
0
384
0
64
0
2432
64
64
0
4480
128
64
0
6528
192
64
0
8576
256
64
0
10624
320
64
0
12672
384
64
0
14720
448
64
0
16768
512
64
0
18816
576
64
0
20864
640
64
0
22912
704
64
0
24960
768
64
0
27008
832
64
0
57728
896
64
0
59776
960
64
0
61824
1024
64
0
63872
1088
64
0
65920
1152
64
0
67968
1216
64
0
70016
1280
64
0
72064
1344
64
0
74112
1408
64
0
76160
1472
64
0
78208
1536
64
0
80256
1600
64
0
82304
1664
64
0
84352
1728
64
0
115072
1792
64
0
117120
1856
64
0
119168
1920
64
0
121216
1984
64
0
448
0
64
0
2496
64
64
0
4544
128
64
0
6592
192
64
0
8640
256
64
0
10688
320
64
0
12736
384
64
0
14784
448
64
0
16832
512
64
0
18880
576
64
0
20928
640
64
0
22976
704
64
0
25024
768
64
0
27072
832
64
0
57792
896
64
0
59840
960
64
0
61888
1024
64
0
63936
1088
64
0
65984
1152
64
0
68032
1216
64
0
70080
1280
64
0
72128
1344
64
0
74176
1408
64
0
76224
1472
64
0
78272
1536
64
0
80320
1600
64
0
82368
1664
64
0
84416
1728
64
0
115136
1792
64
0
117184
1856
64
0
119232
1920
64
0
121280
1984
64
0
512
0
64
0
2560
64
64
0
4608
128
64
0
6656
192
64
0
8704
256
64
0
10752
320
64
0
12800
384
64
0
14848
448
64
0
16896
512
64
0
18944
576
64
0
20992
640
64
0
23040
704
64
0
25088
768
64
0
27136
832
64
0
57856
896
64
0
59904
960
64
0
61952
1024
64
0
64000
1088
64
0
66048
1152
64
0
68096
1216
64
0
70144
1280
64
0
72192
1344
64
0
74240
1408
64
0
76288
1472
64
0
78336
1536
64
0
80384
1600
64
0
82432
1664
64
0
84480
1728
64
0
115200
1792
64
0
117248
1856
64
0
119296
1920
64
0
121344
1984
64
0
576
0
64
0
2624
64
64
0
4672
128
64
0
6720
192
64
0
8768
256
64
0
10816
320
64
0
12864
384
64
0
14912
448
64
0
16960
512
64
0
19008
576
64
0
21056
640
64
0
23104
704
64
0
25152
768
64
0
27200
832
64
0
57920
896
64
0
59968
960
64
0
62016
1024
64
0
64064
1088
64
0
66112
1152
64
0
68160
1216
64
0
70208
1280
64
0
72256
1344
64
0
74304
1408
64
0
76352
1472
64
0
78400
1536
64
0
80448
1600
64
0
82496
1664
64
0
84544
1728
64
0
115264
1792
64
0
117312
1856
64
0
119360
1920
64
0
121408
1984
64
0
640
0
64
0
2688
64
64
0
4736
128
64
0
6784
192
64
0
8832
256
64
0
10880
320
64
0
12928
384
64
0
14976
448
64
0
17024
512
64
0
19072
576
64
0
21120
640
64
0
23168
704
64
0
25216
768
64
0
27264
832
64
0
57984
896
64
0
60032
960
64
0
62080
1024
64
0
64128
1088
64
0
66176
1152
64
0
68224
1216
64
0
70272
1280
64
0
72320
1344
64
0
74368
1408
64
0
76416
1472
64
0
78464
1536
64
0
80512
1600
64
0
82560
1664
64
0
84608
1728
64
0
115328
1792
64
0
117376
1856
64
0
119424
1920
64
0
121472
1984
64
0
704
0
64
0
2752
64
64
0
4800
128
64
0
6848
192
64
0
8896
256
64
0
10944
320
64
0
12992
384
64
0
15040
448
64
0
17088
512
64
0
19136
576
64
0
21184
640
64
0
23232
704
64
0
25280
768
64
0
27328
832
64
0
58048
896
64
0
60096
960
64
0
62144
1024
64
0
64192
1088
64
0
66240
1152
64
0
68288
1216
64
0
70336
1280
64
0
72384
1344
64
0
74432
1408
64
0
76480
1472
64
0
78528
1536
64
0
80576
1600
64
0
82624
1664
64
0
84672
1728
64
0
115392
1792
64
0
117440
1856
64
0
119488
1920
64
0
121536
1984
64
0
768
0
64
0
2816
64
64
0
4864
128
64
0
6912
192
64
0
8960
256
64
0
11008
320
64
0
13056
384
64
0
15104
448
64
0
17152
512
64
0
19200
576
64
0
21248
640
64
0
23296
704
64
0
25344
768
64
0
27392
832
64
0
58112
896
64
0
60160
960
64
0
62208
1024
64
0
64256
1088
64
0
66304
1152
64
0
68352
1216
64
0
70400
1280
64
0
72448
1344
64
0
74496
1408
64
0
76544
1472
64
0
78592
1536
64
0
80640
1600
64
0
82688
1664
64
0
84736
1728
64
0
115456
1792
64
0
117504
1856
64
0
119552
1920
64
0
121600
1984
64
0
832
0
64
0
2880
64
64
0
4928
128
64
0
6976
192
64
0
9024
256
64
0
11072
320
64
0
13120
384
64
0
15168
448
64
0
17216
512
64
0
19264
576
64
0
21312
640
64
0
23360
704
64
0
25408
768
64
0
27456
832
64
0
58176
896
64
0
60224
960
64
0
62272
1024
64
0
64320
1088
64
0
66368
1152
64
0
68416
1216
64
0
70464
1280
64
0
72512
1344
64
0
74560
1408
64
0
76608
1472
64
0
78656
1536
64
0
80704
1600
64
0
82752
1664
64
0
84800
1728
64
0
115520
1792
64
0
117568
1856
64
0
119616
1920
64
0
121664
1984
64
0
896
0
64
0
2944
64
64
0
4992
128
64
0
7040
192
64
0
9088
256
64
0
11136
320
64
0
13184
384
64
0
15232
448
64
0
17280
512
64
0
19328
576
64
0
21376
640
64
0
23424
704
64
0
25472
768
64
0
27520
832
64
0
58240
896
64
0
60288
960
64
0
62336
1024
64
0
64384
1088
64
0
66432
1152
64
0
68480
1216
64
0
70528
1280
64
0
72576
1344
64
0
74624
1408
64
0
76672
1472
64
0
78720
1536
64
0
80768
1600
64
0
82816
1664
64
0
84864
1728
64
0
115584
1792
64
0
117632
1856
64
0
119680
1920
64
0
121728
1984
64
0
960
0
64
0
3008
64
64
0
5056
128
64
0
7104
192
64
0
9152
256
64
0
11200
320
64
0
13248
384
64
0
15296
448
64
0
17344
512
64
0
19392
576
64
0
21440
640
64
0
23488
704
64
0
25536
768
64
0
27584
832
64
0
58304
896
64
0
60352
960
64
0
62400
1024
64
0
64448
1088
64
0
66496
1152
64
0
68544
1216
64
0
70592
1280
64
0
72640
1344
64
0
74688
1408
64
0
76736
1472
64
0
78784
1536
64
0
80832
1600
64
0
82880
1664
64
0
84928
1728
64
0
115648
1792
64
0
117696
1856
64
0
119744
1920
64
0
121792
1984
64
0
122880
0
64
0
124928
64
64
0
126976
128
64
0
129024
192
64
0
131072
256
64
0
133120
320
64
0
135168
384
64
0
137216
448
64
0
139264
512
64
0
141312
576
64
0
172032
640
64
0
174080
704
64
0
176128
768
64
0
178176
832
64
0
180224
896
64
0
182272
960
64
0
184320
1024
64
0
186368
1088
64
0
188416
1152
64
0
190464
1216
64
0
192512
1280
64
0
194560
1344
64
0
196608
1408
64
0
198656
1472
64
0
229376
1536
64
0
231424
1600
64
0
233472
1664
64
0
235520
1728
64
0
237568
1792
64
0
239616
1856
64
0
241664
1920
64
0
243712
1984
64
0
122944
0
64
0
124992
64
64
0
127040
128
64
0
129088
192
64
0
131136
256
64
0
133184
320
64
0
135232
384
64
0
137280
448
64
0
139328
512
64
0
141376
576
64
0
172096
640
64
0
174144
704
64
0
176192
768
64
0
178240
832
64
0
180288
896
64
0
182336
960
64
0
184384
1024
64
0
186432
1088
64
0
188480
1152
64
0
190528
1216
64
0
192576
1280
64
0
194624
1344
64
0
196672
1408
64
0
198720
1472
64
0
229440
1536
64
0
231488
1600
64
0
233536
1664
64
0
235584
1728
64
0
237632
1792
64
0
239680
1856
64
0
241728
1920
64
0
243776
1984
64
0
123008
0
64
0
125056
64
64
0
127104
128
64
0
129152
192
64
0
131200
256
64
0
133248
320
64
0
135296
384
64
0
137344
448
64
0
139392
512
64
0
141440
576
64
0
172160
640
64
0
174208
704
64
0
176256
768
64
0
178304
832
64
0
180352
896
64
0
182400
960
64
0
184448
1024
64
0
186496
1088
64
0
188544
1152
64
0
190592
1216
64
0
192640
1280
64
0
194688
1344
64
0
196736
1408
64
0
198784
1472
64
0
229504
1536
64
0
231552
1600
64
0
233600
1664
64
0
235648
1728
64
0
237696
1792
64
0
239744
1856
64
0
241792
1920
64
0
243840
1984
64
0
123072
0
64
0
125120
64
64
0
127168
128
64
0
129216
192
64
0
131264
256
64
0
133312
320
64
0
135360
384
64
0
137408
448
64
0
139456
512
64
0
141504
576
64
0
172224
640
64
0
174272
704
64
0
176320
768
64
0
178368
832
64
0
180416
896
64
0
182464
960
64
0
184512
1024
64
0
186560
1088
64
0
188608
1152
64
0
190656
1216
64
0
192704
1280
64
0
194752
1344
64
0
196800
1408
64
0
198848
1472
64
0
229568
1536
64
0
231616
1600
64
0
233664
1664
64
0
235712
1728
64
0
237760
1792
64
0
239808
1856
64
0
241856
1920
64
0
243904
1984
64
0
123136
0
64
0
125184
64
64
0
127232
128
64
0
129280
192
64
0
131328
256
64
0
133376
320
64
0
135424
384
64
0
137472
448
64
0
139520
512
64
0
141568
576
64
0
172288
640
64
0
174336
704
64
0
176384
768
64
0
178432
832
64
0
180480
896
64
0
182528
960
64
0
184576
1024
64
0
186624
1088
64
0
188672
1152
64
0
190720
1216
64
0
192768
1280
64
0
194816
1344
64
0
196864
1408
64
0
198912
1472
64
0
229632
1536
64
0
231680
1600
64
0
233728
1664
64
0
235776
1728
64
0
237824
1792
64
0
239872
1856
64
0
241920
1920
64
0
243968
1984
64
0
123200
0
64
0
125248
64
64
0
127296
128
64
0
129344
192
64
0
131392
256
64
0
133440
320
64
0
135488
384
64
0
137536
448
64
0
139584
512
64
0
141632
576
64
0
172352
640
64
0
174400
704
64
0
176448
768
64
0
178496
832
64
0
180544
896
64
0
182592
960
64
0
184640
1024
64
0
186688
1088
64
0
188736
1152
64
0
190784
1216
64
0
192832
1280
64
0
194880
1344
64
0
196928
1408
64
0
198976
1472
64
0
229696
1536
64
0
231744
1600
64
0
233792
1664
64
0
235840
1728
64
0
237888
1792
64
0
239936
1856
64
0
241984
1920
64
0
244032
1984
64
0
123264
0
64
0
125312
64
64
0
127360
128
64
0
129408
192
64
0
131456
256
64
0
133504
320
64
0
135552
384
64
0
137600
448
64
0
139648
512
64
0
141696
576
64
0
172416
640
64
0
174464
704
64
0
176512
768
64
0
178560
832
64
0
180608
896
64
0
182656
960
64
0
184704
1024
64
0
186752
1088
64
0
188800
1152
64
0
190848
1216
64
0
192896
1280
64
0
194944
1344
64
0
196992
1408
64
0
199040
1472
64
0
229760
1536
64
0
231808
1600
64
0
233856
1664
64
0
235904
1728
64
0
237952
1792
64
0
240000
1856
64
0
242048
1920
64
0
244096
1984
64
0
123328
0
64
0
125376
64
64
0
127424
128
64
0
129472
192
64
0
131520
256
64
0
133568
320
64
0
135616
384
64
0
137664
448
64
0
139712
512
64
0
141760
576
64
0
172480
640
64
0
174528
704
64
0
176576
768
64
0
178624
832
64
0
180672
896
64
0
182720
960
64
0
184768
1024
64
0
186816
1088
64
0
188864
1152
64
0
190912
1216
64
0
192960
1280
64
0
195008
1344
64
0
197056
1408
64
0
199104
1472
64
0
229824
1536
64
0
231872
1600
64
0
233920
1664
64
0
235968
1728
64
0
238016
1792
64
0
240064
1856
64
0
242112
1920
64
0
244160
1984
64
0
123392
0
64
0
125440
64
64
0
127488
128
64
0
129536
192
64
0
131584
256
64
0
133632
320
64
0
135680
384
64
0
137728
448
64
0
139776
512
64
0
141824
576
64
0
172544
640
64
0
174592
704
64
0
176640
768
64
0
178688
832
64
0
180736
896
64
0
182784
960
64
0
184832
1024
64
0
186880
1088
64
0
188928
1152
64
0
190976
1216
64
0
193024
1280
64
0
195072
1344
64
0
197120
1408
64
0
199168
1472
64
0
229888
1536
64
0
231936
1600
64
0
233984
1664
64
0
236032
1728
64
0
238080
1792
64
0
240128
1856
64
0
242176
1920
64
0
244224
1984
64
0
123456
0
64
0
125504
64
64
0
127552
128
64
0
129600
192
64
0
131648
256
64
0
133696
320
64
0
135744
384
64
0
137792
448
64
0
139840
512
64
0
141888
576
64
0
172608
640
64
0
174656
704
64
0
176704
768
64
0
178752
832
64
0
180800
896
64
0
182848
960
64
0
184896
1024
64
0
186944
1088
64
0
188992
1152
64
0
191040
1216
64
0
193088
1280
64
0
195136
1344
64
0
197184
1408
64
0
199232
1472
64
0
229952
1536
64
0
232000
1600
64
0
234048
1664
64
0
236096
1728
64
0
238144
1792
64
0
240192
1856
64
0
242240
1920
64
0
244288
1984
64
0
123520
0
64
0
125568
64
64
0
127616
128
64
0
129664
192
64
0
131712
256
64
0
133760
320
64
0
135808
384
64
0
137856
448
64
0
139904
512
64
0
141952
576
64
0
172672
640
64
0
174720
704
64
0
176768
768
64
0
178816
832
64
0
180864
896
64
0
182912
960
64
0
184960
1024
64
0
187008
1088
64
0
189056
1152
64
0
191104
1216
64
0
193152
1280
64
0
195200
1344
64
0
197248
1408
64
0
199296
1472
64
0
230016
1536
64
0
232064
1600
64
0
234112
1664
64
0
236160
1728
64
0
238208
1792
64
0
240256
1856
64
0
242304
1920
64
0
244352
1984
64
0
123584
0
64
0
125632
64
64
0
127680
128
64
0
129728
192
64
0
131776
256
64
0
133824
320
64
0
135872
384
64
0
137920
448
64
0
139968
512
64
0
142016
576
64
0
172736
640
64
0
174784
704
64
0
176832
768
64
0
178880
832
64
0
180928
896
64
0
182976
960
64
0
185024
1024
64
0
187072
1088
64
0
189120
1152
64
0
191168
1216
64
0
193216
1280
64
0
195264
1344
64
0
197312
1408
64
0
199360
1472
64
0
230080
1536
64
0
232128
1600
64
0
234176
1664
64
0
236224
1728
64
0
238272
1792
64
0
240320
1856
64
0
242368
1920
64
0
244416
1984
64
0
123648
0
64
0
125696
64
64
0
127744
128
64
0
129792
192
64
0
131840
256
64
0
133888
320
64
0
135936
384
64
0
137984
448
64
0
140032
512
64
0
142080
576
64
0
172800
640
64
0
174848
704
64
0
176896
768
64
0
178944
832
64
0
180992
896
64
0
183040
960
64
0
185088
1024
64
0
187136
1088
64
0
189184
1152
64
0
191232
1216
64
0
193280
1280
64
0
195328
1344
64
0
197376
1408
64
0
199424
1472
64
0
230144
1536
64
0
232192
1600
64
0
234240
1664
64
0
236288
1728
64
0
238336
1792
64
0
240384
1856
64
0
242432
1920
64
0
244480
1984
64
0
123712
0
64
0
125760
64
64
0
127808
128
64
0
129856
192
64
0
131904
256
64
0
133952
320
64
0
136000
384
64
0
138048
448
64
0
140096
512
64
0
142144
576
64
0
172864
640
64
0
174912
704
64
0
176960
768
64
0
179008
832
64
0
181056
896
64
0
183104
960
64
0
185152
1024
64
0
187200
1088
64
0
189248
1152
64
0
191296
1216
64
0
193344
1280
64
0
195392
1344
64
0
197440
1408
64
0
199488
1472
64
0
230208
1536
64
0
232256
1600
64
0
234304
1664
64
0
236352
1728
64
0
238400
1792
64
0
240448
1856
64
0
242496
1920
64
0
244544
1984
64
0
123776
0
64
0
125824
64
64
0
127872
128
64
0
129920
192
64
0
131968
256
64
0
134016
320
64
0
136064
384
64
0
138112
448
64
0
140160
512
64
0
142208
576
64
0
172928
640
64
0
174976
704
64
0
177024
768
64
0
179072
832
64
0
181120
896
64
0
183168
960
64
0
185216
1024
64
0
187264
1088
64
0
189312
1152
64
0
191360
1216
64
0
193408
1280
64
0
195456
1344
64
0
197504
1408
64
0
199552
1472
64
0
230272
1536
64
0
232320
1600
64
0
234368
1664
64
0
236416
1728
64
0
238464
1792
64
0
240512
1856
64
0
242560
1920
64
0
244608
1984
64
0
123840
0
64
0
125888
64
64
0
127936
128
64
0
129984
192
64
0
132032
256
64
0
134080
320
64
0
136128
384
64
0
138176
448
64
0
140224
512
64
0
142272
576
64
0
172992
640
64
0
175040
704
64
0
177088
768
64
0
179136
832
64
0
181184
896
64
0
183232
960
64
0
185280
1024
64
0
187328
1088
64
0
189376
1152
64
0
191424
1216
64
0
193472
1280
64
0
195520
1344
64
0
197568
1408
64
0
199616
1472
64
0
230336
1536
64
0
232384
1600
64
0
234432
1664
64
0
236480
1728
64
0
238528
1792
64
0
240576
1856
64
0
242624
1920
64
0
244672
1984
64
0
245760
0
64
0
247808
64
64
0
249856
128
64
0
251904
192
64
0
253952
256
64
0
256000
320
64
0
286720
384
64
0
288768
448
64
0
290816
512
64
0
292864
576
64
0
294912
640
64
0
296960
704
64
0
299008
768
64
0
301056
832
64
0
303104
896
64
0
305152
960
64
0
307200
1024
64
0
309248
1088
64
0
311296
1152
64
0
313344
1216
64
0
344064
1280
64
0
346112
1344
64
0
348160
1408
64
0
350208
1472
64
0
352256
1536
64
0
354304
1600
64
0
356352
1664
64
0
358400
1728
64
0
360448
1792
64
0
362496
1856
64
0
364544
1920
64
0
366592
1984
64
0
245824
0
64
0
247872
64
64
0
249920
128
64
0
251968
192
64
0
254016
256
64
0
256064
320
64
0
286784
384
64
0
288832
448
64
0
290880
512
64
0
292928
576
64
0
294976
640
64
0
297024
704
64
0
299072
768
64
0
301120
832
64
0
303168
896
64
0
305216
960
64
0
307264
1024
64
0
309312
1088
64
0
311360
1152
64
0
313408
1216
64
0
344128
1280
64
0
346176
1344
64
0
348224
1408
64
0
350272
1472
64
0
352320
1536
64
0
354368
1600
64
0
356416
1664
64
0
358464
1728
64
0
360512
1792
64
0
362560
1856
64
0
364608
1920
64
0
366656
1984
64
0
245888
0
64
0
247936
64
64
0
249984
128
64
0
252032
192
64
0
254080
256
64
0
256128
320
64
0
286848
384
64
0
288896
448
64
0
290944
512
64
0
292992
576
64
0
295040
640
64
0
297088
704
64
0
299136
768
64
0
301184
832
64
0
303232
896
64
0
305280
960
64
0
307328
1024
64
0
309376
1088
64
0
311424
1152
64
0
313472
1216
64
0
344192
1280
64
0
346240
1344
64
0
348288
1408
64
0
350336
1472
64
0
352384
1536
64
0
354432
1600
64
0
356480
1664
64
0
358528
1728
64
0
360576
1792
64
0
362624
1856
64
0
364672
1920
64
0
366720
1984
64
0
245952
0
64
0
248000
64
64
0
250048
128
64
0
252096
192
64
0
254144
256
64
0
256192
320
64
0
286912
384
64
0
288960
448
64
0
291008
512
64
0
293056
576
64
0
295104
640
64
0
297152
704
64
0
299200
768
64
0
301248
832
64
0
303296
896
64
0
305344
960
64
0
307392
1024
64
0
309440
1088
64
0
311488
1152
64
0
313536
1216
64
0
344256
1280
64
0
346304
1344
64
0
348352
1408
64
0
350400
1472
64
0
352448
1536
64
0
354496
1600
64
0
356544
1664
64
0
358592
1728
64
0
360640
1792
64
0
362688
1856
64
0
364736
1920
64
0
366784
1984
64
0
246016
0
64
0
248064
64
64
0
250112
128
64
0
252160
192
64
0
254208
256
64
0
256256
320
64
0
286976
384
64
0
289024
448
64
0
291072
512
64
0
293120
576
64
0
295168
640
64
0
297216
704
64
0
299264
768
64
0
301312
832
64
0
303360
896
64
0
305408
960
64
0
307456
1024
64
0
309504
1088
64
0
311552
1152
64
0
313600
1216
64
0
344320
1280
64
0
346368
1344
64
0
348416
1408
64
0
350464
1472
64
0
352512
1536
64
0
354560
1600
64
0
356608
1664
64
0
358656
1728
64
0
360704
1792
64
0
362752
1856
64
0
364800
1920
64
0
366848
1984
64
0
246080
0
64
0
248128
64
64
0
250176
128
64
0
252224
192
64
0
254272
256
64
0
256320
320
64
0
287040
384
64
0
289088
448
64
0
291136
512
64
0
293184
576
64
0
295232
640
64
0
297280
704
64
0
299328
768
64
0
301376
832
64
0
303424
896
64
0
305472
960
64
0
307520
1024
64
0
309568
1088
64
0
311616
1152
64
0
313664
1216
64
0
344384
1280
64
0
346432
1344
64
0
348480
1408
64
0
350528
1472
64
0
352576
1536
64
0
354624
1600
64
0
356672
1664
64
0
358720
1728
64
0
360768
1792
64
0
362816
1856
64
0
364864
1920
64
0
366912
1984
64
0
246144
0
64
0
248192
64
64
0
250240
128
64
0
252288
192
64
0
254336
256
64
0
256384
320
64
0
287104
384
64
0
289152
448
64
0
291200
512
64
0
293248
576
64
0
295296
640
64
0
297344
704
64
0
299392
768
64
0
301440
832
64
0
303488
896
64
0
305536
960
64
0
307584
1024
64
0
309632
1088
64
0
311680
1152
64
0
313728
1216
64
0
344448
1280
64
0
346496
1344
64
0
348544
1408
64
0
350592
1472
64
0
352640
1536
64
0
354688
1600
64
0
356736
1664
64
0
358784
1728
64
0
360832
1792
64
0
362880
1856
64
0
364928
1920
64
0
366976
1984
64
0
246208
0
64
0
248256
64
64
0
250304
128
64
0
252352
192
64
0
254400
256
64
0
256448
320
64
0
287168
384
64
0
289216
448
64
0
291264
512
64
0
293312
576
64
0
295360
640
64
0
297408
704
64
0
299456
768
64
0
301504
832
64
0
303552
896
64
0
305600
960
64
0
307648
1024
64
0
309696
1088
64
0
311744
1152
64
0
313792
1216
64
0
344512
1280
64
0
346560
1344
64
0
348608
1408
64
0
350656
1472
64
0
352704
1536
64
0
354752
1600
64
0
356800
1664
64
0
358848
1728
64
0
360896
1792
64
0
362944
1856
64
0
364992
1920
64
0
367040
1984
64
0
246272
0
64
0
248320
64
64
0
250368
128
64
0
252416
192
64
0
254464
256
64
0
256512
320
64
0
287232
384
64
0
289280
448
64
0
291328
512
64
0
293376
576
64
0
295424
640
64
0
297472
704
64
0
299520
768
64
0
301568
832
64
0
303616
896
64
0
305664
960
64
0
307712
1024
64
0
309760
1088
64
0
311808
1152
64
0
313856
1216
64
0
344576
1280
64
0
346624
1344
64
0
348672
1408
64
0
350720
1472
64
0
352768
1536
64
0
354816
1600
64
0
356864
1664
64
0
358912
1728
64
0
360960
1792
64
0
363008
1856
64
0
365056
1920
64
0
367104
1984
64
0
246336
0
64
0
248384
64
64
0
250432
128
64
0
252480
192
64
0
254528
256
64
0
256576
320
64
0
287296
384
64
0
289344
448
64
0
291392
512
64
0
293440
576
64
0
295488
640
64
0
297536
704
64
0
299584
768
64
0
301632
832
64
0
303680
896
64
0
305728
960
64
0
307776
1024
64
0
309824
1088
64
0
311872
1152
64
0
313920
1216
64
0
344640
1280
64
0
346688
1344
64
0
348736
1408
64
0
350784
1472
64
0
352832
1536
64
0
354880
1600
64
0
356928
1664
64
0
358976
1728
64
0
361024
1792
64
0
363072
1856
64
0
365120
1920
64
0
367168
1984
64
0
246400
0
64
0
248448
64
64
0
250496
128
64
0
252544
192
64
0
254592
256
64
0
256640
320
64
0
287360
384
64
0
289408
448
64
0
291456
512
64
0
293504
576
64
0
295552
640
64
0
297600
704
64
0
299648
768
64
0
301696
832
64
0
303744
896
64
0
305792
960
64
0
307840
1024
64
0
309888
1088
64
0
311936
1152
64
0
313984
1216
64
0
344704
1280
64
0
346752
1344
64
0
348800
1408
64
0
350848
1472
64
0
352896
1536
64
0
354944
1600
64
0
356992
1664
64
0
359040
1728
64
0
361088
1792
64
0
363136
1856
64
0
365184
1920
64
0
367232
1984
64
0
246464
0
64
0
248512
64
64
0
250560
128
64
0
252608
192
64
0
254656
256
64
0
256704
320
64
0
287424
384
64
0
289472
448
64
0
291520
512
64
0
293568
576
64
0
295616
640
64
0
297664
704
64
0
299712
768
64
0
301760
832
64
0
303808
896
64
0
305856
960
64
0
307904
1024
64
0
309952
1088
64
0
312000
1152
64
0
314048
1216
64
0
344768
1280
64
0
346816
1344
64
0
348864
1408
64
0
350912
1472
64
0
352960
1536
64
0
355008
1600
64
0
357056
1664
64
0
359104
1728
64
0
361152
1792
64
0
363200
1856
64
0
365248
1920
64
0
367296
1984
64
0
246528
0
64
0
248576
64
64
0
250624
128
64
0
252672
192
64
0
254720
256
64
0
256768
320
64
0
287488
384
64
0
289536
448
64
0
291584
512
64
0
293632
576
64
0
295680
640
64
0
297728
704
64
0
299776
768
64
0
301824
832
64
0
303872
896
64
0
305920
960
64
0
307968
1024
64
0
310016
1088
64
0
312064
1152
64
0
314112
1216
64
0
344832
1280
64
0
346880
1344
64
0
348928
1408
64
0
350976
1472
64
0
353024
1536
64
0
355072
1600
64
0
357120
1664
64
0
359168
1728
64
0
361216
1792
64
0
363264
1856
64
0
365312
1920
64
0
367360
1984
64
0
246592
0
64
0
248640
64
64
0
250688
128
64
0
252736
192
64
0
254784
256
64
0
256832
320
64
0
287552
384
64
0
289600
448
64
0
291648
512
64
0
293696
576
64
0
295744
640
64
0
297792
704
64
0
299840
768
64
0
301888
832
64
0
303936
896
64
0
305984
960
64
0
308032
1024
64
0
310080
1088
64
0
312128
1152
64
0
314176
1216
64
0
344896
1280
64
0
346944
1344
64
0
348992
1408
64
0
351040
1472
64
0
353088
1536
64
0
355136
1600
64
0
357184
1664
64
0
359232
1728
64
0
361280
1792
64
0
363328
1856
64
0
365376
1920
64
0
367424
1984
64
0
246656
0
64
0
248704
64
64
0
250752
128
64
0
252800
192
64
0
254848
256
64
0
256896
320
64
0
287616
384
64
0
289664
448
64
0
291712
512
64
0
293760
576
64
0
295808
640
64
0
297856
704
64
0
299904
768
64
0
301952
832
64
0
304000
896
64
0
306048
960
64
0
308096
1024
64
0
310144
1088
64
0
312192
1152
64
0
314240
1216
64
0
344960
1280
64
0
347008
1344
64
0
349056
1408
64
0
351104
1472
64
0
353152
1536
64
0
355200
1600
64
0
357248
1664
64
0
359296
1728
64
0
361344
1792
64
0
363392
1856
64
0
365440
1920
64
0
367488
1984
64
0
246720
0
64
0
248768
64
64
0
250816
128
64
0
252864
192
64
0
254912
256
64
0
256960
320
64
0
287680
384
64
0
289728
448
64
0
291776
512
64
0
293824
576
64
0
295872
640
64
0
297920
704
64
0
299968
768
64
0
302016
832
64
0
304064
896
64
0
306112
960
64
0
308160
1024
64
0
310208
1088
64
0
312256
1152
64
0
314304
1216
64
0
345024
1280
64
0
347072
1344
64
0
349120
1408
64
0
351168
1472
64
0
353216
1536
64
0
355264
1600
64
0
357312
1664
64
0
359360
1728
64
0
361408
1792
64
0
363456
1856
64
0
365504
1920
64
0
367552
1984
64
0
368640
0
64
0
370688
64
64
0
401408
128
64
0
403456
192
64
0
405504
256
64
0
407552
320
64
0
409600
384
64
0
411648
448
64
0
413696
512
64
0
415744
576
64
0
417792
640
64
0
419840
704
64
0
421888
768
64
0
423936
832
64
0
425984
896
64
0
428032
960
64
0
458752
1024
64
0
460800
1088
64
0
462848
1152
64
0
464896
1216
64
0
466944
1280
64
0
468992
1344
64
0
471040
1408
64
0
473088
1472
64
0
475136
1536
64
0
477184
1600
64
0
479232
1664
64
0
481280
1728
64
0
483328
1792
64
0
485376
1856
64
0
516096
1920
64
0
518144
1984
64
0
368704
0
64
0
370752
64
64
0
401472
128
64
0
403520
192
64
0
405568
256
64
0
407616
320
64
0
409664
384
64
0
411712
448
64
0
413760
512
64
0
415808
576
64
0
417856
640
64
0
419904
704
64
0
421952
768
64
0
424000
832
64
0
426048
896
64
0
428096
960
64
0
458816
1024
64
0
460864
1088
64
0
462912
1152
64
0
464960
1216
64
0
467008
1280
64
0
469056
1344
64
0
471104
1408
64
0
473152
1472
64
0
475200
1536
64
0
477248
1600
64
0
479296
1664
64
0
481344
1728
64
0
483392
1792
64
0
485440
1856
64
0
516160
1920
64
0
518208
1984
64
0
368768
0
64
0
370816
64
64
0
401536
128
64
0
403584
192
64
0
405632
256
64
0
407680
320
64
0
409728
384
64
0
411776
448
64
0
413824
512
64
0
415872
576
64
0
417920
640
64
0
419968
704
64
0
422016
768
64
0
424064
832
64
0
426112
896
64
0
428160
960
64
0
458880
1024
64
0
460928
1088
64
0
462976
1152
64
0
465024
1216
64
0
467072
1280
64
0
469120
1344
64
0
471168
1408
64
0
473216
1472
64
0
475264
1536
64
0
477312
1600
64
0
479360
1664
64
0
481408
1728
64
0
483456
1792
64
0
485504
1856
64
0
516224
1920
64
0
518272
1984
64
0
368832
0
64
0
370880
64
64
0
401600
128
64
0
403648
192
64
0
405696
256
64
0
407744
320
64
0
409792
384
64
0
411840
448
64
0
413888
512
64
0
415936
576
64
0
417984
640
64
0
420032
704
64
0
422080
768
64
0
424128
832
64
0
426176
896
64
0
428224
960
64
0
458944
1024
64
0
460992
1088
64
0
463040
1152
64
0
465088
1216
64
0
467136
1280
64
0
469184
1344
64
0
471232
1408
64
0
473280
1472
64
0
475328
1536
64
0
477376
1600
64
0
479424
1664
64
0
481472
1728
64
0
483520
1792
64
0
485568
1856
64
0
516288
1920
64
0
518336
1984
64
0
368896
0
64
0
370944
64
64
0
401664
128
64
0
403712
192
64
0
405760
256
64
0
407808
320
64
0
409856
384
64
0
411904
448
64
0
413952
512
64
0
416000
576
64
0
418048
640
64
0
420096
704
64
0
422144
768
64
0
424192
832
64
0
426240
896
64
0
428288
960
64
0
459008
1024
64
0
461056
1088
64
0
463104
1152
64
0
465152
1216
64
0
467200
1280
64
0
469248
1344
64
0
471296
1408
64
0
473344
1472
64
0
475392
1536
64
0
477440
1600
64
0
479488
1664
64
0
481536
1728
64
0
483584
1792
64
0
485632
1856
64
0
516352
1920
64
0
518400
1984
64
0
368960
0
64
0
371008
64
64
0
401728
128
64
0
403776
192
64
0
405824
256
64
0
407872
320
64
0
409920
384
64
0
411968
448
64
0
414016
512
64
0
416064
576
64
0
418112
640
64
0
420160
704
64
0
422208
768
64
0
424256
832
64
0
426304
896
64
0
428352
960
64
0
459072
1024
64
0
461120
1088
64
0
463168
1152
64
0
465216
1216
64
0
467264
1280
64
0
469312
1344
64
0
471360
1408
64
0
473408
1472
64
0
475456
1536
64
0
477504
1600
64
0
479552
1664
64
0
481600
1728
64
0
483648
1792
64
0
485696
1856
64
0
516416
1920
64
0
518464
1984
64
0
369024
0
64
0
371072
64
64
0
401792
128
64
0
403840
192
64
0
405888
256
64
0
407936
320
64
0
409984
384
64
0
412032
448
64
0
414080
512
64
0
416128
576
64
0
418176
640
64
0
420224
704
64
0
422272
768
64
0
424320
832
64
0
426368
896
64
0
428416
960
64
0
459136
1024
64
0
461184
1088
64
0
463232
1152
64
0
465280
1216
64
0
467328
1280
64
0
469376
1344
64
0
471424
1408
64
0
473472
1472
64
0
475520
1536
64
0
477568
1600
64
0
479616
1664
64
0
481664
1728
64
0
483712
1792
64
0
485760
1856
64
0
516480
1920
64
0
518528
1984
64
0
369088
0
64
0
371136
64
64
0
401856
128
64
0
403904
192
64
0
405952
256
64
0
408000
320
64
0
410048
384
64
0
412096
448
64
0
414144
512
64
0
416192
576
64
0
418240
640
64
0
420288
704
64
0
422336
768
64
0
424384
832
64
0
426432
896
64
0
428480
960
64
0
459200
1024
64
0
461248
1088
64
0
463296
1152
64
0
465344
1216
64
0
467392
1280
64
0
469440
1344
64
0
471488
1408
64
0
473536
1472
64
0
475584
1536
64
0
477632
1600
64
0
479680
1664
64
0
481728
1728
64
0
483776
1792
64
0
485824
1856
64
0
516544
1920
64
0
518592
1984
64
0
369152
0
64
0
371200
64
64
0
401920
128
64
0
403968
192
64
0
406016
256
64
0
408064
320
64
0
410112
384
64
0
412160
448
64
0
414208
512
64
0
416256
576
64
0
418304
640
64
0
420352
704
64
0
422400
768
64
0
424448
832
64
0
426496
896
64
0
428544
960
64
0
459264
1024
64
0
461312
1088
64
0
463360
1152
64
0
465408
1216
64
0
467456
1280
64
0
469504
1344
64
0
471552
1408
64
0
473600
1472
64
0
475648
1536
64
0
477696
1600
64
0
479744
1664
64
0
481792
1728
64
0
483840
1792
64
0
485888
1856
64
0
516608
1920
64
0
518656
1984
64
0
369216
0
64
0
371264
64
64
0
401984
128
64
0
404032
192
64
0
406080
256
64
0
408128
320
64
0
410176
384
64
0
412224
448
64
0
414272
512
64
0
416320
576
64
0
418368
640
64
0
420416
704
64
0
422464
768
64
0
424512
832
64
0
426560
896
64
0
428608
960
64
0
459328
1024
64
0
461376
1088
64
0
463424
1152
64
0
465472
1216
64
0
467520
1280
64
0
469568
1344
64
0
471616
1408
64
0
473664
1472
64
0
475712
1536
64
0
477760
1600
64
0
479808
1664
64
0
481856
1728
64
0
483904
1792
64
0
485952
1856
64
0
516672
1920
64
0
518720
1984
64
0
369280
0
64
0
371328
64
64
0
402048
128
64
0
404096
192
64
0
406144
256
64
0
408192
320
64
0
410240
384
64
0
412288
448
64
0
414336
512
64
0
416384
576
64
0
418432
640
64
0
420480
704
64
0
422528
768
64
0
424576
832
64
0
426624
896
64
0
428672
960
64
0
459392
1024
64
0
461440
1088
64
0
463488
1152
64
0
465536
1216
64
0
467584
1280
64
0
469632
1344
64
0
471680
1408
64
0
473728
1472
64
0
475776
1536
64
0
477824
1600
64
0
479872
1664
64
0
481920
1728
64
0
483968
1792
64
0
486016
1856
64
0
516736
1920
64
0
518784
1984
64
0
369344
0
64
0
371392
64
64
0
402112
128
64
0
404160
192
64
0
406208
256
64
0
408256
320
64
0
410304
384
64
0
412352
448
64
0
414400
512
64
0
416448
576
64
0
418496
640
64
0
420544
704
64
0
422592
768
64
0
424640
832
64
0
426688
896
64
0
428736
960
64
0
459456
1024
64
0
461504
1088
64
0
463552
1152
64
0
465600
1216
64
0
467648
1280
64
0
469696
1344
64
0
471744
1408
64
0
473792
1472
64
0
475840
1536
64
0
477888
1600
64
0
479936
1664
64
0
481984
1728
64
0
484032
1792
64
0
486080
1856
64
0
516800
1920
64
0
518848
1984
64
0
369408
0
64
0
371456
64
64
0
402176
128
64
0
404224
192
64
0
406272
256
64
0
408320
320
64
0
410368
384
64
0
412416
448
64
0
414464
512
64
0
416512
576
64
0
418560
640
64
0
420608
704
64
0
422656
768
64
0
424704
832
64
0
426752
896
64
0
428800
960
64
0
459520
1024
64
0
461568
1088
64
0
463616
1152
64
0
465664
1216
64
0
467712
1280
64
0
469760
1344
64
0
471808
1408
64
0
473856
1472
64
0
475904
1536
64
0
477952
1600
64
0
480000
1664
64
0
482048
1728
64
0
484096
1792
64
0
486144
1856
64
0
516864
1920
64
0
518912
1984
64
0
369472
0
64
0
371520
64
64
0
402240
128
64
0
404288
192
64
0
406336
256
64
0
408384
320
64
0
410432
384
64
0
412480
448
64
0
414528
512
64
0
416576
576
64
0
418624
640
64
0
420672
704
64
0
422720
768
64
0
424768
832
64
0
426816
896
64
0
428864
960
64
0
459584
1024
64
0
461632
1088
64
0
463680
1152
64
0
465728
1216
64
0
467776
1280
64
0
469824
1344
64
0
471872
1408
64
0
473920
1472
64
0
475968
1536
64
0
478016
1600
64
0
480064
1664
64
0
482112
1728
64
0
484160
1792
64
0
486208
1856
64
0
516928
1920
64
0
518976
1984
64
0
369536
0
64
0
371584
64
64
0
402304
128
64
0
404352
192
64
0
406400
256
64
0
408448
320
64
0
410496
384
64
0
412544
448
64
0
414592
512
64
0
416640
576
64
0
418688
640
64
0
420736
704
64
0
422784
768
64
0
424832
832
64
0
426880
896
64
0
428928
960
64
0
459648
1024
64
0
461696
1088
64
0
463744
1152
64
0
465792
1216
64
0
467840
1280
64
0
469888
1344
64
0
471936
1408
64
0
473984
1472
64
0
476032
1536
64
0
478080
1600
64
0
480128
1664
64
0
482176
1728
64
0
484224
1792
64
0
486272
1856
64
0
516992
1920
64
0
519040
1984
64
0
369600
0
64
0
371648
64
64
0
402368
128
64
0
404416
192
64
0
406464
256
64
0
408512
320
64
0
410560
384
64
0
412608
448
64
0
414656
512
64
0
416704
576
64
0
418752
640
64
0
420800
704
64
0
422848
768
64
0
424896
832
64
0
426944
896
64
0
428992
960
64
0
459712
1024
64
0
461760
1088
64
0
463808
1152
64
0
465856
1216
64
0
467904
1280
64
0
469952
1344
64
0
472000
1408
64
0
474048
1472
64
0
476096
1536
64
0
478144
1600
64
0
480192
1664
64
0
482240
1728
64
0
484288
1792
64
0
486336
1856
64
0
517056
1920
64
0
519104
1984
64
0
520192
0
64
0
522240
64
64
0
524288
128
64
0
526336
192
64
0
528384
256
64
0
530432
320
64
0
532480
384
64
0
534528
448
64
0
536576
512
64
0
538624
576
64
0
540672
640
64
0
542720
704
64
0
573440
768
64
0
575488
832
64
0
577536
896
64
0
579584
960
64
0
581632
1024
64
0
583680
1088
64
0
585728
1152
64
0
587776
1216
64
0
589824
1280
64
0
591872
1344
64
0
593920
1408
64
0
595968
1472
64
0
598016
1536
64
0
600064
1600
64
0
630784
1664
64
0
632832
1728
64
0
634880
1792
64
0
636928
1856
64
0
638976
1920
64
0
641024
1984
64
0
520256
0
64
0
522304
64
64
0
524352
128
64
0
526400
192
64
0
528448
256
64
0
530496
320
64
0
532544
384
64
0
534592
448
64
0
536640
512
64
0
538688
576
64
0
540736
640
64
0
542784
704
64
0
573504
768
64
0
575552
832
64
0
577600
896
64
0
579648
960
64
0
581696
1024
64
0
583744
1088
64
0
585792
1152
64
0
587840
1216
64
0
589888
1280
64
0
591936
1344
64
0
593984
1408
64
0
596032
1472
64
0
598080
1536
64
0
600128
1600
64
0
630848
1664
64
0
632896
1728
64
0
634944
1792
64
0
636992
1856
64
0
639040
1920
64
0
641088
1984
64
0
520320
0
64
0
522368
64
64
0
524416
128
64
0
526464
192
64
0
528512
256
64
0
530560
320
64
0
532608
384
64
0
534656
448
64
0
536704
512
64
0
538752
576
64
0
540800
640
64
0
542848
704
64
0
573568
768
64
0
575616
832
64
0
577664
896
64
0
579712
960
64
0
581760
1024
64
0
583808
1088
64
0
585856
1152
64
0
587904
1216
64
0
589952
1280
64
0
592000
1344
64
0
594048
1408
64
0
596096
1472
64
0
598144
1536
64
0
600192
1600
64
0
630912
1664
64
0
632960
1728
64
0
635008
1792
64
0
637056
1856
64
0
639104
1920
64
0
641152
1984
64
0
520384
0
64
0
522432
64
64
0
524480
128
64
0
526528
192
64
0
528576
256
64
0
530624
320
64
0
532672
384
64
0
534720
448
64
0
536768
512
64
0
538816
576
64
0
540864
640
64
0
542912
704
64
0
573632
768
64
0
575680
832
64
0
577728
896
64
0
579776
960
64
0
581824
1024
64
0
583872
1088
64
0
585920
1152
64
0
587968
1216
64
0
590016
1280
64
0
592064
1344
64
0
594112
1408
64
0
596160
1472
64
0
598208
1536
64
0
600256
1600
64
0
630976
1664
64
0
633024
1728
64
0
635072
1792
64
0
637120
1856
64
0
639168
1920
64
0
641216
1984
64
0
520448
0
64
0
522496
64
64
0
524544
128
64
0
526592
192
64
0
528640
256
64
0
530688
320
64
0
532736
384
64
0
534784
448
64
0
536832
512
64
0
538880
576
64
0
540928
640
64
0
542976
704
64
0
573696
768
64
0
575744
832
64
0
577792
896
64
0
579840
960
64
0
581888
1024
64
0
583936
1088
64
0
585984
1152
64
0
588032
1216
64
0
590080
1280
64
0
592128
1344
64
0
594176
1408
64
0
596224
1472
64
0
598272
1536
64
0
600320
1600
64
0
631040
1664
64
0
633088
1728
64
0
635136
1792
64
0
637184
1856
64
0
639232
1920
64
0
641280
1984
64
0
520512
0
64
0
522560
64
64
0
524608
128
64
0
526656
192
64
0
528704
256
64
0
530752
320
64
0
532800
384
64
0
534848
448
64
0
536896
512
64
0
538944
576
64
0
540992
640
64
0
543040
704
64
0
573760
768
64
0
575808
832
64
0
577856
896
64
0
579904
960
64
0
581952
1024
64
0
584000
1088
64
0
586048
1152
64
0
588096
1216
64
0
590144
1280
64
0
592192
1344
64
0
594240
1408
64
0
596288
1472
64
0
598336
1536
64
0
600384
1600
64
0
631104
1664
64
0
633152
1728
64
0
635200
1792
64
0
637248
1856
64
0
639296
1920
64
0
641344
1984
64
0
520576
0
64
0
522624
64
64
0
524672
128
64
0
526720
192
64
0
528768
256
64
0
530816
320
64
0
532864
384
64
0
534912
448
64
0
536960
512
64
0
539008
576
64
0
541056
640
64
0
543104
704
64
0
573824
768
64
0
575872
832
64
0
577920
896
64
0
579968
960
64
0
582016
1024
64
0
584064
1088
64
0
586112
1152
64
0
588160
1216
64
0
590208
1280
64
0
592256
1344
64
0
594304
1408
64
0
596352
1472
64
0
598400
1536
64
0
600448
1600
64
0
631168
1664
64
0
633216
1728
64
0
635264
1792
64
0
637312
1856
64
0
639360
1920
64
0
641408
1984
64
0
520640
0
64
0
522688
64
64
0
524736
128
64
0
526784
192
64
0
528832
256
64
0
530880
320
64
0
532928
384
64
0
534976
448
64
0
537024
512
64
0
539072
576
64
0
541120
640
64
0
543168
704
64
0
573888
768
64
0
575936
832
64
0
577984
896
64
0
580032
960
64
0
582080
1024
64
0
584128
1088
64
0
586176
1152
64
0
588224
1216
64
0
590272
1280
64
0
592320
1344
64
0
594368
1408
64
0
596416
1472
64
0
598464
1536
64
0
600512
1600
64
0
631232
1664
64
0
633280
1728
64
0
635328
1792
64
0
637376
1856
64
0
639424
1920
64
0
641472
1984
64
0
520704
0
64
0
522752
64
64
0
524800
128
64
0
526848
192
64
0
528896
256
64
0
530944
320
64
0
532992
384
64
0
535040
448
64
0
537088
512
64
0
539136
576
64
0
541184
640
64
0
543232
704
64
0
573952
768
64
0
576000
832
64
0
578048
896
64
0
580096
960
64
0
582144
1024
64
0
584192
1088
64
0
586240
1152
64
0
588288
1216
64
0
590336
1280
64
0
592384
1344
64
0
594432
1408
64
0
596480
1472
64
0
598528
1536
64
0
600576
1600
64
0
631296
1664
64
0
633344
1728
64
0
635392
1792
64
0
637440
1856
64
0
639488
1920
64
0
641536
1984
64
0
520768
0
64
0
522816
64
64
0
524864
128
64
0
526912
192
64
0
528960
256
64
0
531008
320
64
0
533056
384
64
0
535104
448
64
0
537152
512
64
0
539200
576
64
0
541248
640
64
0
543296
704
64
0
574016
768
64
0
576064
832
64
0
578112
896
64
0
580160
960
64
0
582208
1024
64
0
584256
1088
64
0
586304
1152
64
0
588352
1216
64
0
590400
1280
64
0
592448
1344
64
0
594496
1408
64
0
596544
1472
64
0
598592
1536
64
0
600640
1600
64
0
631360
1664
64
0
633408
1728
64
0
635456
1792
64
0
637504
1856
64
0
639552
1920
64
0
641600
1984
64
0
520832
0
64
0
522880
64
64
0
524928
128
64
0
526976
192
64
0
529024
256
64
0
531072
320
64
0
533120
384
64
0
535168
448
64
0
537216
512
64
0
539264
576
64
0
541312
640
64
0
543360
704
64
0
574080
768
64
0
576128
832
64
0
578176
896
64
0
580224
960
64
0
582272
1024
64
0
584320
1088
64
0
586368
1152
64
0
588416
1216
64
0
590464
1280
64
0
592512
1344
64
0
594560
1408
64
0
596608
1472
64
0
598656
1536
64
0
600704
1600
64
0
631424
1664
64
0
633472
1728
64
0
635520
1792
64
0
637568
1856
64
0
639616
1920
64
0
641664
1984
64
0
520896
0
64
0
522944
64
64
0
524992
128
64
0
527040
192
64
0
529088
256
64
0
531136
320
64
0
533184
384
64
0
535232
448
64
0
537280
512
64
0
539328
576
64
0
541376
640
64
0
543424
704
64
0
574144
768
64
0
576192
832
64
0
578240
896
64
0
580288
960
64
0
582336
1024
64
0
584384
1088
64
0
586432
1152
64
0
588480
1216
64
0
590528
1280
64
0
592576
1344
64
0
594624
1408
64
0
596672
1472
64
0
598720
1536
64
0
600768
1600
64
0
631488
1664
64
0
633536
1728
64
0
635584
1792
64
0
637632
1856
64
0
639680
1920
64
0
641728
1984
64
0
520960
0
64
0
523008
64
64
0
525056
128
64
0
527104
192
64
0
529152
256
64
0
531200
320
64
0
533248
384
64
0
535296
448
64
0
537344
512
64
0
539392
576
64
0
541440
640
64
0
543488
704
64
0
574208
768
64
0
576256
832
64
0
578304
896
64
0
580352
960
64
0
582400
1024
64
0
584448
1088
64
0
586496
1152
64
0
588544
1216
64
0
590592
1280
64
0
592640
1344
64
0
594688
1408
64
0
596736
1472
64
0
598784
1536
64
0
600832
1600
64
0
631552
1664
64
0
633600
1728
64
0
635648
1792
64
0
637696
1856
64
0
639744
1920
64
0
641792
1984
64
0
521024
0
64
0
523072
64
64
0
525120
128
64
0
527168
192
64
0
529216
256
64
0
531264
320
64
0
533312
384
64
0
535360
448
64
0
537408
512
64
0
539456
576
64
0
541504
640
64
0
543552
704
64
0
574272
768
64
0
576320
832
64
0
578368
896
64
0
580416
960
64
0
582464
1024
64
0
584512
1088
64
0
586560
1152
64
0
588608
1216
64
0
590656
1280
64
0
592704
1344
64
0
594752
1408
64
0
596800
1472
64
0
598848
1536
64
0
600896
1600
64
0
631616
1664
64
0
633664
1728
64
0
635712
1792
64
0
637760
1856
64
0
639808
1920
64
0
641856
1984
64
0
521088
0
64
0
523136
64
64
0
525184
128
64
0
527232
192
64
0
529280
256
64
0
531328
320
64
0
533376
384
64
0
535424
448
64
0
537472
512
64
0
539520
576
64
0
541568
640
64
0
543616
704
64
0
574336
768
64
0
576384
832
64
0
578432
896
64
0
580480
960
64
0
582528
1024
64
0
584576
1088
64
0
586624
1152
64
0
588672
1216
64
0
590720
1280
64
0
592768
1344
64
0
594816
1408
64
0
596864
1472
64
0
598912
1536
64
0
600960
1600
64
0
631680
1664
64
0
633728
1728
64
0
635776
1792
64
0
637824
1856
64
0
639872
1920
64
0
641920
1984
64
0
521152
0
64
0
523200
64
64
0
525248
128
64
0
527296
192
64
0
529344
256
64
0
531392
320
64
0
533440
384
64
0
535488
448
64
0
537536
512
64
0
539584
576
64
0
541632
640
64
0
543680
704
64
0
574400
768
64
0
576448
832
64
0
578496
896
64
0
580544
960
64
0
582592
1024
64
0
584640
1088
64
0
586688
1152
64
0
588736
1216
64
0
590784
1280
64
0
592832
1344
64
0
594880
1408
64
0
596928
1472
64
0
598976
1536
64
0
601024
1600
64
0
631744
1664
64
0
633792
1728
64
0
635840
1792
64
0
637888
1856
64
0
639936
1920
64
0
641984
1984
64
0
643072
0
64
0
645120
64
64
0
647168
128
64
0
649216
192
64
0
651264
256
64
0
653312
320
64
0
655360
384
64
0
657408
448
64
0
688128
512
64
0
690176
576
64
0
692224
640
64
0
694272
704
64
0
696320
768
64
0
698368
832
64
0
700416
896
64
0
702464
960
64
0
704512
1024
64
0
706560
1088
64
0
708608
1152
64
0
710656
1216
64
0
712704
1280
64
0
714752
1344
64
0
745472
1408
64
0
747520
1472
64
0
749568
1536
64
0
751616
1600
64
0
753664
1664
64
0
755712
1728
64
0
757760
1792
64
0
759808
1856
64
0
761856
1920
64
0
763904
1984
64
0
643136
0
64
0
645184
64
64
0
647232
128
64
0
649280
192
64
0
651328
256
64
0
653376
320
64
0
655424
384
64
0
657472
448
64
0
688192
512
64
0
690240
576
64
0
692288
640
64
0
694336
704
64
0
696384
768
64
0
698432
832
64
0
700480
896
64
0
702528
960
64
0
704576
1024
64
0
706624
1088
64
0
708672
1152
64
0
710720
1216
64
0
712768
1280
64
0
714816
1344
64
0
745536
1408
64
0
747584
1472
64
0
749632
1536
64
0
751680
1600
64
0
753728
1664
64
0
755776
1728
64
0
757824
1792
64
0
759872
1856
64
0
761920
1920
64
0
763968
1984
64
0
643200
0
64
0
645248
64
64
0
647296
128
64
0
649344
192
64
0
651392
256
64
0
653440
320
64
0
655488
384
64
0
657536
448
64
0
688256
512
64
0
690304
576
64
0
692352
640
64
0
694400
704
64
0
696448
768
64
0
698496
832
64
0
700544
896
64
0
702592
960
64
0
704640
1024
64
0
706688
1088
64
0
708736
1152
64
0
710784
1216
64
0
712832
1280
64
0
714880
1344
64
0
745600
1408
64
0
747648
1472
64
0
749696
1536
64
0
751744
1600
64
0
753792
1664
64
0
755840
1728
64
0
757888
1792
64
0
759936
1856
64
0
761984
1920
64
0
764032
1984
64
0
643264
0
64
0
645312
64
64
0
647360
128
64
0
649408
192
64
0
651456
256
64
0
653504
320
64
0
655552
384
64
0
657600
448
64
0
688320
512
64
0
690368
576
64
0
692416
640
64
0
694464
704
64
0
696512
768
64
0
698560
832
64
0
700608
896
64
0
702656
960
64
0
704704
1024
64
0
706752
1088
64
0
708800
1152
64
0
710848
1216
64
0
712896
1280
64
0
714944
1344
64
0
745664
1408
64
0
747712
1472
64
0
749760
1536
64
0
751808
1600
64
0
753856
1664
64
0
755904
1728
64
0
757952
1792
64
0
760000
1856
64
0
762048
1920
64
0
764096
1984
64
0
643328
0
64
0
645376
64
64
0
647424
128
64
0
649472
192
64
0
651520
256
64
0
653568
320
64
0
655616
384
64
0
657664
448
64
0
688384
512
64
0
690432
576
64
0
692480
640
64
0
694528
704
64
0
696576
768
64
0
698624
832
64
0
700672
896
64
0
702720
960
64
0
704768
1024
64
0
706816
1088
64
0
708864
1152
64
0
710912
1216
64
0
712960
1280
64
0
715008
1344
64
0
745728
1408
64
0
747776
1472
64
0
749824
1536
64
0
751872
1600
64
0
753920
1664
64
0
755968
1728
64
0
758016
1792
64
0
760064
1856
64
0
762112
1920
64
0
764160
1984
64
0
643392
0
64
0
645440
64
64
0
647488
128
64
0
649536
192
64
0
651584
256
64
0
653632
320
64
0
655680
384
64
0
657728
448
64
0
688448
512
64
0
690496
576
64
0
692544
640
64
0
694592
704
64
0
696640
768
64
0
698688
832
64
0
700736
896
64
0
702784
960
64
0
704832
1024
64
0
706880
1088
64
0
708928
1152
64
0
710976
1216
64
0
713024
1280
64
0
715072
1344
64
0
745792
1408
64
0
747840
1472
64
0
749888
1536
64
0
751936
1600
64
0
753984
1664
64
0
756032
1728
64
0
758080
1792
64
0
760128
1856
64
0
762176
1920
64
0
764224
1984
64
0
643456
0
64
0
645504
64
64
0
647552
128
64
0
649600
192
64
0
651648
256
64
0
653696
320
64
0
655744
384
64
0
657792
448
64
0
688512
512
64
0
690560
576
64
0
692608
640
64
0
694656
704
64
0
696704
768
64
0
698752
832
64
0
700800
896
64
0
702848
960
64
0
704896
1024
64
0
706944
1088
64
0
708992
1152
64
0
711040
1216
64
0
713088
1280
64
0
715136
1344
64
0
745856
1408
64
0
747904
1472
64
0
749952
1536
64
0
752000
1600
64
0
754048
1664
64
0
756096
1728
64
0
758144
1792
64
0
760192
1856
64
0
762240
1920
64
0
764288
1984
64
0
643520
0
64
0
645568
64
64
0
647616
128
64
0
649664
192
64
0
651712
256
64
0
653760
320
64
0
655808
384
64
0
657856
448
64
0
688576
512
64
0
690624
576
64
0
692672
640
64
0
694720
704
64
0
696768
768
64
0
698816
832
64
0
700864
896
64
0
702912
960
64
0
704960
1024
64
0
707008
1088
64
0
709056
1152
64
0
711104
1216
64
0
713152
1280
64
0
715200
1344
64
0
745920
1408
64
0
747968
1472
64
0
750016
1536
64
0
752064
1600
64
0
754112
1664
64
0
756160
1728
64
0
758208
1792
64
0
760256
1856
64
0
762304
1920
64
0
764352
1984
64
0
643584
0
64
0
645632
64
64
0
647680
128
64
0
649728
192
64
0
651776
256
64
0
653824
320
64
0
655872
384
64
0
657920
448
64
0
688640
512
64
0
690688
576
64
0
692736
640
64
0
694784
704
64
0
696832
768
64
0
698880
832
64
0
700928
896
64
0
702976
960
64
0
705024
1024
64
0
707072
1088
64
0
709120
1152
64
0
711168
1216
64
0
713216
1280
64
0
715264
1344
64
0
745984
1408
64
0
748032
1472
64
0
750080
1536
64
0
752128
1600
64
0
754176
1664
64
0
756224
1728
64
0
758272
1792
64
0
760320
1856
64
0
762368
1920
64
0
764416
1984
64
0
643648
0
64
0
645696
64
64
0
647744
128
64
0
649792
192
64
0
651840
256
64
0
653888
320
64
0
655936
384
64
0
657984
448
64
0
688704
512
64
0
690752
576
64
0
692800
640
64
0
694848
704
64
0
696896
768
64
0
698944
832
64
0
700992
896
64
0
703040
960
64
0
705088
1024
64
0
707136
1088
64
0
709184
1152
64
0
711232
1216
64
0
713280
1280
64
0
715328
1344
64
0
746048
1408
64
0
748096
1472
64
0
750144
1536
64
0
752192
1600
64
0
754240
1664
64
0
756288
1728
64
0
758336
1792
64
0
760384
1856
64
0
762432
1920
64
0
764480
1984
64
0
643712
0
64
0
645760
64
64
0
647808
128
64
0
649856
192
64
0
651904
256
64
0
653952
320
64
0
656000
384
64
0
658048
448
64
0
688768
512
64
0
690816
576
64
0
692864
640
64
0
694912
704
64
0
696960
768
64
0
699008
832
64
0
701056
896
64
0
703104
960
64
0
705152
1024
64
0
707200
1088
64
0
709248
1152
64
0
711296
1216
64
0
713344
1280
64
0
715392
1344
64
0
746112
1408
64
0
748160
1472
64
0
750208
1536
64
0
752256
1600
64
0
754304
1664
64
0
756352
1728
64
0
758400
1792
64
0
760448
1856
64
0
762496
1920
64
0
764544
1984
64
0
643776
0
64
0
645824
64
64
0
647872
128
64
0
649920
192
64
0
651968
256
64
0
654016
320
64
0
656064
384
64
0
658112
448
64
0
688832
512
64
0
690880
576
64
0
692928
640
64
0
694976
704
64
0
697024
768
64
0
699072
832
64
0
701120
896
64
0
703168
960
64
0
705216
1024
64
0
707264
1088
64
0
709312
1152
64
0
711360
1216
64
0
713408
1280
64
0
715456
1344
64
0
746176
1408
64
0
748224
1472
64
0
750272
1536
64
0
752320
1600
64
0
754368
1664
64
0
756416
1728
64
0
758464
1792
64
0
760512
1856
64
0
762560
1920
64
0
764608
1984
64
0
643840
0
64
0
645888
64
64
0
647936
128
64
0
649984
192
64
0
652032
256
64
0
654080
320
64
0
656128
384
64
0
658176
448
64
0
688896
512
64
0
690944
576
64
0
692992
640
64
0
695040
704
64
0
697088
768
64
0
699136
832
64
0
701184
896
64
0
703232
960
64
0
705280
1024
64
0
707328
1088
64
0
709376
1152
64
0
711424
1216
64
0
713472
1280
64
0
715520
1344
64
0
746240
1408
64
0
748288
1472
64
0
750336
1536
64
0
752384
1600
64
0
754432
1664
64
0
756480
1728
64
0
758528
1792
64
0
760576
1856
64
0
762624
1920
64
0
764672
1984
64
0
643904
0
64
0
645952
64
64
0
648000
128
64
0
650048
192
64
0
652096
256
64
0
654144
320
64
0
656192
384
64
0
658240
448
64
0
688960
512
64
0
691008
576
64
0
693056
640
64
0
695104
704
64
0
697152
768
64
0
699200
832
64
0
701248
896
64
0
703296
960
64
0
705344
1024
64
0
707392
1088
64
0
709440
1152
64
0
711488
1216
64
0
713536
1280
64
0
715584
1344
64
0
746304
1408
64
0
748352
1472
64
0
750400
1536
64
0
752448
1600
64
0
754496
1664
64
0
756544
1728
64
0
758592
1792
64
0
760640
1856
64
0
762688
1920
64
0
764736
1984
64
0
643968
0
64
0
646016
64
64
0
648064
128
64
0
650112
192
64
0
652160
256
64
0
654208
320
64
0
656256
384
64
0
658304
448
64
0
689024
512
64
0
691072
576
64
0
693120
640
64
0
695168
704
64
0
697216
768
64
0
699264
832
64
0
701312
896
64
0
703360
960
64
0
705408
1024
64
0
707456
1088
64
0
709504
1152
64
0
711552
1216
64
0
713600
1280
64
0
715648
1344
64
0
746368
1408
64
0
748416
1472
64
0
750464
1536
64
0
752512
1600
64
0
754560
1664
64
0
756608
1728
64
0
758656
1792
64
0
760704
1856
64
0
762752
1920
64
0
764800
1984
64
0
644032
0
64
0
646080
64
64
0
648128
128
64
0
650176
192
64
0
652224
256
64
0
654272
320
64
0
656320
384
64
0
658368
448
64
0
689088
512
64
0
691136
576
64
0
693184
640
64
0
695232
704
64
0
697280
768
64
0
699328
832
64
0
701376
896
64
0
703424
960
64
0
705472
1024
64
0
707520
1088
64
0
709568
1152
64
0
711616
1216
64
0
713664
1280
64
0
715712
1344
64
0
746432
1408
64
0
748480
1472
64
0
750528
1536
64
0
752576
1600
64
0
754624
1664
64
0
756672
1728
64
0
758720
1792
64
0
760768
1856
64
0
762816
1920
64
0
764864
1984
64
0
765952
0
64
0
768000
64
64
0
770048
128
64
0
772096
192
64
0
0
256
64
1
0
320
64
1
0
384
64
1
0
448
64
1
0
512
64
1
0
576
64
1
0
640
64
1
0
704
64
1
0
768
64
1
0
832
64
1
0
896
64
1
0
960
64
1
0
1024
64
1
0
1088
64
1
0
1152
64
1
0
1216
64
1
0
1280
64
1
0
1344
64
1
0
1408
64
1
0
1472
64
1
0
1536
64
1
0
1600
64
1
0
1664
64
1
0
1728
64
1
0
1792
64
1
0
1856
64
1
0
1920
64
1
0
1984
64
1
766016
0
64
0
768064
64
64
0
770112
128
64
0
772160
192
64
0
64
256
64
1
64
320
64
1
64
384
64
1
64
448
64
1
64
512
64
1
64
576
64
1
64
640
64
1
64
704
64
1
64
768
64
1
64
832
64
1
64
896
64
1
64
960
64
1
64
1024
64
1
64
1088
64
1
64
1152
64
1
64
1216
64
1
64
1280
64
1
64
1344
64
1
64
1408
64
1
64
1472
64
1
64
1536
64
1
64
1600
64
1
64
1664
64
1
64
1728
64
1
64
1792
64
1
64
1856
64
1
64
1920
64
1
64
1984
64
1
766080
0
64
0
768128
64
64
0
770176
128
64
0
772224
192
64
0
128
256
64
1
128
320
64
1
128
384
64
1
128
448
64
1
128
512
64
1
128
576
64
1
128
640
64
1
128
704
64
1
128
768
64
1
128
832
64
1
128
896
64
1
128
960
64
1
128
1024
64
1
128
1088
64
1
128
1152
64
1
128
1216
64
1
128
1280
64
1
128
1344
64
1
128
1408
64
1
128
1472
64
1
128
1536
64
1
128
1600
64
1
128
1664
64
1
128
1728
64
1
128
1792
64
1
128
1856
64
1
128
1920
64
1
128
1984
64
1
766144
0
64
0
768192
64
64
0
770240
128
64
0
772288
192
64
0
192
256
64
1
192
320
64
1
192
384
64
1
192
448
64
1
192
512
64
1
192
576
64
1
192
640
64
1
192
704
64
1
192
768
64
1
192
832
64
1
192
896
64
1
192
960
64
1
192
1024
64
1
192
1088
64
1
192
1152
64
1
192
1216
64
1
192
1280
64
1
192
1344
64
1
192
1408
64
1
192
1472
64
1
192
1536
64
1
192
1600
64
1
192
1664
64
1
192
1728
64
1
192
1792
64
1
192
1856
64
1
192
1920
64
1
192
1984
64
1
766208
0
64
0
768256
64
64
0
770304
128
64
0
772352
192
64
0
256
256
64
1
256
320
64
1
256
384
64
1
256
448
64
1
256
512
64
1
256
576
64
1
256
640
64
1
256
704
64
1
256
768
64
1
256
832
64
1
256
896
64
1
256
960
64
1
256
1024
64
1
256
1088
64
1
256
1152
64
1
256
1216
64
1
256
1280
64
1
256
1344
64
1
256
1408
64
1
256
1472
64
1
256
1536
64
1
256
1600
64
1
256
1664
64
1
256
1728
64
1
256
1792
64
1
256
1856
64
1
256
1920
64
1
256
1984
64
1
766272
0
64
0
768320
64
64
0
770368
128
64
0
772416
192
64
0
320
256
64
1
320
320
64
1
320
384
64
1
320
448
64
1
320
512
64
1
320
576
64
1
320
640
64
1
320
704
64
1
320
768
64
1
320
832
64
1
320
896
64
1
320
960
64
1
320
1024
64
1
320
1088
64
1
320
1152
64
1
320
1216
64
1
320
1280
64
1
320
1344
64
1
320
1408
64
1
320
1472
64
1
320
1536
64
1
320
1600
64
1
320
1664
64
1
320
1728
64
1
320
1792
64
1
320
1856
64
1
320
1920
64
1
320
1984
64
1
766336
0
64
0
768384
64
64
0
770432
128
64
0
772480
192
64
0
384
256
64
1
384
320
64
1
384
384
64
1
384
448
64
1
384
512
64
1
384
576
64
1
384
640
64
1
384
704
64
1
384
768
64
1
384
832
64
1
384
896
64
1
384
960
64
1
384
1024
64
1
384
1088
64
1
384
1152
64
1
384
1216
64
1
384
1280
64
1
384
1344
64
1
384
1408
64
1
384
1472
64
1
384
1536
64
1
384
1600
64
1
384
1664
64
1
384
1728
64
1
384
1792
64
1
384
1856
64
1
384
1920
64
1
384
1984
64
1
766400
0
64
0
768448
64
64
0
770496
128
64
0
772544
192
64
0
448
256
64
1
448
320
64
1
448
384
64
1
448
448
64
1
448
512
64
1
448
576
64
1
448
640
64
1
448
704
64
1
448
768
64
1
448
832
64
1
448
896
64
1
448
960
64
1
448
1024
64
1
448
1088
64
1
448
1152
64
1
448
1216
64
1
448
1280
64
1
448
1344
64
1
448
1408
64
1
448
1472
64
1
448
1536
64
1
448
1600
64
1
448
1664
64
1
448
1728
64
1
448
1792
64
1
448
1856
64
1
448
1920
64
1
448
1984
64
1
766464
0
64
0
768512
64
64
0
770560
128
64
0
772608
192
64
0
512
256
64
1
512
320
64
1
512
384
64
1
512
448
64
1
512
512
64
1
512
576
64
1
512
640
64
1
512
704
64
1
512
768
64
1
512
832
64
1
512
896
64
1
512
960
64
1
512
1024
64
1
512
1088
64
1
512
1152
64
1
512
1216
64
1
512
1280
64
1
512
1344
64
1
512
1408
64
1
512
1472
64
1
512
1536
64
1
512
1600
64
1
512
1664
64
1
512
1728
64
1
512
1792
64
1
512
1856
64
1
512
1920
64
1
512
1984
64
1
766528
0
64
0
768576
64
64
0
770624
128
64
0
772672
192
64
0
576
256
64
1
576
320
64
1
576
384
64
1
576
448
64
1
576
512
64
1
576
576
64
1
576
640
64
1
576
704
64
1
576
768
64
1
576
832
64
1
576
896
64
1
576
960
64
1
576
1024
64
1
576
1088
64
1
576
1152
64
1
576
1216
64
1
576
1280
64
1
576
1344
64
1
576
1408
64
1
576
1472
64
1
576
1536
64
1
576
1600
64
1
576
1664
64
1
576
1728
64
1
576
1792
64
1
576
1856
64
1
576
1920
64
1
576
1984
64
1
766592
0
64
0
768640
64
64
0
770688
128
64
0
772736
192
64
0
640
256
64
1
640
320
64
1
640
384
64
1
640
448
64
1
640
512
64
1
640
576
64
1
640
640
64
1
640
704
64
1
640
768
64
1
640
832
64
1
640
896
64
1
640
960
64
1
640
1024
64
1
640
1088
64
1
640
1152
64
1
640
1216
64
1
640
1280
64
1
640
1344
64
1
640
1408
64
1
640
1472
64
1
640
1536
64
1
640
1600
64
1
640
1664
64
1
640
1728
64
1
640
1792
64
1
640
1856
64
1
640
1920
64
1
640
1984
64
1
766656
0
64
0
768704
64
64
0
770752
128
64
0
772800
192
64
0
704
256
64
1
704
320
64
1
704
384
64
1
704
448
64
1
704
512
64
1
704
576
64
1
704
640
64
1
704
704
64
1
704
768
64
1
704
832
64
1
704
896
64
1
704
960
64
1
704
1024
64
1
704
1088
64
1
704
1152
64
1
704
1216
64
1
704
1280
64
1
704
1344
64
1
704
1408
64
1
704
1472
64
1
704
1536
64
1
704
1600
64
1
704
1664
64
1
704
1728
64
1
704
1792
64
1
704
1856
64
1
704
1920
64
1
704
1984
64
1
766720
0
64
0
768768
64
64
0
770816
128
64
0
772864
192
64
0
768
256
64
1
768
320
64
1
768
384
64
1
768
448
64
1
768
512
64
1
768
576
64
1
768
640
64
1
768
704
64
1
768
768
64
1
768
832
64
1
768
896
64
1
768
960
64
1
768
1024
64
1
768
1088
64
1
768
1152
64
1
768
1216
64
1
768
1280
64
1
768
1344
64
1
768
1408
64
1
768
1472
64
1
768
1536
64
1
768
1600
64
1
768
1664
64
1
768
1728
64
1
768
1792
64
1
768
1856
64
1
768
1920
64
1
768
1984
64
1
766784
0
64
0
768832
64
64
0
770880
128
64
0
772928
192
64
0
832
256
64
1
832
320
64
1
832
384
64
1
832
448
64
1
832
512
64
1
832
576
64
1
832
640
64
1
832
704
64
1
832
768
64
1
832
832
64
1
832
896
64
1
832
960
64
1
832
1024
64
1
832
1088
64
1
832
1152
64
1
832
1216
64
1
832
1280
64
1
832
1344
64
1
832
1408
64
1
832
1472
64
1
832
1536
64
1
832
1600
64
1
832
1664
64
1
832
1728
64
1
832
1792
64
1
832
1856
64
1
832
1920
64
1
832
1984
64
1
766848
0
64
0
768896
64
64
0
770944
128
64
0
772992
192
64
0
896
256
64
1
896
320
64
1
896
384
64
1
896
448
64
1
896
512
64
1
896
576
64
1
896
640
64
1
896
704
64
1
896
768
64
1
896
832
64
1
896
896
64
1
896
960
64
1
896
1024
64
1
896
1088
64
1
896
1152
64
1
896
1216
64
1
896
1280
64
1
896
1344
64
1
896
1408
64
1
896
1472
64
1
896
1536
64
1
896
1600
64
1
896
1664
64
1
896
1728
64
1
896
1792
64
1
896
1856
64
1
896
1920
64
1
896
1984
64
1
766912
0
64
0
768960
64
64
0
771008
128
64
0
773056
192
64
0
960
256
64
1
960
320
64
1
960
384
64
1
960
448
64
1
960
512
64
1
960
576
64
1
960
640
64
1
960
704
64
1
960
768
64
1
960
832
64
1
960
896
64
1
960
960
64
1
960
1024
64
1
960
1088
64
1
960
1152
64
1
960
1216
64
1
960
1280
64
1
960
1344
64
1
960
1408
64
1
960
1472
64
1
960
1536
64
1
960
1600
64
1
960
1664
64
1
960
1728
64
1
960
1792
64
1
960
1856
64
1
960
1920
64
1
960
1984
64
1
