0
0
64
0
512
64
64
0
1024
128
64
0
1536
192
64
0
2048
256
64
0
2560
320
64
0
3072
384
64
0
3584
448
64
0
4096
512
64
0
4608
576
64
0
5120
640
64
0
5632
704
64
0
6144
768
64
0
6656
832
64
0
7168
896
64
0
7680
960
64
0
8192
1024
64
0
8704
1088
64
0
9216
1152
64
0
9728
1216
64
0
10240
1280
64
0
10752
1344
64
0
11264
1408
64
0
11776
1472
64
0
12288
1536
64
0
12800
1600
64
0
13312
1664
64
0
13824
1728
64
0
14336
1792
64
0
14848
1856
64
0
15360
1920
64
0
15872
1984
64
0
64
0
64
0
576
64
64
0
1088
128
64
0
1600
192
64
0
2112
256
64
0
2624
320
64
0
3136
384
64
0
3648
448
64
0
4160
512
64
0
4672
576
64
0
5184
640
64
0
5696
704
64
0
6208
768
64
0
6720
832
64
0
7232
896
64
0
7744
960
64
0
8256
1024
64
0
8768
1088
64
0
9280
1152
64
0
9792
1216
64
0
10304
1280
64
0
10816
1344
64
0
11328
1408
64
0
11840
1472
64
0
12352
1536
64
0
12864
1600
64
0
13376
1664
64
0
13888
1728
64
0
14400
1792
64
0
14912
1856
64
0
15424
1920
64
0
15936
1984
64
0
128
0
64
0
640
64
64
0
1152
128
64
0
1664
192
64
0
2176
256
64
0
2688
320
64
0
3200
384
64
0
3712
448
64
0
4224
512
64
0
4736
576
64
0
5248
640
64
0
5760
704
64
0
6272
768
64
0
6784
832
64
0
7296
896
64
0
7808
960
64
0
8320
1024
64
0
8832
1088
64
0
9344
1152
64
0
9856
1216
64
0
10368
1280
64
0
10880
1344
64
0
11392
1408
64
0
11904
1472
64
0
12416
1536
64
0
12928
1600
64
0
13440
1664
64
0
13952
1728
64
0
14464
1792
64
0
14976
1856
64
0
15488
1920
64
0
16000
1984
64
0
192
0
64
0
704
64
64
0
1216
128
64
0
1728
192
64
0
2240
256
64
0
2752
320
64
0
3264
384
64
0
3776
448
64
0
4288
512
64
0
4800
576
64
0
5312
640
64
0
5824
704
64
0
6336
768
64
0
6848
832
64
0
7360
896
64
0
7872
960
64
0
8384
1024
64
0
8896
1088
64
0
9408
1152
64
0
9920
1216
64
0
10432
1280
64
0
10944
1344
64
0
11456
1408
64
0
11968
1472
64
0
12480
1536
64
0
12992
1600
64
0
13504
1664
64
0
14016
1728
64
0
14528
1792
64
0
15040
1856
64
0
15552
1920
64
0
16064
1984
64
0
256
0
64
0
768
64
64
0
1280
128
64
0
1792
192
64
0
2304
256
64
0
2816
320
64
0
3328
384
64
0
3840
448
64
0
4352
512
64
0
4864
576
64
0
5376
640
64
0
5888
704
64
0
6400
768
64
0
6912
832
64
0
7424
896
64
0
7936
960
64
0
8448
1024
64
0
8960
1088
64
0
9472
1152
64
0
9984
1216
64
0
10496
1280
64
0
11008
1344
64
0
11520
1408
64
0
12032
1472
64
0
12544
1536
64
0
13056
1600
64
0
13568
1664
64
0
14080
1728
64
0
14592
1792
64
0
15104
1856
64
0
15616
1920
64
0
16128
1984
64
0
320
0
64
0
832
64
64
0
1344
128
64
0
1856
192
64
0
2368
256
64
0
2880
320
64
0
3392
384
64
0
3904
448
64
0
4416
512
64
0
4928
576
64
0
5440
640
64
0
5952
704
64
0
6464
768
64
0
6976
832
64
0
7488
896
64
0
8000
960
64
0
8512
1024
64
0
9024
1088
64
0
9536
1152
64
0
10048
1216
64
0
10560
1280
64
0
11072
1344
64
0
11584
1408
64
0
12096
1472
64
0
12608
1536
64
0
13120
1600
64
0
13632
1664
64
0
14144
1728
64
0
14656
1792
64
0
15168
1856
64
0
15680
1920
64
0
16192
1984
64
0
384
0
64
0
896
64
64
0
1408
128
64
0
1920
192
64
0
2432
256
64
0
2944
320
64
0
3456
384
64
0
3968
448
64
0
4480
512
64
0
4992
576
64
0
5504
640
64
0
6016
704
64
0
6528
768
64
0
7040
832
64
0
7552
896
64
0
8064
960
64
0
8576
1024
64
0
9088
1088
64
0
9600
1152
64
0
10112
1216
64
0
10624
1280
64
0
11136
1344
64
0
11648
1408
64
0
12160
1472
64
0
12672
1536
64
0
13184
1600
64
0
13696
1664
64
0
14208
1728
64
0
14720
1792
64
0
15232
1856
64
0
15744
1920
64
0
16256
1984
64
0
448
0
64
0
960
64
64
0
1472
128
64
0
1984
192
64
0
2496
256
64
0
3008
320
64
0
3520
384
64
0
4032
448
64
0
4544
512
64
0
5056
576
64
0
5568
640
64
0
6080
704
64
0
6592
768
64
0
7104
832
64
0
7616
896
64
0
8128
960
64
0
8640
1024
64
0
9152
1088
64
0
9664
1152
64
0
10176
1216
64
0
10688
1280
64
0
11200
1344
64
0
11712
1408
64
0
12224
1472
64
0
12736
1536
64
0
13248
1600
64
0
13760
1664
64
0
14272
1728
64
0
14784
1792
64
0
15296
1856
64
0
15808
1920
64
0
16320
1984
64
0
16384
0
64
0
16896
64
64
0
17408
128
64
0
17920
192
64
0
18432
256
64
0
18944
320
64
0
19456
384
64
0
19968
448
64
0
20480
512
64
0
20992
576
64
0
21504
640
64
0
22016
704
64
0
22528
768
64
0
23040
832
64
0
23552
896
64
0
24064
960
64
0
24576
1024
64
0
25088
1088
64
0
25600
1152
64
0
26112
1216
64
0
26624
1280
64
0
27136
1344
64
0
27648
1408
64
0
28160
1472
64
0
28672
1536
64
0
29184
1600
64
0
29696
1664
64
0
30208
1728
64
0
30720
1792
64
0
31232
1856
64
0
31744
1920
64
0
32256
1984
64
0
16448
0
64
0
16960
64
64
0
17472
128
64
0
17984
192
64
0
18496
256
64
0
19008
320
64
0
19520
384
64
0
20032
448
64
0
20544
512
64
0
21056
576
64
0
21568
640
64
0
22080
704
64
0
22592
768
64
0
23104
832
64
0
23616
896
64
0
24128
960
64
0
24640
1024
64
0
25152
1088
64
0
25664
1152
64
0
26176
1216
64
0
26688
1280
64
0
27200
1344
64
0
27712
1408
64
0
28224
1472
64
0
28736
1536
64
0
29248
1600
64
0
29760
1664
64
0
30272
1728
64
0
30784
1792
64
0
31296
1856
64
0
31808
1920
64
0
32320
1984
64
0
16512
0
64
0
17024
64
64
0
17536
128
64
0
18048
192
64
0
18560
256
64
0
19072
320
64
0
19584
384
64
0
20096
448
64
0
20608
512
64
0
21120
576
64
0
21632
640
64
0
22144
704
64
0
22656
768
64
0
23168
832
64
0
23680
896
64
0
24192
960
64
0
24704
1024
64
0
25216
1088
64
0
25728
1152
64
0
26240
1216
64
0
26752
1280
64
0
27264
1344
64
0
27776
1408
64
0
28288
1472
64
0
28800
1536
64
0
29312
1600
64
0
29824
1664
64
0
30336
1728
64
0
30848
1792
64
0
31360
1856
64
0
31872
1920
64
0
32384
1984
64
0
16576
0
64
0
17088
64
64
0
17600
128
64
0
18112
192
64
0
18624
256
64
0
19136
320
64
0
19648
384
64
0
20160
448
64
0
20672
512
64
0
21184
576
64
0
21696
640
64
0
22208
704
64
0
22720
768
64
0
23232
832
64
0
23744
896
64
0
24256
960
64
0
24768
1024
64
0
25280
1088
64
0
25792
1152
64
0
26304
1216
64
0
26816
1280
64
0
27328
1344
64
0
27840
1408
64
0
28352
1472
64
0
28864
1536
64
0
29376
1600
64
0
29888
1664
64
0
30400
1728
64
0
30912
1792
64
0
31424
1856
64
0
31936
1920
64
0
32448
1984
64
0
16640
0
64
0
17152
64
64
0
17664
128
64
0
18176
192
64
0
18688
256
64
0
19200
320
64
0
19712
384
64
0
20224
448
64
0
20736
512
64
0
21248
576
64
0
21760
640
64
0
22272
704
64
0
22784
768
64
0
23296
832
64
0
23808
896
64
0
24320
960
64
0
24832
1024
64
0
25344
1088
64
0
25856
1152
64
0
26368
1216
64
0
26880
1280
64
0
27392
1344
64
0
27904
1408
64
0
28416
1472
64
0
28928
1536
64
0
29440
1600
64
0
29952
1664
64
0
30464
1728
64
0
30976
1792
64
0
31488
1856
64
0
32000
1920
64
0
32512
1984
64
0
16704
0
64
0
17216
64
64
0
17728
128
64
0
18240
192
64
0
18752
256
64
0
19264
320
64
0
19776
384
64
0
20288
448
64
0
20800
512
64
0
21312
576
64
0
21824
640
64
0
22336
704
64
0
22848
768
64
0
23360
832
64
0
23872
896
64
0
24384
960
64
0
24896
1024
64
0
25408
1088
64
0
25920
1152
64
0
26432
1216
64
0
26944
1280
64
0
27456
1344
64
0
27968
1408
64
0
28480
1472
64
0
28992
1536
64
0
29504
1600
64
0
30016
1664
64
0
30528
1728
64
0
31040
1792
64
0
31552
1856
64
0
32064
1920
64
0
32576
1984
64
0
16768
0
64
0
17280
64
64
0
17792
128
64
0
18304
192
64
0
18816
256
64
0
19328
320
64
0
19840
384
64
0
20352
448
64
0
20864
512
64
0
21376
576
64
0
21888
640
64
0
22400
704
64
0
22912
768
64
0
23424
832
64
0
23936
896
64
0
24448
960
64
0
24960
1024
64
0
25472
1088
64
0
25984
1152
64
0
26496
1216
64
0
27008
1280
64
0
27520
1344
64
0
28032
1408
64
0
28544
1472
64
0
29056
1536
64
0
29568
1600
64
0
30080
1664
64
0
30592
1728
64
0
31104
1792
64
0
31616
1856
64
0
32128
1920
64
0
32640
1984
64
0
16832
0
64
0
17344
64
64
0
17856
128
64
0
18368
192
64
0
18880
256
64
0
19392
320
64
0
19904
384
64
0
20416
448
64
0
20928
512
64
0
21440
576
64
0
21952
640
64
0
22464
704
64
0
22976
768
64
0
23488
832
64
0
24000
896
64
0
24512
960
64
0
25024
1024
64
0
25536
1088
64
0
26048
1152
64
0
26560
1216
64
0
27072
1280
64
0
27584
1344
64
0
28096
1408
64
0
28608
1472
64
0
29120
1536
64
0
29632
1600
64
0
30144
1664
64
0
30656
1728
64
0
31168
1792
64
0
31680
1856
64
0
32192
1920
64
0
32704
1984
64
0
32768
0
64
0
33280
64
64
0
33792
128
64
0
34304
192
64
0
34816
256
64
0
35328
320
64
0
35840
384
64
0
36352
448
64
0
36864
512
64
0
37376
576
64
0
37888
640
64
0
38400
704
64
0
38912
768
64
0
39424
832
64
0
39936
896
64
0
40448
960
64
0
40960
1024
64
0
41472
1088
64
0
41984
1152
64
0
42496
1216
64
0
43008
1280
64
0
43520
1344
64
0
44032
1408
64
0
44544
1472
64
0
45056
1536
64
0
45568
1600
64
0
46080
1664
64
0
46592
1728
64
0
47104
1792
64
0
47616
1856
64
0
48128
1920
64
0
48640
1984
64
0
32832
0
64
0
33344
64
64
0
33856
128
64
0
34368
192
64
0
34880
256
64
0
35392
320
64
0
35904
384
64
0
36416
448
64
0
36928
512
64
0
37440
576
64
0
37952
640
64
0
38464
704
64
0
38976
768
64
0
39488
832
64
0
40000
896
64
0
40512
960
64
0
41024
1024
64
0
41536
1088
64
0
42048
1152
64
0
42560
1216
64
0
43072
1280
64
0
43584
1344
64
0
44096
1408
64
0
44608
1472
64
0
45120
1536
64
0
45632
1600
64
0
46144
1664
64
0
46656
1728
64
0
47168
1792
64
0
47680
1856
64
0
48192
1920
64
0
48704
1984
64
0
32896
0
64
0
33408
64
64
0
33920
128
64
0
34432
192
64
0
34944
256
64
0
35456
320
64
0
35968
384
64
0
36480
448
64
0
36992
512
64
0
37504
576
64
0
38016
640
64
0
38528
704
64
0
39040
768
64
0
39552
832
64
0
40064
896
64
0
40576
960
64
0
41088
1024
64
0
41600
1088
64
0
42112
1152
64
0
42624
1216
64
0
43136
1280
64
0
43648
1344
64
0
44160
1408
64
0
44672
1472
64
0
45184
1536
64
0
45696
1600
64
0
46208
1664
64
0
46720
1728
64
0
47232
1792
64
0
47744
1856
64
0
48256
1920
64
0
48768
1984
64
0
32960
0
64
0
33472
64
64
0
33984
128
64
0
34496
192
64
0
35008
256
64
0
35520
320
64
0
36032
384
64
0
36544
448
64
0
37056
512
64
0
37568
576
64
0
38080
640
64
0
38592
704
64
0
39104
768
64
0
39616
832
64
0
40128
896
64
0
40640
960
64
0
41152
1024
64
0
41664
1088
64
0
42176
1152
64
0
42688
1216
64
0
43200
1280
64
0
43712
1344
64
0
44224
1408
64
0
44736
1472
64
0
45248
1536
64
0
45760
1600
64
0
46272
1664
64
0
46784
1728
64
0
47296
1792
64
0
47808
1856
64
0
48320
1920
64
0
48832
1984
64
0
33024
0
64
0
33536
64
64
0
34048
128
64
0
34560
192
64
0
35072
256
64
0
35584
320
64
0
36096
384
64
0
36608
448
64
0
37120
512
64
0
37632
576
64
0
38144
640
64
0
38656
704
64
0
39168
768
64
0
39680
832
64
0
40192
896
64
0
40704
960
64
0
41216
1024
64
0
41728
1088
64
0
42240
1152
64
0
42752
1216
64
0
43264
1280
64
0
43776
1344
64
0
44288
1408
64
0
44800
1472
64
0
45312
1536
64
0
45824
1600
64
0
46336
1664
64
0
46848
1728
64
0
47360
1792
64
0
47872
1856
64
0
48384
1920
64
0
48896
1984
64
0
33088
0
64
0
33600
64
64
0
34112
128
64
0
34624
192
64
0
35136
256
64
0
35648
320
64
0
36160
384
64
0
36672
448
64
0
37184
512
64
0
37696
576
64
0
38208
640
64
0
38720
704
64
0
39232
768
64
0
39744
832
64
0
40256
896
64
0
40768
960
64
0
41280
1024
64
0
41792
1088
64
0
42304
1152
64
0
42816
1216
64
0
43328
1280
64
0
43840
1344
64
0
44352
1408
64
0
44864
1472
64
0
45376
1536
64
0
45888
1600
64
0
46400
1664
64
0
46912
1728
64
0
47424
1792
64
0
47936
1856
64
0
48448
1920
64
0
48960
1984
64
0
33152
0
64
0
33664
64
64
0
34176
128
64
0
34688
192
64
0
35200
256
64
0
35712
320
64
0
36224
384
64
0
36736
448
64
0
37248
512
64
0
37760
576
64
0
38272
640
64
0
38784
704
64
0
39296
768
64
0
39808
832
64
0
40320
896
64
0
40832
960
64
0
41344
1024
64
0
41856
1088
64
0
42368
1152
64
0
42880
1216
64
0
43392
1280
64
0
43904
1344
64
0
44416
1408
64
0
44928
1472
64
0
45440
1536
64
0
45952
1600
64
0
46464
1664
64
0
46976
1728
64
0
47488
1792
64
0
48000
1856
64
0
48512
1920
64
0
49024
1984
64
0
33216
0
64
0
33728
64
64
0
34240
128
64
0
34752
192
64
0
35264
256
64
0
35776
320
64
0
36288
384
64
0
36800
448
64
0
37312
512
64
0
37824
576
64
0
38336
640
64
0
38848
704
64
0
39360
768
64
0
39872
832
64
0
40384
896
64
0
40896
960
64
0
41408
1024
64
0
41920
1088
64
0
42432
1152
64
0
42944
1216
64
0
43456
1280
64
0
43968
1344
64
0
44480
1408
64
0
44992
1472
64
0
45504
1536
64
0
46016
1600
64
0
46528
1664
64
0
47040
1728
64
0
47552
1792
64
0
48064
1856
64
0
48576
1920
64
0
49088
1984
64
0
49152
0
64
0
49664
64
64
0
50176
128
64
0
50688
192
64
0
51200
256
64
0
51712
320
64
0
52224
384
64
0
52736
448
64
0
53248
512
64
0
53760
576
64
0
54272
640
64
0
54784
704
64
0
55296
768
64
0
55808
832
64
0
56320
896
64
0
56832
960
64
0
57344
1024
64
0
57856
1088
64
0
58368
1152
64
0
58880
1216
64
0
59392
1280
64
0
59904
1344
64
0
60416
1408
64
0
60928
1472
64
0
61440
1536
64
0
61952
1600
64
0
62464
1664
64
0
62976
1728
64
0
63488
1792
64
0
64000
1856
64
0
64512
1920
64
0
65024
1984
64
0
49216
0
64
0
49728
64
64
0
50240
128
64
0
50752
192
64
0
51264
256
64
0
51776
320
64
0
52288
384
64
0
52800
448
64
0
53312
512
64
0
53824
576
64
0
54336
640
64
0
54848
704
64
0
55360
768
64
0
55872
832
64
0
56384
896
64
0
56896
960
64
0
57408
1024
64
0
57920
1088
64
0
58432
1152
64
0
58944
1216
64
0
59456
1280
64
0
59968
1344
64
0
60480
1408
64
0
60992
1472
64
0
61504
1536
64
0
62016
1600
64
0
62528
1664
64
0
63040
1728
64
0
63552
1792
64
0
64064
1856
64
0
64576
1920
64
0
65088
1984
64
0
49280
0
64
0
49792
64
64
0
50304
128
64
0
50816
192
64
0
51328
256
64
0
51840
320
64
0
52352
384
64
0
52864
448
64
0
53376
512
64
0
53888
576
64
0
54400
640
64
0
54912
704
64
0
55424
768
64
0
55936
832
64
0
56448
896
64
0
56960
960
64
0
57472
1024
64
0
57984
1088
64
0
58496
1152
64
0
59008
1216
64
0
59520
1280
64
0
60032
1344
64
0
60544
1408
64
0
61056
1472
64
0
61568
1536
64
0
62080
1600
64
0
62592
1664
64
0
63104
1728
64
0
63616
1792
64
0
64128
1856
64
0
64640
1920
64
0
65152
1984
64
0
49344
0
64
0
49856
64
64
0
50368
128
64
0
50880
192
64
0
51392
256
64
0
51904
320
64
0
52416
384
64
0
52928
448
64
0
53440
512
64
0
53952
576
64
0
54464
640
64
0
54976
704
64
0
55488
768
64
0
56000
832
64
0
56512
896
64
0
57024
960
64
0
57536
1024
64
0
58048
1088
64
0
58560
1152
64
0
59072
1216
64
0
59584
1280
64
0
60096
1344
64
0
60608
1408
64
0
61120
1472
64
0
61632
1536
64
0
62144
1600
64
0
62656
1664
64
0
63168
1728
64
0
63680
1792
64
0
64192
1856
64
0
64704
1920
64
0
65216
1984
64
0
49408
0
64
0
49920
64
64
0
50432
128
64
0
50944
192
64
0
51456
256
64
0
51968
320
64
0
52480
384
64
0
52992
448
64
0
53504
512
64
0
54016
576
64
0
54528
640
64
0
55040
704
64
0
55552
768
64
0
56064
832
64
0
56576
896
64
0
57088
960
64
0
57600
1024
64
0
58112
1088
64
0
58624
1152
64
0
59136
1216
64
0
59648
1280
64
0
60160
1344
64
0
60672
1408
64
0
61184
1472
64
0
61696
1536
64
0
62208
1600
64
0
62720
1664
64
0
63232
1728
64
0
63744
1792
64
0
64256
1856
64
0
64768
1920
64
0
65280
1984
64
0
49472
0
64
0
49984
64
64
0
50496
128
64
0
51008
192
64
0
51520
256
64
0
52032
320
64
0
52544
384
64
0
53056
448
64
0
53568
512
64
0
54080
576
64
0
54592
640
64
0
55104
704
64
0
55616
768
64
0
56128
832
64
0
56640
896
64
0
57152
960
64
0
57664
1024
64
0
58176
1088
64
0
58688
1152
64
0
59200
1216
64
0
59712
1280
64
0
60224
1344
64
0
60736
1408
64
0
61248
1472
64
0
61760
1536
64
0
62272
1600
64
0
62784
1664
64
0
63296
1728
64
0
63808
1792
64
0
64320
1856
64
0
64832
1920
64
0
65344
1984
64
0
49536
0
64
0
50048
64
64
0
50560
128
64
0
51072
192
64
0
51584
256
64
0
52096
320
64
0
52608
384
64
0
53120
448
64
0
53632
512
64
0
54144
576
64
0
54656
640
64
0
55168
704
64
0
55680
768
64
0
56192
832
64
0
56704
896
64
0
57216
960
64
0
57728
1024
64
0
58240
1088
64
0
58752
1152
64
0
59264
1216
64
0
59776
1280
64
0
60288
1344
64
0
60800
1408
64
0
61312
1472
64
0
61824
1536
64
0
62336
1600
64
0
62848
1664
64
0
63360
1728
64
0
63872
1792
64
0
64384
1856
64
0
64896
1920
64
0
65408
1984
64
0
49600
0
64
0
50112
64
64
0
50624
128
64
0
51136
192
64
0
51648
256
64
0
52160
320
64
0
52672
384
64
0
53184
448
64
0
53696
512
64
0
54208
576
64
0
54720
640
64
0
55232
704
64
0
55744
768
64
0
56256
832
64
0
56768
896
64
0
57280
960
64
0
57792
1024
64
0
58304
1088
64
0
58816
1152
64
0
59328
1216
64
0
59840
1280
64
0
60352
1344
64
0
60864
1408
64
0
61376
1472
64
0
61888
1536
64
0
62400
1600
64
0
62912
1664
64
0
63424
1728
64
0
63936
1792
64
0
64448
1856
64
0
64960
1920
64
0
65472
1984
64
0
65536
0
64
0
66048
64
64
0
66560
128
64
0
67072
192
64
0
67584
256
64
0
68096
320
64
0
68608
384
64
0
69120
448
64
0
69632
512
64
0
70144
576
64
0
70656
640
64
0
71168
704
64
0
71680
768
64
0
72192
832
64
0
72704
896
64
0
73216
960
64
0
73728
1024
64
0
74240
1088
64
0
74752
1152
64
0
75264
1216
64
0
75776
1280
64
0
76288
1344
64
0
76800
1408
64
0
77312
1472
64
0
77824
1536
64
0
78336
1600
64
0
78848
1664
64
0
79360
1728
64
0
79872
1792
64
0
80384
1856
64
0
80896
1920
64
0
81408
1984
64
0
65600
0
64
0
66112
64
64
0
66624
128
64
0
67136
192
64
0
67648
256
64
0
68160
320
64
0
68672
384
64
0
69184
448
64
0
69696
512
64
0
70208
576
64
0
70720
640
64
0
71232
704
64
0
71744
768
64
0
72256
832
64
0
72768
896
64
0
73280
960
64
0
73792
1024
64
0
74304
1088
64
0
74816
1152
64
0
75328
1216
64
0
75840
1280
64
0
76352
1344
64
0
76864
1408
64
0
77376
1472
64
0
77888
1536
64
0
78400
1600
64
0
78912
1664
64
0
79424
1728
64
0
79936
1792
64
0
80448
1856
64
0
80960
1920
64
0
81472
1984
64
0
65664
0
64
0
66176
64
64
0
66688
128
64
0
67200
192
64
0
67712
256
64
0
68224
320
64
0
68736
384
64
0
69248
448
64
0
69760
512
64
0
70272
576
64
0
70784
640
64
0
71296
704
64
0
71808
768
64
0
72320
832
64
0
72832
896
64
0
73344
960
64
0
73856
1024
64
0
74368
1088
64
0
74880
1152
64
0
75392
1216
64
0
75904
1280
64
0
76416
1344
64
0
76928
1408
64
0
77440
1472
64
0
77952
1536
64
0
78464
1600
64
0
78976
1664
64
0
79488
1728
64
0
80000
1792
64
0
80512
1856
64
0
81024
1920
64
0
81536
1984
64
0
65728
0
64
0
66240
64
64
0
66752
128
64
0
67264
192
64
0
67776
256
64
0
68288
320
64
0
68800
384
64
0
69312
448
64
0
69824
512
64
0
70336
576
64
0
70848
640
64
0
71360
704
64
0
71872
768
64
0
72384
832
64
0
72896
896
64
0
73408
960
64
0
73920
1024
64
0
74432
1088
64
0
74944
1152
64
0
75456
1216
64
0
75968
1280
64
0
76480
1344
64
0
76992
1408
64
0
77504
1472
64
0
78016
1536
64
0
78528
1600
64
0
79040
1664
64
0
79552
1728
64
0
80064
1792
64
0
80576
1856
64
0
81088
1920
64
0
81600
1984
64
0
65792
0
64
0
66304
64
64
0
66816
128
64
0
67328
192
64
0
67840
256
64
0
68352
320
64
0
68864
384
64
0
69376
448
64
0
69888
512
64
0
70400
576
64
0
70912
640
64
0
71424
704
64
0
71936
768
64
0
72448
832
64
0
72960
896
64
0
73472
960
64
0
73984
1024
64
0
74496
1088
64
0
75008
1152
64
0
75520
1216
64
0
76032
1280
64
0
76544
1344
64
0
77056
1408
64
0
77568
1472
64
0
78080
1536
64
0
78592
1600
64
0
79104
1664
64
0
79616
1728
64
0
80128
1792
64
0
80640
1856
64
0
81152
1920
64
0
81664
1984
64
0
65856
0
64
0
66368
64
64
0
66880
128
64
0
67392
192
64
0
67904
256
64
0
68416
320
64
0
68928
384
64
0
69440
448
64
0
69952
512
64
0
70464
576
64
0
70976
640
64
0
71488
704
64
0
72000
768
64
0
72512
832
64
0
73024
896
64
0
73536
960
64
0
74048
1024
64
0
74560
1088
64
0
75072
1152
64
0
75584
1216
64
0
76096
1280
64
0
76608
1344
64
0
77120
1408
64
0
77632
1472
64
0
78144
1536
64
0
78656
1600
64
0
79168
1664
64
0
79680
1728
64
0
80192
1792
64
0
80704
1856
64
0
81216
1920
64
0
81728
1984
64
0
65920
0
64
0
66432
64
64
0
66944
128
64
0
67456
192
64
0
67968
256
64
0
68480
320
64
0
68992
384
64
0
69504
448
64
0
70016
512
64
0
70528
576
64
0
71040
640
64
0
71552
704
64
0
72064
768
64
0
72576
832
64
0
73088
896
64
0
73600
960
64
0
74112
1024
64
0
74624
1088
64
0
75136
1152
64
0
75648
1216
64
0
76160
1280
64
0
76672
1344
64
0
77184
1408
64
0
77696
1472
64
0
78208
1536
64
0
78720
1600
64
0
79232
1664
64
0
79744
1728
64
0
80256
1792
64
0
80768
1856
64
0
81280
1920
64
0
81792
1984
64
0
65984
0
64
0
66496
64
64
0
67008
128
64
0
67520
192
64
0
68032
256
64
0
68544
320
64
0
69056
384
64
0
69568
448
64
0
70080
512
64
0
70592
576
64
0
71104
640
64
0
71616
704
64
0
72128
768
64
0
72640
832
64
0
73152
896
64
0
73664
960
64
0
74176
1024
64
0
74688
1088
64
0
75200
1152
64
0
75712
1216
64
0
76224
1280
64
0
76736
1344
64
0
77248
1408
64
0
77760
1472
64
0
78272
1536
64
0
78784
1600
64
0
79296
1664
64
0
79808
1728
64
0
80320
1792
64
0
80832
1856
64
0
81344
1920
64
0
81856
1984
64
0
81920
0
64
0
82432
64
64
0
82944
128
64
0
83456
192
64
0
83968
256
64
0
84480
320
64
0
84992
384
64
0
85504
448
64
0
86016
512
64
0
86528
576
64
0
87040
640
64
0
87552
704
64
0
88064
768
64
0
88576
832
64
0
89088
896
64
0
89600
960
64
0
90112
1024
64
0
90624
1088
64
0
91136
1152
64
0
91648
1216
64
0
92160
1280
64
0
92672
1344
64
0
93184
1408
64
0
93696
1472
64
0
94208
1536
64
0
94720
1600
64
0
95232
1664
64
0
95744
1728
64
0
96256
1792
64
0
96768
1856
64
0
97280
1920
64
0
97792
1984
64
0
81984
0
64
0
82496
64
64
0
83008
128
64
0
83520
192
64
0
84032
256
64
0
84544
320
64
0
85056
384
64
0
85568
448
64
0
86080
512
64
0
86592
576
64
0
87104
640
64
0
87616
704
64
0
88128
768
64
0
88640
832
64
0
89152
896
64
0
89664
960
64
0
90176
1024
64
0
90688
1088
64
0
91200
1152
64
0
91712
1216
64
0
92224
1280
64
0
92736
1344
64
0
93248
1408
64
0
93760
1472
64
0
94272
1536
64
0
94784
1600
64
0
95296
1664
64
0
95808
1728
64
0
96320
1792
64
0
96832
1856
64
0
97344
1920
64
0
97856
1984
64
0
82048
0
64
0
82560
64
64
0
83072
128
64
0
83584
192
64
0
84096
256
64
0
84608
320
64
0
85120
384
64
0
85632
448
64
0
86144
512
64
0
86656
576
64
0
87168
640
64
0
87680
704
64
0
88192
768
64
0
88704
832
64
0
89216
896
64
0
89728
960
64
0
90240
1024
64
0
90752
1088
64
0
91264
1152
64
0
91776
1216
64
0
92288
1280
64
0
92800
1344
64
0
93312
1408
64
0
93824
1472
64
0
94336
1536
64
0
94848
1600
64
0
95360
1664
64
0
95872
1728
64
0
96384
1792
64
0
96896
1856
64
0
97408
1920
64
0
97920
1984
64
0
82112
0
64
0
82624
64
64
0
83136
128
64
0
83648
192
64
0
84160
256
64
0
84672
320
64
0
85184
384
64
0
85696
448
64
0
86208
512
64
0
86720
576
64
0
87232
640
64
0
87744
704
64
0
88256
768
64
0
88768
832
64
0
89280
896
64
0
89792
960
64
0
90304
1024
64
0
90816
1088
64
0
91328
1152
64
0
91840
1216
64
0
92352
1280
64
0
92864
1344
64
0
93376
1408
64
0
93888
1472
64
0
94400
1536
64
0
94912
1600
64
0
95424
1664
64
0
95936
1728
64
0
96448
1792
64
0
96960
1856
64
0
97472
1920
64
0
97984
1984
64
0
82176
0
64
0
82688
64
64
0
83200
128
64
0
83712
192
64
0
84224
256
64
0
84736
320
64
0
85248
384
64
0
85760
448
64
0
86272
512
64
0
86784
576
64
0
87296
640
64
0
87808
704
64
0
88320
768
64
0
88832
832
64
0
89344
896
64
0
89856
960
64
0
90368
1024
64
0
90880
1088
64
0
91392
1152
64
0
91904
1216
64
0
92416
1280
64
0
92928
1344
64
0
93440
1408
64
0
93952
1472
64
0
94464
1536
64
0
94976
1600
64
0
95488
1664
64
0
96000
1728
64
0
96512
1792
64
0
97024
1856
64
0
97536
1920
64
0
98048
1984
64
0
82240
0
64
0
82752
64
64
0
83264
128
64
0
83776
192
64
0
84288
256
64
0
84800
320
64
0
85312
384
64
0
85824
448
64
0
86336
512
64
0
86848
576
64
0
87360
640
64
0
87872
704
64
0
88384
768
64
0
88896
832
64
0
89408
896
64
0
89920
960
64
0
90432
1024
64
0
90944
1088
64
0
91456
1152
64
0
91968
1216
64
0
92480
1280
64
0
92992
1344
64
0
93504
1408
64
0
94016
1472
64
0
94528
1536
64
0
95040
1600
64
0
95552
1664
64
0
96064
1728
64
0
96576
1792
64
0
97088
1856
64
0
97600
1920
64
0
98112
1984
64
0
82304
0
64
0
82816
64
64
0
83328
128
64
0
83840
192
64
0
84352
256
64
0
84864
320
64
0
85376
384
64
0
85888
448
64
0
86400
512
64
0
86912
576
64
0
87424
640
64
0
87936
704
64
0
88448
768
64
0
88960
832
64
0
89472
896
64
0
89984
960
64
0
90496
1024
64
0
91008
1088
64
0
91520
1152
64
0
92032
1216
64
0
92544
1280
64
0
93056
1344
64
0
93568
1408
64
0
94080
1472
64
0
94592
1536
64
0
95104
1600
64
0
95616
1664
64
0
96128
1728
64
0
96640
1792
64
0
97152
1856
64
0
97664
1920
64
0
98176
1984
64
0
82368
0
64
0
82880
64
64
0
83392
128
64
0
83904
192
64
0
84416
256
64
0
84928
320
64
0
85440
384
64
0
85952
448
64
0
86464
512
64
0
86976
576
64
0
87488
640
64
0
88000
704
64
0
88512
768
64
0
89024
832
64
0
89536
896
64
0
90048
960
64
0
90560
1024
64
0
91072
1088
64
0
91584
1152
64
0
92096
1216
64
0
92608
1280
64
0
93120
1344
64
0
93632
1408
64
0
94144
1472
64
0
94656
1536
64
0
95168
1600
64
0
95680
1664
64
0
96192
1728
64
0
96704
1792
64
0
97216
1856
64
0
97728
1920
64
0
98240
1984
64
0
98304
0
64
0
98816
64
64
0
99328
128
64
0
99840
192
64
0
100352
256
64
0
100864
320
64
0
101376
384
64
0
101888
448
64
0
102400
512
64
0
102912
576
64
0
103424
640
64
0
103936
704
64
0
104448
768
64
0
104960
832
64
0
105472
896
64
0
105984
960
64
0
106496
1024
64
0
107008
1088
64
0
107520
1152
64
0
108032
1216
64
0
108544
1280
64
0
109056
1344
64
0
109568
1408
64
0
110080
1472
64
0
110592
1536
64
0
111104
1600
64
0
111616
1664
64
0
112128
1728
64
0
112640
1792
64
0
113152
1856
64
0
113664
1920
64
0
114176
1984
64
0
98368
0
64
0
98880
64
64
0
99392
128
64
0
99904
192
64
0
100416
256
64
0
100928
320
64
0
101440
384
64
0
101952
448
64
0
102464
512
64
0
102976
576
64
0
103488
640
64
0
104000
704
64
0
104512
768
64
0
105024
832
64
0
105536
896
64
0
106048
960
64
0
106560
1024
64
0
107072
1088
64
0
107584
1152
64
0
108096
1216
64
0
108608
1280
64
0
109120
1344
64
0
109632
1408
64
0
110144
1472
64
0
110656
1536
64
0
111168
1600
64
0
111680
1664
64
0
112192
1728
64
0
112704
1792
64
0
113216
1856
64
0
113728
1920
64
0
114240
1984
64
0
98432
0
64
0
98944
64
64
0
99456
128
64
0
99968
192
64
0
100480
256
64
0
100992
320
64
0
101504
384
64
0
102016
448
64
0
102528
512
64
0
103040
576
64
0
103552
640
64
0
104064
704
64
0
104576
768
64
0
105088
832
64
0
105600
896
64
0
106112
960
64
0
106624
1024
64
0
107136
1088
64
0
107648
1152
64
0
108160
1216
64
0
108672
1280
64
0
109184
1344
64
0
109696
1408
64
0
110208
1472
64
0
110720
1536
64
0
111232
1600
64
0
111744
1664
64
0
112256
1728
64
0
112768
1792
64
0
113280
1856
64
0
113792
1920
64
0
114304
1984
64
0
98496
0
64
0
99008
64
64
0
99520
128
64
0
100032
192
64
0
100544
256
64
0
101056
320
64
0
101568
384
64
0
102080
448
64
0
102592
512
64
0
103104
576
64
0
103616
640
64
0
104128
704
64
0
104640
768
64
0
105152
832
64
0
105664
896
64
0
106176
960
64
0
106688
1024
64
0
107200
1088
64
0
107712
1152
64
0
108224
1216
64
0
108736
1280
64
0
109248
1344
64
0
109760
1408
64
0
110272
1472
64
0
110784
1536
64
0
111296
1600
64
0
111808
1664
64
0
112320
1728
64
0
112832
1792
64
0
113344
1856
64
0
113856
1920
64
0
114368
1984
64
0
98560
0
64
0
99072
64
64
0
99584
128
64
0
100096
192
64
0
100608
256
64
0
101120
320
64
0
101632
384
64
0
102144
448
64
0
102656
512
64
0
103168
576
64
0
103680
640
64
0
104192
704
64
0
104704
768
64
0
105216
832
64
0
105728
896
64
0
106240
960
64
0
106752
1024
64
0
107264
1088
64
0
107776
1152
64
0
108288
1216
64
0
108800
1280
64
0
109312
1344
64
0
109824
1408
64
0
110336
1472
64
0
110848
1536
64
0
111360
1600
64
0
111872
1664
64
0
112384
1728
64
0
112896
1792
64
0
113408
1856
64
0
113920
1920
64
0
114432
1984
64
0
98624
0
64
0
99136
64
64
0
99648
128
64
0
100160
192
64
0
100672
256
64
0
101184
320
64
0
101696
384
64
0
102208
448
64
0
102720
512
64
0
103232
576
64
0
103744
640
64
0
104256
704
64
0
104768
768
64
0
105280
832
64
0
105792
896
64
0
106304
960
64
0
106816
1024
64
0
107328
1088
64
0
107840
1152
64
0
108352
1216
64
0
108864
1280
64
0
109376
1344
64
0
109888
1408
64
0
110400
1472
64
0
110912
1536
64
0
111424
1600
64
0
111936
1664
64
0
112448
1728
64
0
112960
1792
64
0
113472
1856
64
0
113984
1920
64
0
114496
1984
64
0
98688
0
64
0
99200
64
64
0
99712
128
64
0
100224
192
64
0
100736
256
64
0
101248
320
64
0
101760
384
64
0
102272
448
64
0
102784
512
64
0
103296
576
64
0
103808
640
64
0
104320
704
64
0
104832
768
64
0
105344
832
64
0
105856
896
64
0
106368
960
64
0
106880
1024
64
0
107392
1088
64
0
107904
1152
64
0
108416
1216
64
0
108928
1280
64
0
109440
1344
64
0
109952
1408
64
0
110464
1472
64
0
110976
1536
64
0
111488
1600
64
0
112000
1664
64
0
112512
1728
64
0
113024
1792
64
0
113536
1856
64
0
114048
1920
64
0
114560
1984
64
0
98752
0
64
0
99264
64
64
0
99776
128
64
0
100288
192
64
0
100800
256
64
0
101312
320
64
0
101824
384
64
0
102336
448
64
0
102848
512
64
0
103360
576
64
0
103872
640
64
0
104384
704
64
0
104896
768
64
0
105408
832
64
0
105920
896
64
0
106432
960
64
0
106944
1024
64
0
107456
1088
64
0
107968
1152
64
0
108480
1216
64
0
108992
1280
64
0
109504
1344
64
0
110016
1408
64
0
110528
1472
64
0
111040
1536
64
0
111552
1600
64
0
112064
1664
64
0
112576
1728
64
0
113088
1792
64
0
113600
1856
64
0
114112
1920
64
0
114624
1984
64
0
114688
0
64
0
115200
64
64
0
115712
128
64
0
116224
192
64
0
116736
256
64
0
117248
320
64
0
117760
384
64
0
118272
448
64
0
118784
512
64
0
119296
576
64
0
119808
640
64
0
120320
704
64
0
120832
768
64
0
121344
832
64
0
121856
896
64
0
122368
960
64
0
122880
1024
64
0
123392
1088
64
0
123904
1152
64
0
124416
1216
64
0
124928
1280
64
0
125440
1344
64
0
125952
1408
64
0
126464
1472
64
0
126976
1536
64
0
127488
1600
64
0
128000
1664
64
0
128512
1728
64
0
129024
1792
64
0
129536
1856
64
0
130048
1920
64
0
130560
1984
64
0
114752
0
64
0
115264
64
64
0
115776
128
64
0
116288
192
64
0
116800
256
64
0
117312
320
64
0
117824
384
64
0
118336
448
64
0
118848
512
64
0
119360
576
64
0
119872
640
64
0
120384
704
64
0
120896
768
64
0
121408
832
64
0
121920
896
64
0
122432
960
64
0
122944
1024
64
0
123456
1088
64
0
123968
1152
64
0
124480
1216
64
0
124992
1280
64
0
125504
1344
64
0
126016
1408
64
0
126528
1472
64
0
127040
1536
64
0
127552
1600
64
0
128064
1664
64
0
128576
1728
64
0
129088
1792
64
0
129600
1856
64
0
130112
1920
64
0
130624
1984
64
0
114816
0
64
0
115328
64
64
0
115840
128
64
0
116352
192
64
0
116864
256
64
0
117376
320
64
0
117888
384
64
0
118400
448
64
0
118912
512
64
0
119424
576
64
0
119936
640
64
0
120448
704
64
0
120960
768
64
0
121472
832
64
0
121984
896
64
0
122496
960
64
0
123008
1024
64
0
123520
1088
64
0
124032
1152
64
0
124544
1216
64
0
125056
1280
64
0
125568
1344
64
0
126080
1408
64
0
126592
1472
64
0
127104
1536
64
0
127616
1600
64
0
128128
1664
64
0
128640
1728
64
0
129152
1792
64
0
129664
1856
64
0
130176
1920
64
0
130688
1984
64
0
114880
0
64
0
115392
64
64
0
115904
128
64
0
116416
192
64
0
116928
256
64
0
117440
320
64
0
117952
384
64
0
118464
448
64
0
118976
512
64
0
119488
576
64
0
120000
640
64
0
120512
704
64
0
121024
768
64
0
121536
832
64
0
122048
896
64
0
122560
960
64
0
123072
1024
64
0
123584
1088
64
0
124096
1152
64
0
124608
1216
64
0
125120
1280
64
0
125632
1344
64
0
126144
1408
64
0
126656
1472
64
0
127168
1536
64
0
127680
1600
64
0
128192
1664
64
0
128704
1728
64
0
129216
1792
64
0
129728
1856
64
0
130240
1920
64
0
130752
1984
64
0
114944
0
64
0
115456
64
64
0
115968
128
64
0
116480
192
64
0
116992
256
64
0
117504
320
64
0
118016
384
64
0
118528
448
64
0
119040
512
64
0
119552
576
64
0
120064
640
64
0
120576
704
64
0
121088
768
64
0
121600
832
64
0
122112
896
64
0
122624
960
64
0
123136
1024
64
0
123648
1088
64
0
124160
1152
64
0
124672
1216
64
0
125184
1280
64
0
125696
1344
64
0
126208
1408
64
0
126720
1472
64
0
127232
1536
64
0
127744
1600
64
0
128256
1664
64
0
128768
1728
64
0
129280
1792
64
0
129792
1856
64
0
130304
1920
64
0
130816
1984
64
0
115008
0
64
0
115520
64
64
0
116032
128
64
0
116544
192
64
0
117056
256
64
0
117568
320
64
0
118080
384
64
0
118592
448
64
0
119104
512
64
0
119616
576
64
0
120128
640
64
0
120640
704
64
0
121152
768
64
0
121664
832
64
0
122176
896
64
0
122688
960
64
0
123200
1024
64
0
123712
1088
64
0
124224
1152
64
0
124736
1216
64
0
125248
1280
64
0
125760
1344
64
0
126272
1408
64
0
126784
1472
64
0
127296
1536
64
0
127808
1600
64
0
128320
1664
64
0
128832
1728
64
0
129344
1792
64
0
129856
1856
64
0
130368
1920
64
0
130880
1984
64
0
115072
0
64
0
115584
64
64
0
116096
128
64
0
116608
192
64
0
117120
256
64
0
117632
320
64
0
118144
384
64
0
118656
448
64
0
119168
512
64
0
119680
576
64
0
120192
640
64
0
120704
704
64
0
121216
768
64
0
121728
832
64
0
122240
896
64
0
122752
960
64
0
123264
1024
64
0
123776
1088
64
0
124288
1152
64
0
124800
1216
64
0
125312
1280
64
0
125824
1344
64
0
126336
1408
64
0
126848
1472
64
0
127360
1536
64
0
127872
1600
64
0
128384
1664
64
0
128896
1728
64
0
129408
1792
64
0
129920
1856
64
0
130432
1920
64
0
130944
1984
64
0
115136
0
64
0
115648
64
64
0
116160
128
64
0
116672
192
64
0
117184
256
64
0
117696
320
64
0
118208
384
64
0
118720
448
64
0
119232
512
64
0
119744
576
64
0
120256
640
64
0
120768
704
64
0
121280
768
64
0
121792
832
64
0
122304
896
64
0
122816
960
64
0
123328
1024
64
0
123840
1088
64
0
124352
1152
64
0
124864
1216
64
0
125376
1280
64
0
125888
1344
64
0
126400
1408
64
0
126912
1472
64
0
127424
1536
64
0
127936
1600
64
0
128448
1664
64
0
128960
1728
64
0
129472
1792
64
0
129984
1856
64
0
130496
1920
64
0
131008
1984
64
0
131072
0
64
0
131584
64
64
0
132096
128
64
0
132608
192
64
0
133120
256
64
0
133632
320
64
0
134144
384
64
0
134656
448
64
0
135168
512
64
0
135680
576
64
0
136192
640
64
0
136704
704
64
0
137216
768
64
0
137728
832
64
0
138240
896
64
0
138752
960
64
0
139264
1024
64
0
139776
1088
64
0
140288
1152
64
0
140800
1216
64
0
141312
1280
64
0
141824
1344
64
0
142336
1408
64
0
142848
1472
64
0
143360
1536
64
0
143872
1600
64
0
144384
1664
64
0
144896
1728
64
0
145408
1792
64
0
145920
1856
64
0
146432
1920
64
0
146944
1984
64
0
131136
0
64
0
131648
64
64
0
132160
128
64
0
132672
192
64
0
133184
256
64
0
133696
320
64
0
134208
384
64
0
134720
448
64
0
135232
512
64
0
135744
576
64
0
136256
640
64
0
136768
704
64
0
137280
768
64
0
137792
832
64
0
138304
896
64
0
138816
960
64
0
139328
1024
64
0
139840
1088
64
0
140352
1152
64
0
140864
1216
64
0
141376
1280
64
0
141888
1344
64
0
142400
1408
64
0
142912
1472
64
0
143424
1536
64
0
143936
1600
64
0
144448
1664
64
0
144960
1728
64
0
145472
1792
64
0
145984
1856
64
0
146496
1920
64
0
147008
1984
64
0
131200
0
64
0
131712
64
64
0
132224
128
64
0
132736
192
64
0
133248
256
64
0
133760
320
64
0
134272
384
64
0
134784
448
64
0
135296
512
64
0
135808
576
64
0
136320
640
64
0
136832
704
64
0
137344
768
64
0
137856
832
64
0
138368
896
64
0
138880
960
64
0
139392
1024
64
0
139904
1088
64
0
140416
1152
64
0
140928
1216
64
0
141440
1280
64
0
141952
1344
64
0
142464
1408
64
0
142976
1472
64
0
143488
1536
64
0
144000
1600
64
0
144512
1664
64
0
145024
1728
64
0
145536
1792
64
0
146048
1856
64
0
146560
1920
64
0
147072
1984
64
0
131264
0
64
0
131776
64
64
0
132288
128
64
0
132800
192
64
0
133312
256
64
0
133824
320
64
0
134336
384
64
0
134848
448
64
0
135360
512
64
0
135872
576
64
0
136384
640
64
0
136896
704
64
0
137408
768
64
0
137920
832
64
0
138432
896
64
0
138944
960
64
0
139456
1024
64
0
139968
1088
64
0
140480
1152
64
0
140992
1216
64
0
141504
1280
64
0
142016
1344
64
0
142528
1408
64
0
143040
1472
64
0
143552
1536
64
0
144064
1600
64
0
144576
1664
64
0
145088
1728
64
0
145600
1792
64
0
146112
1856
64
0
146624
1920
64
0
147136
1984
64
0
131328
0
64
0
131840
64
64
0
132352
128
64
0
132864
192
64
0
133376
256
64
0
133888
320
64
0
134400
384
64
0
134912
448
64
0
135424
512
64
0
135936
576
64
0
136448
640
64
0
136960
704
64
0
137472
768
64
0
137984
832
64
0
138496
896
64
0
139008
960
64
0
139520
1024
64
0
140032
1088
64
0
140544
1152
64
0
141056
1216
64
0
141568
1280
64
0
142080
1344
64
0
142592
1408
64
0
143104
1472
64
0
143616
1536
64
0
144128
1600
64
0
144640
1664
64
0
145152
1728
64
0
145664
1792
64
0
146176
1856
64
0
146688
1920
64
0
147200
1984
64
0
131392
0
64
0
131904
64
64
0
132416
128
64
0
132928
192
64
0
133440
256
64
0
133952
320
64
0
134464
384
64
0
134976
448
64
0
135488
512
64
0
136000
576
64
0
136512
640
64
0
137024
704
64
0
137536
768
64
0
138048
832
64
0
138560
896
64
0
139072
960
64
0
139584
1024
64
0
140096
1088
64
0
140608
1152
64
0
141120
1216
64
0
141632
1280
64
0
142144
1344
64
0
142656
1408
64
0
143168
1472
64
0
143680
1536
64
0
144192
1600
64
0
144704
1664
64
0
145216
1728
64
0
145728
1792
64
0
146240
1856
64
0
146752
1920
64
0
147264
1984
64
0
131456
0
64
0
131968
64
64
0
132480
128
64
0
132992
192
64
0
133504
256
64
0
134016
320
64
0
134528
384
64
0
135040
448
64
0
135552
512
64
0
136064
576
64
0
136576
640
64
0
137088
704
64
0
137600
768
64
0
138112
832
64
0
138624
896
64
0
139136
960
64
0
139648
1024
64
0
140160
1088
64
0
140672
1152
64
0
141184
1216
64
0
141696
1280
64
0
142208
1344
64
0
142720
1408
64
0
143232
1472
64
0
143744
1536
64
0
144256
1600
64
0
144768
1664
64
0
145280
1728
64
0
145792
1792
64
0
146304
1856
64
0
146816
1920
64
0
147328
1984
64
0
131520
0
64
0
132032
64
64
0
132544
128
64
0
133056
192
64
0
133568
256
64
0
134080
320
64
0
134592
384
64
0
135104
448
64
0
135616
512
64
0
136128
576
64
0
136640
640
64
0
137152
704
64
0
137664
768
64
0
138176
832
64
0
138688
896
64
0
139200
960
64
0
139712
1024
64
0
140224
1088
64
0
140736
1152
64
0
141248
1216
64
0
141760
1280
64
0
142272
1344
64
0
142784
1408
64
0
143296
1472
64
0
143808
1536
64
0
144320
1600
64
0
144832
1664
64
0
145344
1728
64
0
145856
1792
64
0
146368
1856
64
0
146880
1920
64
0
147392
1984
64
0
147456
0
64
0
147968
64
64
0
148480
128
64
0
148992
192
64
0
149504
256
64
0
150016
320
64
0
150528
384
64
0
151040
448
64
0
151552
512
64
0
152064
576
64
0
152576
640
64
0
153088
704
64
0
153600
768
64
0
154112
832
64
0
154624
896
64
0
155136
960
64
0
155648
1024
64
0
156160
1088
64
0
156672
1152
64
0
157184
1216
64
0
157696
1280
64
0
158208
1344
64
0
158720
1408
64
0
159232
1472
64
0
159744
1536
64
0
160256
1600
64
0
160768
1664
64
0
161280
1728
64
0
161792
1792
64
0
162304
1856
64
0
162816
1920
64
0
163328
1984
64
0
147520
0
64
0
148032
64
64
0
148544
128
64
0
149056
192
64
0
149568
256
64
0
150080
320
64
0
150592
384
64
0
151104
448
64
0
151616
512
64
0
152128
576
64
0
152640
640
64
0
153152
704
64
0
153664
768
64
0
154176
832
64
0
154688
896
64
0
155200
960
64
0
155712
1024
64
0
156224
1088
64
0
156736
1152
64
0
157248
1216
64
0
157760
1280
64
0
158272
1344
64
0
158784
1408
64
0
159296
1472
64
0
159808
1536
64
0
160320
1600
64
0
160832
1664
64
0
161344
1728
64
0
161856
1792
64
0
162368
1856
64
0
162880
1920
64
0
163392
1984
64
0
147584
0
64
0
148096
64
64
0
148608
128
64
0
149120
192
64
0
149632
256
64
0
150144
320
64
0
150656
384
64
0
151168
448
64
0
151680
512
64
0
152192
576
64
0
152704
640
64
0
153216
704
64
0
153728
768
64
0
154240
832
64
0
154752
896
64
0
155264
960
64
0
155776
1024
64
0
156288
1088
64
0
156800
1152
64
0
157312
1216
64
0
157824
1280
64
0
158336
1344
64
0
158848
1408
64
0
159360
1472
64
0
159872
1536
64
0
160384
1600
64
0
160896
1664
64
0
161408
1728
64
0
161920
1792
64
0
162432
1856
64
0
162944
1920
64
0
163456
1984
64
0
147648
0
64
0
148160
64
64
0
148672
128
64
0
149184
192
64
0
149696
256
64
0
150208
320
64
0
150720
384
64
0
151232
448
64
0
151744
512
64
0
152256
576
64
0
152768
640
64
0
153280
704
64
0
153792
768
64
0
154304
832
64
0
154816
896
64
0
155328
960
64
0
155840
1024
64
0
156352
1088
64
0
156864
1152
64
0
157376
1216
64
0
157888
1280
64
0
158400
1344
64
0
158912
1408
64
0
159424
1472
64
0
159936
1536
64
0
160448
1600
64
0
160960
1664
64
0
161472
1728
64
0
161984
1792
64
0
162496
1856
64
0
163008
1920
64
0
163520
1984
64
0
147712
0
64
0
148224
64
64
0
148736
128
64
0
149248
192
64
0
149760
256
64
0
150272
320
64
0
150784
384
64
0
151296
448
64
0
151808
512
64
0
152320
576
64
0
152832
640
64
0
153344
704
64
0
153856
768
64
0
154368
832
64
0
154880
896
64
0
155392
960
64
0
155904
1024
64
0
156416
1088
64
0
156928
1152
64
0
157440
1216
64
0
157952
1280
64
0
158464
1344
64
0
158976
1408
64
0
159488
1472
64
0
160000
1536
64
0
160512
1600
64
0
161024
1664
64
0
161536
1728
64
0
162048
1792
64
0
162560
1856
64
0
163072
1920
64
0
163584
1984
64
0
147776
0
64
0
148288
64
64
0
148800
128
64
0
149312
192
64
0
149824
256
64
0
150336
320
64
0
150848
384
64
0
151360
448
64
0
151872
512
64
0
152384
576
64
0
152896
640
64
0
153408
704
64
0
153920
768
64
0
154432
832
64
0
154944
896
64
0
155456
960
64
0
155968
1024
64
0
156480
1088
64
0
156992
1152
64
0
157504
1216
64
0
158016
1280
64
0
158528
1344
64
0
159040
1408
64
0
159552
1472
64
0
160064
1536
64
0
160576
1600
64
0
161088
1664
64
0
161600
1728
64
0
162112
1792
64
0
162624
1856
64
0
163136
1920
64
0
163648
1984
64
0
147840
0
64
0
148352
64
64
0
148864
128
64
0
149376
192
64
0
149888
256
64
0
150400
320
64
0
150912
384
64
0
151424
448
64
0
151936
512
64
0
152448
576
64
0
152960
640
64
0
153472
704
64
0
153984
768
64
0
154496
832
64
0
155008
896
64
0
155520
960
64
0
156032
1024
64
0
156544
1088
64
0
157056
1152
64
0
157568
1216
64
0
158080
1280
64
0
158592
1344
64
0
159104
1408
64
0
159616
1472
64
0
160128
1536
64
0
160640
1600
64
0
161152
1664
64
0
161664
1728
64
0
162176
1792
64
0
162688
1856
64
0
163200
1920
64
0
163712
1984
64
0
147904
0
64
0
148416
64
64
0
148928
128
64
0
149440
192
64
0
149952
256
64
0
150464
320
64
0
150976
384
64
0
151488
448
64
0
152000
512
64
0
152512
576
64
0
153024
640
64
0
153536
704
64
0
154048
768
64
0
154560
832
64
0
155072
896
64
0
155584
960
64
0
156096
1024
64
0
156608
1088
64
0
157120
1152
64
0
157632
1216
64
0
158144
1280
64
0
158656
1344
64
0
159168
1408
64
0
159680
1472
64
0
160192
1536
64
0
160704
1600
64
0
161216
1664
64
0
161728
1728
64
0
162240
1792
64
0
162752
1856
64
0
163264
1920
64
0
163776
1984
64
0
163840
0
64
0
164352
64
64
0
164864
128
64
0
165376
192
64
0
165888
256
64
0
166400
320
64
0
166912
384
64
0
167424
448
64
0
167936
512
64
0
168448
576
64
0
168960
640
64
0
169472
704
64
0
169984
768
64
0
170496
832
64
0
171008
896
64
0
171520
960
64
0
172032
1024
64
0
172544
1088
64
0
173056
1152
64
0
173568
1216
64
0
174080
1280
64
0
174592
1344
64
0
175104
1408
64
0
175616
1472
64
0
176128
1536
64
0
176640
1600
64
0
177152
1664
64
0
177664
1728
64
0
178176
1792
64
0
178688
1856
64
0
179200
1920
64
0
179712
1984
64
0
163904
0
64
0
164416
64
64
0
164928
128
64
0
165440
192
64
0
165952
256
64
0
166464
320
64
0
166976
384
64
0
167488
448
64
0
168000
512
64
0
168512
576
64
0
169024
640
64
0
169536
704
64
0
170048
768
64
0
170560
832
64
0
171072
896
64
0
171584
960
64
0
172096
1024
64
0
172608
1088
64
0
173120
1152
64
0
173632
1216
64
0
174144
1280
64
0
174656
1344
64
0
175168
1408
64
0
175680
1472
64
0
176192
1536
64
0
176704
1600
64
0
177216
1664
64
0
177728
1728
64
0
178240
1792
64
0
178752
1856
64
0
179264
1920
64
0
179776
1984
64
0
163968
0
64
0
164480
64
64
0
164992
128
64
0
165504
192
64
0
166016
256
64
0
166528
320
64
0
167040
384
64
0
167552
448
64
0
168064
512
64
0
168576
576
64
0
169088
640
64
0
169600
704
64
0
170112
768
64
0
170624
832
64
0
171136
896
64
0
171648
960
64
0
172160
1024
64
0
172672
1088
64
0
173184
1152
64
0
173696
1216
64
0
174208
1280
64
0
174720
1344
64
0
175232
1408
64
0
175744
1472
64
0
176256
1536
64
0
176768
1600
64
0
177280
1664
64
0
177792
1728
64
0
178304
1792
64
0
178816
1856
64
0
179328
1920
64
0
179840
1984
64
0
164032
0
64
0
164544
64
64
0
165056
128
64
0
165568
192
64
0
166080
256
64
0
166592
320
64
0
167104
384
64
0
167616
448
64
0
168128
512
64
0
168640
576
64
0
169152
640
64
0
169664
704
64
0
170176
768
64
0
170688
832
64
0
171200
896
64
0
171712
960
64
0
172224
1024
64
0
172736
1088
64
0
173248
1152
64
0
173760
1216
64
0
174272
1280
64
0
174784
1344
64
0
175296
1408
64
0
175808
1472
64
0
176320
1536
64
0
176832
1600
64
0
177344
1664
64
0
177856
1728
64
0
178368
1792
64
0
178880
1856
64
0
179392
1920
64
0
179904
1984
64
0
164096
0
64
0
164608
64
64
0
165120
128
64
0
165632
192
64
0
166144
256
64
0
166656
320
64
0
167168
384
64
0
167680
448
64
0
168192
512
64
0
168704
576
64
0
169216
640
64
0
169728
704
64
0
170240
768
64
0
170752
832
64
0
171264
896
64
0
171776
960
64
0
172288
1024
64
0
172800
1088
64
0
173312
1152
64
0
173824
1216
64
0
174336
1280
64
0
174848
1344
64
0
175360
1408
64
0
175872
1472
64
0
176384
1536
64
0
176896
1600
64
0
177408
1664
64
0
177920
1728
64
0
178432
1792
64
0
178944
1856
64
0
179456
1920
64
0
179968
1984
64
0
164160
0
64
0
164672
64
64
0
165184
128
64
0
165696
192
64
0
166208
256
64
0
166720
320
64
0
167232
384
64
0
167744
448
64
0
168256
512
64
0
168768
576
64
0
169280
640
64
0
169792
704
64
0
170304
768
64
0
170816
832
64
0
171328
896
64
0
171840
960
64
0
172352
1024
64
0
172864
1088
64
0
173376
1152
64
0
173888
1216
64
0
174400
1280
64
0
174912
1344
64
0
175424
1408
64
0
175936
1472
64
0
176448
1536
64
0
176960
1600
64
0
177472
1664
64
0
177984
1728
64
0
178496
1792
64
0
179008
1856
64
0
179520
1920
64
0
180032
1984
64
0
164224
0
64
0
164736
64
64
0
165248
128
64
0
165760
192
64
0
166272
256
64
0
166784
320
64
0
167296
384
64
0
167808
448
64
0
168320
512
64
0
168832
576
64
0
169344
640
64
0
169856
704
64
0
170368
768
64
0
170880
832
64
0
171392
896
64
0
171904
960
64
0
172416
1024
64
0
172928
1088
64
0
173440
1152
64
0
173952
1216
64
0
174464
1280
64
0
174976
1344
64
0
175488
1408
64
0
176000
1472
64
0
176512
1536
64
0
177024
1600
64
0
177536
1664
64
0
178048
1728
64
0
178560
1792
64
0
179072
1856
64
0
179584
1920
64
0
180096
1984
64
0
164288
0
64
0
164800
64
64
0
165312
128
64
0
165824
192
64
0
166336
256
64
0
166848
320
64
0
167360
384
64
0
167872
448
64
0
168384
512
64
0
168896
576
64
0
169408
640
64
0
169920
704
64
0
170432
768
64
0
170944
832
64
0
171456
896
64
0
171968
960
64
0
172480
1024
64
0
172992
1088
64
0
173504
1152
64
0
174016
1216
64
0
174528
1280
64
0
175040
1344
64
0
175552
1408
64
0
176064
1472
64
0
176576
1536
64
0
177088
1600
64
0
177600
1664
64
0
178112
1728
64
0
178624
1792
64
0
179136
1856
64
0
179648
1920
64
0
180160
1984
64
0
180224
0
64
0
180736
64
64
0
181248
128
64
0
181760
192
64
0
182272
256
64
0
182784
320
64
0
183296
384
64
0
183808
448
64
0
184320
512
64
0
184832
576
64
0
185344
640
64
0
185856
704
64
0
186368
768
64
0
186880
832
64
0
187392
896
64
0
187904
960
64
0
188416
1024
64
0
188928
1088
64
0
189440
1152
64
0
189952
1216
64
0
190464
1280
64
0
190976
1344
64
0
191488
1408
64
0
192000
1472
64
0
192512
1536
64
0
193024
1600
64
0
193536
1664
64
0
194048
1728
64
0
194560
1792
64
0
195072
1856
64
0
195584
1920
64
0
196096
1984
64
0
180288
0
64
0
180800
64
64
0
181312
128
64
0
181824
192
64
0
182336
256
64
0
182848
320
64
0
183360
384
64
0
183872
448
64
0
184384
512
64
0
184896
576
64
0
185408
640
64
0
185920
704
64
0
186432
768
64
0
186944
832
64
0
187456
896
64
0
187968
960
64
0
188480
1024
64
0
188992
1088
64
0
189504
1152
64
0
190016
1216
64
0
190528
1280
64
0
191040
1344
64
0
191552
1408
64
0
192064
1472
64
0
192576
1536
64
0
193088
1600
64
0
193600
1664
64
0
194112
1728
64
0
194624
1792
64
0
195136
1856
64
0
195648
1920
64
0
196160
1984
64
0
180352
0
64
0
180864
64
64
0
181376
128
64
0
181888
192
64
0
182400
256
64
0
182912
320
64
0
183424
384
64
0
183936
448
64
0
184448
512
64
0
184960
576
64
0
185472
640
64
0
185984
704
64
0
186496
768
64
0
187008
832
64
0
187520
896
64
0
188032
960
64
0
188544
1024
64
0
189056
1088
64
0
189568
1152
64
0
190080
1216
64
0
190592
1280
64
0
191104
1344
64
0
191616
1408
64
0
192128
1472
64
0
192640
1536
64
0
193152
1600
64
0
193664
1664
64
0
194176
1728
64
0
194688
1792
64
0
195200
1856
64
0
195712
1920
64
0
196224
1984
64
0
180416
0
64
0
180928
64
64
0
181440
128
64
0
181952
192
64
0
182464
256
64
0
182976
320
64
0
183488
384
64
0
184000
448
64
0
184512
512
64
0
185024
576
64
0
185536
640
64
0
186048
704
64
0
186560
768
64
0
187072
832
64
0
187584
896
64
0
188096
960
64
0
188608
1024
64
0
189120
1088
64
0
189632
1152
64
0
190144
1216
64
0
190656
1280
64
0
191168
1344
64
0
191680
1408
64
0
192192
1472
64
0
192704
1536
64
0
193216
1600
64
0
193728
1664
64
0
194240
1728
64
0
194752
1792
64
0
195264
1856
64
0
195776
1920
64
0
196288
1984
64
0
180480
0
64
0
180992
64
64
0
181504
128
64
0
182016
192
64
0
182528
256
64
0
183040
320
64
0
183552
384
64
0
184064
448
64
0
184576
512
64
0
185088
576
64
0
185600
640
64
0
186112
704
64
0
186624
768
64
0
187136
832
64
0
187648
896
64
0
188160
960
64
0
188672
1024
64
0
189184
1088
64
0
189696
1152
64
0
190208
1216
64
0
190720
1280
64
0
191232
1344
64
0
191744
1408
64
0
192256
1472
64
0
192768
1536
64
0
193280
1600
64
0
193792
1664
64
0
194304
1728
64
0
194816
1792
64
0
195328
1856
64
0
195840
1920
64
0
196352
1984
64
0
180544
0
64
0
181056
64
64
0
181568
128
64
0
182080
192
64
0
182592
256
64
0
183104
320
64
0
183616
384
64
0
184128
448
64
0
184640
512
64
0
185152
576
64
0
185664
640
64
0
186176
704
64
0
186688
768
64
0
187200
832
64
0
187712
896
64
0
188224
960
64
0
188736
1024
64
0
189248
1088
64
0
189760
1152
64
0
190272
1216
64
0
190784
1280
64
0
191296
1344
64
0
191808
1408
64
0
192320
1472
64
0
192832
1536
64
0
193344
1600
64
0
193856
1664
64
0
194368
1728
64
0
194880
1792
64
0
195392
1856
64
0
195904
1920
64
0
196416
1984
64
0
180608
0
64
0
181120
64
64
0
181632
128
64
0
182144
192
64
0
182656
256
64
0
183168
320
64
0
183680
384
64
0
184192
448
64
0
184704
512
64
0
185216
576
64
0
185728
640
64
0
186240
704
64
0
186752
768
64
0
187264
832
64
0
187776
896
64
0
188288
960
64
0
188800
1024
64
0
189312
1088
64
0
189824
1152
64
0
190336
1216
64
0
190848
1280
64
0
191360
1344
64
0
191872
1408
64
0
192384
1472
64
0
192896
1536
64
0
193408
1600
64
0
193920
1664
64
0
194432
1728
64
0
194944
1792
64
0
195456
1856
64
0
195968
1920
64
0
196480
1984
64
0
180672
0
64
0
181184
64
64
0
181696
128
64
0
182208
192
64
0
182720
256
64
0
183232
320
64
0
183744
384
64
0
184256
448
64
0
184768
512
64
0
185280
576
64
0
185792
640
64
0
186304
704
64
0
186816
768
64
0
187328
832
64
0
187840
896
64
0
188352
960
64
0
188864
1024
64
0
189376
1088
64
0
189888
1152
64
0
190400
1216
64
0
190912
1280
64
0
191424
1344
64
0
191936
1408
64
0
192448
1472
64
0
192960
1536
64
0
193472
1600
64
0
193984
1664
64
0
194496
1728
64
0
195008
1792
64
0
195520
1856
64
0
196032
1920
64
0
196544
1984
64
0
196608
0
64
0
197120
64
64
0
197632
128
64
0
198144
192
64
0
198656
256
64
0
199168
320
64
0
199680
384
64
0
200192
448
64
0
200704
512
64
0
201216
576
64
0
201728
640
64
0
202240
704
64
0
202752
768
64
0
203264
832
64
0
203776
896
64
0
204288
960
64
0
204800
1024
64
0
205312
1088
64
0
205824
1152
64
0
206336
1216
64
0
206848
1280
64
0
207360
1344
64
0
207872
1408
64
0
208384
1472
64
0
208896
1536
64
0
209408
1600
64
0
209920
1664
64
0
210432
1728
64
0
210944
1792
64
0
211456
1856
64
0
211968
1920
64
0
212480
1984
64
0
196672
0
64
0
197184
64
64
0
197696
128
64
0
198208
192
64
0
198720
256
64
0
199232
320
64
0
199744
384
64
0
200256
448
64
0
200768
512
64
0
201280
576
64
0
201792
640
64
0
202304
704
64
0
202816
768
64
0
203328
832
64
0
203840
896
64
0
204352
960
64
0
204864
1024
64
0
205376
1088
64
0
205888
1152
64
0
206400
1216
64
0
206912
1280
64
0
207424
1344
64
0
207936
1408
64
0
208448
1472
64
0
208960
1536
64
0
209472
1600
64
0
209984
1664
64
0
210496
1728
64
0
211008
1792
64
0
211520
1856
64
0
212032
1920
64
0
212544
1984
64
0
196736
0
64
0
197248
64
64
0
197760
128
64
0
198272
192
64
0
198784
256
64
0
199296
320
64
0
199808
384
64
0
200320
448
64
0
200832
512
64
0
201344
576
64
0
201856
640
64
0
202368
704
64
0
202880
768
64
0
203392
832
64
0
203904
896
64
0
204416
960
64
0
204928
1024
64
0
205440
1088
64
0
205952
1152
64
0
206464
1216
64
0
206976
1280
64
0
207488
1344
64
0
208000
1408
64
0
208512
1472
64
0
209024
1536
64
0
209536
1600
64
0
210048
1664
64
0
210560
1728
64
0
211072
1792
64
0
211584
1856
64
0
212096
1920
64
0
212608
1984
64
0
196800
0
64
0
197312
64
64
0
197824
128
64
0
198336
192
64
0
198848
256
64
0
199360
320
64
0
199872
384
64
0
200384
448
64
0
200896
512
64
0
201408
576
64
0
201920
640
64
0
202432
704
64
0
202944
768
64
0
203456
832
64
0
203968
896
64
0
204480
960
64
0
204992
1024
64
0
205504
1088
64
0
206016
1152
64
0
206528
1216
64
0
207040
1280
64
0
207552
1344
64
0
208064
1408
64
0
208576
1472
64
0
209088
1536
64
0
209600
1600
64
0
210112
1664
64
0
210624
1728
64
0
211136
1792
64
0
211648
1856
64
0
212160
1920
64
0
212672
1984
64
0
196864
0
64
0
197376
64
64
0
197888
128
64
0
198400
192
64
0
198912
256
64
0
199424
320
64
0
199936
384
64
0
200448
448
64
0
200960
512
64
0
201472
576
64
0
201984
640
64
0
202496
704
64
0
203008
768
64
0
203520
832
64
0
204032
896
64
0
204544
960
64
0
205056
1024
64
0
205568
1088
64
0
206080
1152
64
0
206592
1216
64
0
207104
1280
64
0
207616
1344
64
0
208128
1408
64
0
208640
1472
64
0
209152
1536
64
0
209664
1600
64
0
210176
1664
64
0
210688
1728
64
0
211200
1792
64
0
211712
1856
64
0
212224
1920
64
0
212736
1984
64
0
196928
0
64
0
197440
64
64
0
197952
128
64
0
198464
192
64
0
198976
256
64
0
199488
320
64
0
200000
384
64
0
200512
448
64
0
201024
512
64
0
201536
576
64
0
202048
640
64
0
202560
704
64
0
203072
768
64
0
203584
832
64
0
204096
896
64
0
204608
960
64
0
205120
1024
64
0
205632
1088
64
0
206144
1152
64
0
206656
1216
64
0
207168
1280
64
0
207680
1344
64
0
208192
1408
64
0
208704
1472
64
0
209216
1536
64
0
209728
1600
64
0
210240
1664
64
0
210752
1728
64
0
211264
1792
64
0
211776
1856
64
0
212288
1920
64
0
212800
1984
64
0
196992
0
64
0
197504
64
64
0
198016
128
64
0
198528
192
64
0
199040
256
64
0
199552
320
64
0
200064
384
64
0
200576
448
64
0
201088
512
64
0
201600
576
64
0
202112
640
64
0
202624
704
64
0
203136
768
64
0
203648
832
64
0
204160
896
64
0
204672
960
64
0
205184
1024
64
0
205696
1088
64
0
206208
1152
64
0
206720
1216
64
0
207232
1280
64
0
207744
1344
64
0
208256
1408
64
0
208768
1472
64
0
209280
1536
64
0
209792
1600
64
0
210304
1664
64
0
210816
1728
64
0
211328
1792
64
0
211840
1856
64
0
212352
1920
64
0
212864
1984
64
0
197056
0
64
0
197568
64
64
0
198080
128
64
0
198592
192
64
0
199104
256
64
0
199616
320
64
0
200128
384
64
0
200640
448
64
0
201152
512
64
0
201664
576
64
0
202176
640
64
0
202688
704
64
0
203200
768
64
0
203712
832
64
0
204224
896
64
0
204736
960
64
0
205248
1024
64
0
205760
1088
64
0
206272
1152
64
0
206784
1216
64
0
207296
1280
64
0
207808
1344
64
0
208320
1408
64
0
208832
1472
64
0
209344
1536
64
0
209856
1600
64
0
210368
1664
64
0
210880
1728
64
0
211392
1792
64
0
211904
1856
64
0
212416
1920
64
0
212928
1984
64
0
212992
0
64
0
213504
64
64
0
214016
128
64
0
214528
192
64
0
215040
256
64
0
215552
320
64
0
216064
384
64
0
216576
448
64
0
217088
512
64
0
217600
576
64
0
218112
640
64
0
218624
704
64
0
219136
768
64
0
219648
832
64
0
220160
896
64
0
220672
960
64
0
221184
1024
64
0
221696
1088
64
0
222208
1152
64
0
222720
1216
64
0
223232
1280
64
0
223744
1344
64
0
224256
1408
64
0
224768
1472
64
0
225280
1536
64
0
225792
1600
64
0
226304
1664
64
0
226816
1728
64
0
227328
1792
64
0
227840
1856
64
0
228352
1920
64
0
228864
1984
64
0
213056
0
64
0
213568
64
64
0
214080
128
64
0
214592
192
64
0
215104
256
64
0
215616
320
64
0
216128
384
64
0
216640
448
64
0
217152
512
64
0
217664
576
64
0
218176
640
64
0
218688
704
64
0
219200
768
64
0
219712
832
64
0
220224
896
64
0
220736
960
64
0
221248
1024
64
0
221760
1088
64
0
222272
1152
64
0
222784
1216
64
0
223296
1280
64
0
223808
1344
64
0
224320
1408
64
0
224832
1472
64
0
225344
1536
64
0
225856
1600
64
0
226368
1664
64
0
226880
1728
64
0
227392
1792
64
0
227904
1856
64
0
228416
1920
64
0
228928
1984
64
0
213120
0
64
0
213632
64
64
0
214144
128
64
0
214656
192
64
0
215168
256
64
0
215680
320
64
0
216192
384
64
0
216704
448
64
0
217216
512
64
0
217728
576
64
0
218240
640
64
0
218752
704
64
0
219264
768
64
0
219776
832
64
0
220288
896
64
0
220800
960
64
0
221312
1024
64
0
221824
1088
64
0
222336
1152
64
0
222848
1216
64
0
223360
1280
64
0
223872
1344
64
0
224384
1408
64
0
224896
1472
64
0
225408
1536
64
0
225920
1600
64
0
226432
1664
64
0
226944
1728
64
0
227456
1792
64
0
227968
1856
64
0
228480
1920
64
0
228992
1984
64
0
213184
0
64
0
213696
64
64
0
214208
128
64
0
214720
192
64
0
215232
256
64
0
215744
320
64
0
216256
384
64
0
216768
448
64
0
217280
512
64
0
217792
576
64
0
218304
640
64
0
218816
704
64
0
219328
768
64
0
219840
832
64
0
220352
896
64
0
220864
960
64
0
221376
1024
64
0
221888
1088
64
0
222400
1152
64
0
222912
1216
64
0
223424
1280
64
0
223936
1344
64
0
224448
1408
64
0
224960
1472
64
0
225472
1536
64
0
225984
1600
64
0
226496
1664
64
0
227008
1728
64
0
227520
1792
64
0
228032
1856
64
0
228544
1920
64
0
229056
1984
64
0
213248
0
64
0
213760
64
64
0
214272
128
64
0
214784
192
64
0
215296
256
64
0
215808
320
64
0
216320
384
64
0
216832
448
64
0
217344
512
64
0
217856
576
64
0
218368
640
64
0
218880
704
64
0
219392
768
64
0
219904
832
64
0
220416
896
64
0
220928
960
64
0
221440
1024
64
0
221952
1088
64
0
222464
1152
64
0
222976
1216
64
0
223488
1280
64
0
224000
1344
64
0
224512
1408
64
0
225024
1472
64
0
225536
1536
64
0
226048
1600
64
0
226560
1664
64
0
227072
1728
64
0
227584
1792
64
0
228096
1856
64
0
228608
1920
64
0
229120
1984
64
0
213312
0
64
0
213824
64
64
0
214336
128
64
0
214848
192
64
0
215360
256
64
0
215872
320
64
0
216384
384
64
0
216896
448
64
0
217408
512
64
0
217920
576
64
0
218432
640
64
0
218944
704
64
0
219456
768
64
0
219968
832
64
0
220480
896
64
0
220992
960
64
0
221504
1024
64
0
222016
1088
64
0
222528
1152
64
0
223040
1216
64
0
223552
1280
64
0
224064
1344
64
0
224576
1408
64
0
225088
1472
64
0
225600
1536
64
0
226112
1600
64
0
226624
1664
64
0
227136
1728
64
0
227648
1792
64
0
228160
1856
64
0
228672
1920
64
0
229184
1984
64
0
213376
0
64
0
213888
64
64
0
214400
128
64
0
214912
192
64
0
215424
256
64
0
215936
320
64
0
216448
384
64
0
216960
448
64
0
217472
512
64
0
217984
576
64
0
218496
640
64
0
219008
704
64
0
219520
768
64
0
220032
832
64
0
220544
896
64
0
221056
960
64
0
221568
1024
64
0
222080
1088
64
0
222592
1152
64
0
223104
1216
64
0
223616
1280
64
0
224128
1344
64
0
224640
1408
64
0
225152
1472
64
0
225664
1536
64
0
226176
1600
64
0
226688
1664
64
0
227200
1728
64
0
227712
1792
64
0
228224
1856
64
0
228736
1920
64
0
229248
1984
64
0
213440
0
64
0
213952
64
64
0
214464
128
64
0
214976
192
64
0
215488
256
64
0
216000
320
64
0
216512
384
64
0
217024
448
64
0
217536
512
64
0
218048
576
64
0
218560
640
64
0
219072
704
64
0
219584
768
64
0
220096
832
64
0
220608
896
64
0
221120
960
64
0
221632
1024
64
0
222144
1088
64
0
222656
1152
64
0
223168
1216
64
0
223680
1280
64
0
224192
1344
64
0
224704
1408
64
0
225216
1472
64
0
225728
1536
64
0
226240
1600
64
0
226752
1664
64
0
227264
1728
64
0
227776
1792
64
0
228288
1856
64
0
228800
1920
64
0
229312
1984
64
0
229376
0
64
0
229888
64
64
0
230400
128
64
0
230912
192
64
0
231424
256
64
0
231936
320
64
0
232448
384
64
0
232960
448
64
0
233472
512
64
0
233984
576
64
0
234496
640
64
0
235008
704
64
0
235520
768
64
0
236032
832
64
0
236544
896
64
0
237056
960
64
0
237568
1024
64
0
238080
1088
64
0
238592
1152
64
0
239104
1216
64
0
239616
1280
64
0
240128
1344
64
0
240640
1408
64
0
241152
1472
64
0
241664
1536
64
0
242176
1600
64
0
242688
1664
64
0
243200
1728
64
0
243712
1792
64
0
244224
1856
64
0
244736
1920
64
0
245248
1984
64
0
229440
0
64
0
229952
64
64
0
230464
128
64
0
230976
192
64
0
231488
256
64
0
232000
320
64
0
232512
384
64
0
233024
448
64
0
233536
512
64
0
234048
576
64
0
234560
640
64
0
235072
704
64
0
235584
768
64
0
236096
832
64
0
236608
896
64
0
237120
960
64
0
237632
1024
64
0
238144
1088
64
0
238656
1152
64
0
239168
1216
64
0
239680
1280
64
0
240192
1344
64
0
240704
1408
64
0
241216
1472
64
0
241728
1536
64
0
242240
1600
64
0
242752
1664
64
0
243264
1728
64
0
243776
1792
64
0
244288
1856
64
0
244800
1920
64
0
245312
1984
64
0
229504
0
64
0
230016
64
64
0
230528
128
64
0
231040
192
64
0
231552
256
64
0
232064
320
64
0
232576
384
64
0
233088
448
64
0
233600
512
64
0
234112
576
64
0
234624
640
64
0
235136
704
64
0
235648
768
64
0
236160
832
64
0
236672
896
64
0
237184
960
64
0
237696
1024
64
0
238208
1088
64
0
238720
1152
64
0
239232
1216
64
0
239744
1280
64
0
240256
1344
64
0
240768
1408
64
0
241280
1472
64
0
241792
1536
64
0
242304
1600
64
0
242816
1664
64
0
243328
1728
64
0
243840
1792
64
0
244352
1856
64
0
244864
1920
64
0
245376
1984
64
0
229568
0
64
0
230080
64
64
0
230592
128
64
0
231104
192
64
0
231616
256
64
0
232128
320
64
0
232640
384
64
0
233152
448
64
0
233664
512
64
0
234176
576
64
0
234688
640
64
0
235200
704
64
0
235712
768
64
0
236224
832
64
0
236736
896
64
0
237248
960
64
0
237760
1024
64
0
238272
1088
64
0
238784
1152
64
0
239296
1216
64
0
239808
1280
64
0
240320
1344
64
0
240832
1408
64
0
241344
1472
64
0
241856
1536
64
0
242368
1600
64
0
242880
1664
64
0
243392
1728
64
0
243904
1792
64
0
244416
1856
64
0
244928
1920
64
0
245440
1984
64
0
229632
0
64
0
230144
64
64
0
230656
128
64
0
231168
192
64
0
231680
256
64
0
232192
320
64
0
232704
384
64
0
233216
448
64
0
233728
512
64
0
234240
576
64
0
234752
640
64
0
235264
704
64
0
235776
768
64
0
236288
832
64
0
236800
896
64
0
237312
960
64
0
237824
1024
64
0
238336
1088
64
0
238848
1152
64
0
239360
1216
64
0
239872
1280
64
0
240384
1344
64
0
240896
1408
64
0
241408
1472
64
0
241920
1536
64
0
242432
1600
64
0
242944
1664
64
0
243456
1728
64
0
243968
1792
64
0
244480
1856
64
0
244992
1920
64
0
245504
1984
64
0
229696
0
64
0
230208
64
64
0
230720
128
64
0
231232
192
64
0
231744
256
64
0
232256
320
64
0
232768
384
64
0
233280
448
64
0
233792
512
64
0
234304
576
64
0
234816
640
64
0
235328
704
64
0
235840
768
64
0
236352
832
64
0
236864
896
64
0
237376
960
64
0
237888
1024
64
0
238400
1088
64
0
238912
1152
64
0
239424
1216
64
0
239936
1280
64
0
240448
1344
64
0
240960
1408
64
0
241472
1472
64
0
241984
1536
64
0
242496
1600
64
0
243008
1664
64
0
243520
1728
64
0
244032
1792
64
0
244544
1856
64
0
245056
1920
64
0
245568
1984
64
0
229760
0
64
0
230272
64
64
0
230784
128
64
0
231296
192
64
0
231808
256
64
0
232320
320
64
0
232832
384
64
0
233344
448
64
0
233856
512
64
0
234368
576
64
0
234880
640
64
0
235392
704
64
0
235904
768
64
0
236416
832
64
0
236928
896
64
0
237440
960
64
0
237952
1024
64
0
238464
1088
64
0
238976
1152
64
0
239488
1216
64
0
240000
1280
64
0
240512
1344
64
0
241024
1408
64
0
241536
1472
64
0
242048
1536
64
0
242560
1600
64
0
243072
1664
64
0
243584
1728
64
0
244096
1792
64
0
244608
1856
64
0
245120
1920
64
0
245632
1984
64
0
229824
0
64
0
230336
64
64
0
230848
128
64
0
231360
192
64
0
231872
256
64
0
232384
320
64
0
232896
384
64
0
233408
448
64
0
233920
512
64
0
234432
576
64
0
234944
640
64
0
235456
704
64
0
235968
768
64
0
236480
832
64
0
236992
896
64
0
237504
960
64
0
238016
1024
64
0
238528
1088
64
0
239040
1152
64
0
239552
1216
64
0
240064
1280
64
0
240576
1344
64
0
241088
1408
64
0
241600
1472
64
0
242112
1536
64
0
242624
1600
64
0
243136
1664
64
0
243648
1728
64
0
244160
1792
64
0
244672
1856
64
0
245184
1920
64
0
245696
1984
64
0
245760
0
64
0
246272
64
64
0
246784
128
64
0
247296
192
64
0
247808
256
64
0
248320
320
64
0
248832
384
64
0
249344
448
64
0
249856
512
64
0
250368
576
64
0
250880
640
64
0
251392
704
64
0
251904
768
64
0
252416
832
64
0
252928
896
64
0
253440
960
64
0
253952
1024
64
0
254464
1088
64
0
254976
1152
64
0
255488
1216
64
0
256000
1280
64
0
256512
1344
64
0
257024
1408
64
0
257536
1472
64
0
258048
1536
64
0
258560
1600
64
0
259072
1664
64
0
259584
1728
64
0
260096
1792
64
0
260608
1856
64
0
261120
1920
64
0
261632
1984
64
0
245824
0
64
0
246336
64
64
0
246848
128
64
0
247360
192
64
0
247872
256
64
0
248384
320
64
0
248896
384
64
0
249408
448
64
0
249920
512
64
0
250432
576
64
0
250944
640
64
0
251456
704
64
0
251968
768
64
0
252480
832
64
0
252992
896
64
0
253504
960
64
0
254016
1024
64
0
254528
1088
64
0
255040
1152
64
0
255552
1216
64
0
256064
1280
64
0
256576
1344
64
0
257088
1408
64
0
257600
1472
64
0
258112
1536
64
0
258624
1600
64
0
259136
1664
64
0
259648
1728
64
0
260160
1792
64
0
260672
1856
64
0
261184
1920
64
0
261696
1984
64
0
245888
0
64
0
246400
64
64
0
246912
128
64
0
247424
192
64
0
247936
256
64
0
248448
320
64
0
248960
384
64
0
249472
448
64
0
249984
512
64
0
250496
576
64
0
251008
640
64
0
251520
704
64
0
252032
768
64
0
252544
832
64
0
253056
896
64
0
253568
960
64
0
254080
1024
64
0
254592
1088
64
0
255104
1152
64
0
255616
1216
64
0
256128
1280
64
0
256640
1344
64
0
257152
1408
64
0
257664
1472
64
0
258176
1536
64
0
258688
1600
64
0
259200
1664
64
0
259712
1728
64
0
260224
1792
64
0
260736
1856
64
0
261248
1920
64
0
261760
1984
64
0
245952
0
64
0
246464
64
64
0
246976
128
64
0
247488
192
64
0
248000
256
64
0
248512
320
64
0
249024
384
64
0
249536
448
64
0
250048
512
64
0
250560
576
64
0
251072
640
64
0
251584
704
64
0
252096
768
64
0
252608
832
64
0
253120
896
64
0
253632
960
64
0
254144
1024
64
0
254656
1088
64
0
255168
1152
64
0
255680
1216
64
0
256192
1280
64
0
256704
1344
64
0
257216
1408
64
0
257728
1472
64
0
258240
1536
64
0
258752
1600
64
0
259264
1664
64
0
259776
1728
64
0
260288
1792
64
0
260800
1856
64
0
261312
1920
64
0
261824
1984
64
0
246016
0
64
0
246528
64
64
0
247040
128
64
0
247552
192
64
0
248064
256
64
0
248576
320
64
0
249088
384
64
0
249600
448
64
0
250112
512
64
0
250624
576
64
0
251136
640
64
0
251648
704
64
0
252160
768
64
0
252672
832
64
0
253184
896
64
0
253696
960
64
0
254208
1024
64
0
254720
1088
64
0
255232
1152
64
0
255744
1216
64
0
256256
1280
64
0
256768
1344
64
0
257280
1408
64
0
257792
1472
64
0
258304
1536
64
0
258816
1600
64
0
259328
1664
64
0
259840
1728
64
0
260352
1792
64
0
260864
1856
64
0
261376
1920
64
0
261888
1984
64
0
246080
0
64
0
246592
64
64
0
247104
128
64
0
247616
192
64
0
248128
256
64
0
248640
320
64
0
249152
384
64
0
249664
448
64
0
250176
512
64
0
250688
576
64
0
251200
640
64
0
251712
704
64
0
252224
768
64
0
252736
832
64
0
253248
896
64
0
253760
960
64
0
254272
1024
64
0
254784
1088
64
0
255296
1152
64
0
255808
1216
64
0
256320
1280
64
0
256832
1344
64
0
257344
1408
64
0
257856
1472
64
0
258368
1536
64
0
258880
1600
64
0
259392
1664
64
0
259904
1728
64
0
260416
1792
64
0
260928
1856
64
0
261440
1920
64
0
261952
1984
64
0
246144
0
64
0
246656
64
64
0
247168
128
64
0
247680
192
64
0
248192
256
64
0
248704
320
64
0
249216
384
64
0
249728
448
64
0
250240
512
64
0
250752
576
64
0
251264
640
64
0
251776
704
64
0
252288
768
64
0
252800
832
64
0
253312
896
64
0
253824
960
64
0
254336
1024
64
0
254848
1088
64
0
255360
1152
64
0
255872
1216
64
0
256384
1280
64
0
256896
1344
64
0
257408
1408
64
0
257920
1472
64
0
258432
1536
64
0
258944
1600
64
0
259456
1664
64
0
259968
1728
64
0
260480
1792
64
0
260992
1856
64
0
261504
1920
64
0
262016
1984
64
0
246208
0
64
0
246720
64
64
0
247232
128
64
0
247744
192
64
0
248256
256
64
0
248768
320
64
0
249280
384
64
0
249792
448
64
0
250304
512
64
0
250816
576
64
0
251328
640
64
0
251840
704
64
0
252352
768
64
0
252864
832
64
0
253376
896
64
0
253888
960
64
0
254400
1024
64
0
254912
1088
64
0
255424
1152
64
0
255936
1216
64
0
256448
1280
64
0
256960
1344
64
0
257472
1408
64
0
257984
1472
64
0
258496
1536
64
0
259008
1600
64
0
259520
1664
64
0
260032
1728
64
0
260544
1792
64
0
261056
1856
64
0
261568
1920
64
0
262080
1984
64
0
262144
0
64
0
262656
64
64
0
263168
128
64
0
263680
192
64
0
264192
256
64
0
264704
320
64
0
265216
384
64
0
265728
448
64
0
266240
512
64
0
266752
576
64
0
267264
640
64
0
267776
704
64
0
268288
768
64
0
268800
832
64
0
269312
896
64
0
269824
960
64
0
270336
1024
64
0
270848
1088
64
0
271360
1152
64
0
271872
1216
64
0
272384
1280
64
0
272896
1344
64
0
273408
1408
64
0
273920
1472
64
0
274432
1536
64
0
274944
1600
64
0
275456
1664
64
0
275968
1728
64
0
276480
1792
64
0
276992
1856
64
0
277504
1920
64
0
278016
1984
64
0
262208
0
64
0
262720
64
64
0
263232
128
64
0
263744
192
64
0
264256
256
64
0
264768
320
64
0
265280
384
64
0
265792
448
64
0
266304
512
64
0
266816
576
64
0
267328
640
64
0
267840
704
64
0
268352
768
64
0
268864
832
64
0
269376
896
64
0
269888
960
64
0
270400
1024
64
0
270912
1088
64
0
271424
1152
64
0
271936
1216
64
0
272448
1280
64
0
272960
1344
64
0
273472
1408
64
0
273984
1472
64
0
274496
1536
64
0
275008
1600
64
0
275520
1664
64
0
276032
1728
64
0
276544
1792
64
0
277056
1856
64
0
277568
1920
64
0
278080
1984
64
0
262272
0
64
0
262784
64
64
0
263296
128
64
0
263808
192
64
0
264320
256
64
0
264832
320
64
0
265344
384
64
0
265856
448
64
0
266368
512
64
0
266880
576
64
0
267392
640
64
0
267904
704
64
0
268416
768
64
0
268928
832
64
0
269440
896
64
0
269952
960
64
0
270464
1024
64
0
270976
1088
64
0
271488
1152
64
0
272000
1216
64
0
272512
1280
64
0
273024
1344
64
0
273536
1408
64
0
274048
1472
64
0
274560
1536
64
0
275072
1600
64
0
275584
1664
64
0
276096
1728
64
0
276608
1792
64
0
277120
1856
64
0
277632
1920
64
0
278144
1984
64
0
262336
0
64
0
262848
64
64
0
263360
128
64
0
263872
192
64
0
264384
256
64
0
264896
320
64
0
265408
384
64
0
265920
448
64
0
266432
512
64
0
266944
576
64
0
267456
640
64
0
267968
704
64
0
268480
768
64
0
268992
832
64
0
269504
896
64
0
270016
960
64
0
270528
1024
64
0
271040
1088
64
0
271552
1152
64
0
272064
1216
64
0
272576
1280
64
0
273088
1344
64
0
273600
1408
64
0
274112
1472
64
0
274624
1536
64
0
275136
1600
64
0
275648
1664
64
0
276160
1728
64
0
276672
1792
64
0
277184
1856
64
0
277696
1920
64
0
278208
1984
64
0
262400
0
64
0
262912
64
64
0
263424
128
64
0
263936
192
64
0
264448
256
64
0
264960
320
64
0
265472
384
64
0
265984
448
64
0
266496
512
64
0
267008
576
64
0
267520
640
64
0
268032
704
64
0
268544
768
64
0
269056
832
64
0
269568
896
64
0
270080
960
64
0
270592
1024
64
0
271104
1088
64
0
271616
1152
64
0
272128
1216
64
0
272640
1280
64
0
273152
1344
64
0
273664
1408
64
0
274176
1472
64
0
274688
1536
64
0
275200
1600
64
0
275712
1664
64
0
276224
1728
64
0
276736
1792
64
0
277248
1856
64
0
277760
1920
64
0
278272
1984
64
0
262464
0
64
0
262976
64
64
0
263488
128
64
0
264000
192
64
0
264512
256
64
0
265024
320
64
0
265536
384
64
0
266048
448
64
0
266560
512
64
0
267072
576
64
0
267584
640
64
0
268096
704
64
0
268608
768
64
0
269120
832
64
0
269632
896
64
0
270144
960
64
0
270656
1024
64
0
271168
1088
64
0
271680
1152
64
0
272192
1216
64
0
272704
1280
64
0
273216
1344
64
0
273728
1408
64
0
274240
1472
64
0
274752
1536
64
0
275264
1600
64
0
275776
1664
64
0
276288
1728
64
0
276800
1792
64
0
277312
1856
64
0
277824
1920
64
0
278336
1984
64
0
262528
0
64
0
263040
64
64
0
263552
128
64
0
264064
192
64
0
264576
256
64
0
265088
320
64
0
265600
384
64
0
266112
448
64
0
266624
512
64
0
267136
576
64
0
267648
640
64
0
268160
704
64
0
268672
768
64
0
269184
832
64
0
269696
896
64
0
270208
960
64
0
270720
1024
64
0
271232
1088
64
0
271744
1152
64
0
272256
1216
64
0
272768
1280
64
0
273280
1344
64
0
273792
1408
64
0
274304
1472
64
0
274816
1536
64
0
275328
1600
64
0
275840
1664
64
0
276352
1728
64
0
276864
1792
64
0
277376
1856
64
0
277888
1920
64
0
278400
1984
64
0
262592
0
64
0
263104
64
64
0
263616
128
64
0
264128
192
64
0
264640
256
64
0
265152
320
64
0
265664
384
64
0
266176
448
64
0
266688
512
64
0
267200
576
64
0
267712
640
64
0
268224
704
64
0
268736
768
64
0
269248
832
64
0
269760
896
64
0
270272
960
64
0
270784
1024
64
0
271296
1088
64
0
271808
1152
64
0
272320
1216
64
0
272832
1280
64
0
273344
1344
64
0
273856
1408
64
0
274368
1472
64
0
274880
1536
64
0
275392
1600
64
0
275904
1664
64
0
276416
1728
64
0
276928
1792
64
0
277440
1856
64
0
277952
1920
64
0
278464
1984
64
0
278528
0
64
0
279040
64
64
0
279552
128
64
0
280064
192
64
0
280576
256
64
0
281088
320
64
0
281600
384
64
0
282112
448
64
0
282624
512
64
0
283136
576
64
0
283648
640
64
0
284160
704
64
0
284672
768
64
0
285184
832
64
0
285696
896
64
0
286208
960
64
0
286720
1024
64
0
287232
1088
64
0
287744
1152
64
0
288256
1216
64
0
288768
1280
64
0
289280
1344
64
0
289792
1408
64
0
290304
1472
64
0
290816
1536
64
0
291328
1600
64
0
291840
1664
64
0
292352
1728
64
0
292864
1792
64
0
293376
1856
64
0
293888
1920
64
0
294400
1984
64
0
278592
0
64
0
279104
64
64
0
279616
128
64
0
280128
192
64
0
280640
256
64
0
281152
320
64
0
281664
384
64
0
282176
448
64
0
282688
512
64
0
283200
576
64
0
283712
640
64
0
284224
704
64
0
284736
768
64
0
285248
832
64
0
285760
896
64
0
286272
960
64
0
286784
1024
64
0
287296
1088
64
0
287808
1152
64
0
288320
1216
64
0
288832
1280
64
0
289344
1344
64
0
289856
1408
64
0
290368
1472
64
0
290880
1536
64
0
291392
1600
64
0
291904
1664
64
0
292416
1728
64
0
292928
1792
64
0
293440
1856
64
0
293952
1920
64
0
294464
1984
64
0
278656
0
64
0
279168
64
64
0
279680
128
64
0
280192
192
64
0
280704
256
64
0
281216
320
64
0
281728
384
64
0
282240
448
64
0
282752
512
64
0
283264
576
64
0
283776
640
64
0
284288
704
64
0
284800
768
64
0
285312
832
64
0
285824
896
64
0
286336
960
64
0
286848
1024
64
0
287360
1088
64
0
287872
1152
64
0
288384
1216
64
0
288896
1280
64
0
289408
1344
64
0
289920
1408
64
0
290432
1472
64
0
290944
1536
64
0
291456
1600
64
0
291968
1664
64
0
292480
1728
64
0
292992
1792
64
0
293504
1856
64
0
294016
1920
64
0
294528
1984
64
0
278720
0
64
0
279232
64
64
0
279744
128
64
0
280256
192
64
0
280768
256
64
0
281280
320
64
0
281792
384
64
0
282304
448
64
0
282816
512
64
0
283328
576
64
0
283840
640
64
0
284352
704
64
0
284864
768
64
0
285376
832
64
0
285888
896
64
0
286400
960
64
0
286912
1024
64
0
287424
1088
64
0
287936
1152
64
0
288448
1216
64
0
288960
1280
64
0
289472
1344
64
0
289984
1408
64
0
290496
1472
64
0
291008
1536
64
0
291520
1600
64
0
292032
1664
64
0
292544
1728
64
0
293056
1792
64
0
293568
1856
64
0
294080
1920
64
0
294592
1984
64
0
278784
0
64
0
279296
64
64
0
279808
128
64
0
280320
192
64
0
280832
256
64
0
281344
320
64
0
281856
384
64
0
282368
448
64
0
282880
512
64
0
283392
576
64
0
283904
640
64
0
284416
704
64
0
284928
768
64
0
285440
832
64
0
285952
896
64
0
286464
960
64
0
286976
1024
64
0
287488
1088
64
0
288000
1152
64
0
288512
1216
64
0
289024
1280
64
0
289536
1344
64
0
290048
1408
64
0
290560
1472
64
0
291072
1536
64
0
291584
1600
64
0
292096
1664
64
0
292608
1728
64
0
293120
1792
64
0
293632
1856
64
0
294144
1920
64
0
294656
1984
64
0
278848
0
64
0
279360
64
64
0
279872
128
64
0
280384
192
64
0
280896
256
64
0
281408
320
64
0
281920
384
64
0
282432
448
64
0
282944
512
64
0
283456
576
64
0
283968
640
64
0
284480
704
64
0
284992
768
64
0
285504
832
64
0
286016
896
64
0
286528
960
64
0
287040
1024
64
0
287552
1088
64
0
288064
1152
64
0
288576
1216
64
0
289088
1280
64
0
289600
1344
64
0
290112
1408
64
0
290624
1472
64
0
291136
1536
64
0
291648
1600
64
0
292160
1664
64
0
292672
1728
64
0
293184
1792
64
0
293696
1856
64
0
294208
1920
64
0
294720
1984
64
0
278912
0
64
0
279424
64
64
0
279936
128
64
0
280448
192
64
0
280960
256
64
0
281472
320
64
0
281984
384
64
0
282496
448
64
0
283008
512
64
0
283520
576
64
0
284032
640
64
0
284544
704
64
0
285056
768
64
0
285568
832
64
0
286080
896
64
0
286592
960
64
0
287104
1024
64
0
287616
1088
64
0
288128
1152
64
0
288640
1216
64
0
289152
1280
64
0
289664
1344
64
0
290176
1408
64
0
290688
1472
64
0
291200
1536
64
0
291712
1600
64
0
292224
1664
64
0
292736
1728
64
0
293248
1792
64
0
293760
1856
64
0
294272
1920
64
0
294784
1984
64
0
278976
0
64
0
279488
64
64
0
280000
128
64
0
280512
192
64
0
281024
256
64
0
281536
320
64
0
282048
384
64
0
282560
448
64
0
283072
512
64
0
283584
576
64
0
284096
640
64
0
284608
704
64
0
285120
768
64
0
285632
832
64
0
286144
896
64
0
286656
960
64
0
287168
1024
64
0
287680
1088
64
0
288192
1152
64
0
288704
1216
64
0
289216
1280
64
0
289728
1344
64
0
290240
1408
64
0
290752
1472
64
0
291264
1536
64
0
291776
1600
64
0
292288
1664
64
0
292800
1728
64
0
293312
1792
64
0
293824
1856
64
0
294336
1920
64
0
294848
1984
64
0
294912
0
64
0
295424
64
64
0
295936
128
64
0
296448
192
64
0
296960
256
64
0
297472
320
64
0
297984
384
64
0
298496
448
64
0
299008
512
64
0
299520
576
64
0
300032
640
64
0
300544
704
64
0
301056
768
64
0
301568
832
64
0
302080
896
64
0
302592
960
64
0
303104
1024
64
0
303616
1088
64
0
304128
1152
64
0
304640
1216
64
0
305152
1280
64
0
305664
1344
64
0
306176
1408
64
0
306688
1472
64
0
307200
1536
64
0
307712
1600
64
0
308224
1664
64
0
308736
1728
64
0
309248
1792
64
0
309760
1856
64
0
310272
1920
64
0
310784
1984
64
0
294976
0
64
0
295488
64
64
0
296000
128
64
0
296512
192
64
0
297024
256
64
0
297536
320
64
0
298048
384
64
0
298560
448
64
0
299072
512
64
0
299584
576
64
0
300096
640
64
0
300608
704
64
0
301120
768
64
0
301632
832
64
0
302144
896
64
0
302656
960
64
0
303168
1024
64
0
303680
1088
64
0
304192
1152
64
0
304704
1216
64
0
305216
1280
64
0
305728
1344
64
0
306240
1408
64
0
306752
1472
64
0
307264
1536
64
0
307776
1600
64
0
308288
1664
64
0
308800
1728
64
0
309312
1792
64
0
309824
1856
64
0
310336
1920
64
0
310848
1984
64
0
295040
0
64
0
295552
64
64
0
296064
128
64
0
296576
192
64
0
297088
256
64
0
297600
320
64
0
298112
384
64
0
298624
448
64
0
299136
512
64
0
299648
576
64
0
300160
640
64
0
300672
704
64
0
301184
768
64
0
301696
832
64
0
302208
896
64
0
302720
960
64
0
303232
1024
64
0
303744
1088
64
0
304256
1152
64
0
304768
1216
64
0
305280
1280
64
0
305792
1344
64
0
306304
1408
64
0
306816
1472
64
0
307328
1536
64
0
307840
1600
64
0
308352
1664
64
0
308864
1728
64
0
309376
1792
64
0
309888
1856
64
0
310400
1920
64
0
310912
1984
64
0
295104
0
64
0
295616
64
64
0
296128
128
64
0
296640
192
64
0
297152
256
64
0
297664
320
64
0
298176
384
64
0
298688
448
64
0
299200
512
64
0
299712
576
64
0
300224
640
64
0
300736
704
64
0
301248
768
64
0
301760
832
64
0
302272
896
64
0
302784
960
64
0
303296
1024
64
0
303808
1088
64
0
304320
1152
64
0
304832
1216
64
0
305344
1280
64
0
305856
1344
64
0
306368
1408
64
0
306880
1472
64
0
307392
1536
64
0
307904
1600
64
0
308416
1664
64
0
308928
1728
64
0
309440
1792
64
0
309952
1856
64
0
310464
1920
64
0
310976
1984
64
0
295168
0
64
0
295680
64
64
0
296192
128
64
0
296704
192
64
0
297216
256
64
0
297728
320
64
0
298240
384
64
0
298752
448
64
0
299264
512
64
0
299776
576
64
0
300288
640
64
0
300800
704
64
0
301312
768
64
0
301824
832
64
0
302336
896
64
0
302848
960
64
0
303360
1024
64
0
303872
1088
64
0
304384
1152
64
0
304896
1216
64
0
305408
1280
64
0
305920
1344
64
0
306432
1408
64
0
306944
1472
64
0
307456
1536
64
0
307968
1600
64
0
308480
1664
64
0
308992
1728
64
0
309504
1792
64
0
310016
1856
64
0
310528
1920
64
0
311040
1984
64
0
295232
0
64
0
295744
64
64
0
296256
128
64
0
296768
192
64
0
297280
256
64
0
297792
320
64
0
298304
384
64
0
298816
448
64
0
299328
512
64
0
299840
576
64
0
300352
640
64
0
300864
704
64
0
301376
768
64
0
301888
832
64
0
302400
896
64
0
302912
960
64
0
303424
1024
64
0
303936
1088
64
0
304448
1152
64
0
304960
1216
64
0
305472
1280
64
0
305984
1344
64
0
306496
1408
64
0
307008
1472
64
0
307520
1536
64
0
308032
1600
64
0
308544
1664
64
0
309056
1728
64
0
309568
1792
64
0
310080
1856
64
0
310592
1920
64
0
311104
1984
64
0
295296
0
64
0
295808
64
64
0
296320
128
64
0
296832
192
64
0
297344
256
64
0
297856
320
64
0
298368
384
64
0
298880
448
64
0
299392
512
64
0
299904
576
64
0
300416
640
64
0
300928
704
64
0
301440
768
64
0
301952
832
64
0
302464
896
64
0
302976
960
64
0
303488
1024
64
0
304000
1088
64
0
304512
1152
64
0
305024
1216
64
0
305536
1280
64
0
306048
1344
64
0
306560
1408
64
0
307072
1472
64
0
307584
1536
64
0
308096
1600
64
0
308608
1664
64
0
309120
1728
64
0
309632
1792
64
0
310144
1856
64
0
310656
1920
64
0
311168
1984
64
0
295360
0
64
0
295872
64
64
0
296384
128
64
0
296896
192
64
0
297408
256
64
0
297920
320
64
0
298432
384
64
0
298944
448
64
0
299456
512
64
0
299968
576
64
0
300480
640
64
0
300992
704
64
0
301504
768
64
0
302016
832
64
0
302528
896
64
0
303040
960
64
0
303552
1024
64
0
304064
1088
64
0
304576
1152
64
0
305088
1216
64
0
305600
1280
64
0
306112
1344
64
0
306624
1408
64
0
307136
1472
64
0
307648
1536
64
0
308160
1600
64
0
308672
1664
64
0
309184
1728
64
0
309696
1792
64
0
310208
1856
64
0
310720
1920
64
0
311232
1984
64
0
311296
0
64
0
311808
64
64
0
312320
128
64
0
312832
192
64
0
313344
256
64
0
313856
320
64
0
314368
384
64
0
314880
448
64
0
315392
512
64
0
315904
576
64
0
316416
640
64
0
316928
704
64
0
317440
768
64
0
317952
832
64
0
318464
896
64
0
318976
960
64
0
319488
1024
64
0
320000
1088
64
0
320512
1152
64
0
321024
1216
64
0
321536
1280
64
0
322048
1344
64
0
322560
1408
64
0
323072
1472
64
0
323584
1536
64
0
324096
1600
64
0
324608
1664
64
0
325120
1728
64
0
325632
1792
64
0
326144
1856
64
0
326656
1920
64
0
327168
1984
64
0
311360
0
64
0
311872
64
64
0
312384
128
64
0
312896
192
64
0
313408
256
64
0
313920
320
64
0
314432
384
64
0
314944
448
64
0
315456
512
64
0
315968
576
64
0
316480
640
64
0
316992
704
64
0
317504
768
64
0
318016
832
64
0
318528
896
64
0
319040
960
64
0
319552
1024
64
0
320064
1088
64
0
320576
1152
64
0
321088
1216
64
0
321600
1280
64
0
322112
1344
64
0
322624
1408
64
0
323136
1472
64
0
323648
1536
64
0
324160
1600
64
0
324672
1664
64
0
325184
1728
64
0
325696
1792
64
0
326208
1856
64
0
326720
1920
64
0
327232
1984
64
0
311424
0
64
0
311936
64
64
0
312448
128
64
0
312960
192
64
0
313472
256
64
0
313984
320
64
0
314496
384
64
0
315008
448
64
0
315520
512
64
0
316032
576
64
0
316544
640
64
0
317056
704
64
0
317568
768
64
0
318080
832
64
0
318592
896
64
0
319104
960
64
0
319616
1024
64
0
320128
1088
64
0
320640
1152
64
0
321152
1216
64
0
321664
1280
64
0
322176
1344
64
0
322688
1408
64
0
323200
1472
64
0
323712
1536
64
0
324224
1600
64
0
324736
1664
64
0
325248
1728
64
0
325760
1792
64
0
326272
1856
64
0
326784
1920
64
0
327296
1984
64
0
311488
0
64
0
312000
64
64
0
312512
128
64
0
313024
192
64
0
313536
256
64
0
314048
320
64
0
314560
384
64
0
315072
448
64
0
315584
512
64
0
316096
576
64
0
316608
640
64
0
317120
704
64
0
317632
768
64
0
318144
832
64
0
318656
896
64
0
319168
960
64
0
319680
1024
64
0
320192
1088
64
0
320704
1152
64
0
321216
1216
64
0
321728
1280
64
0
322240
1344
64
0
322752
1408
64
0
323264
1472
64
0
323776
1536
64
0
324288
1600
64
0
324800
1664
64
0
325312
1728
64
0
325824
1792
64
0
326336
1856
64
0
326848
1920
64
0
327360
1984
64
0
311552
0
64
0
312064
64
64
0
312576
128
64
0
313088
192
64
0
313600
256
64
0
314112
320
64
0
314624
384
64
0
315136
448
64
0
315648
512
64
0
316160
576
64
0
316672
640
64
0
317184
704
64
0
317696
768
64
0
318208
832
64
0
318720
896
64
0
319232
960
64
0
319744
1024
64
0
320256
1088
64
0
320768
1152
64
0
321280
1216
64
0
321792
1280
64
0
322304
1344
64
0
322816
1408
64
0
323328
1472
64
0
323840
1536
64
0
324352
1600
64
0
324864
1664
64
0
325376
1728
64
0
325888
1792
64
0
326400
1856
64
0
326912
1920
64
0
327424
1984
64
0
311616
0
64
0
312128
64
64
0
312640
128
64
0
313152
192
64
0
313664
256
64
0
314176
320
64
0
314688
384
64
0
315200
448
64
0
315712
512
64
0
316224
576
64
0
316736
640
64
0
317248
704
64
0
317760
768
64
0
318272
832
64
0
318784
896
64
0
319296
960
64
0
319808
1024
64
0
320320
1088
64
0
320832
1152
64
0
321344
1216
64
0
321856
1280
64
0
322368
1344
64
0
322880
1408
64
0
323392
1472
64
0
323904
1536
64
0
324416
1600
64
0
324928
1664
64
0
325440
1728
64
0
325952
1792
64
0
326464
1856
64
0
326976
1920
64
0
327488
1984
64
0
311680
0
64
0
312192
64
64
0
312704
128
64
0
313216
192
64
0
313728
256
64
0
314240
320
64
0
314752
384
64
0
315264
448
64
0
315776
512
64
0
316288
576
64
0
316800
640
64
0
317312
704
64
0
317824
768
64
0
318336
832
64
0
318848
896
64
0
319360
960
64
0
319872
1024
64
0
320384
1088
64
0
320896
1152
64
0
321408
1216
64
0
321920
1280
64
0
322432
1344
64
0
322944
1408
64
0
323456
1472
64
0
323968
1536
64
0
324480
1600
64
0
324992
1664
64
0
325504
1728
64
0
326016
1792
64
0
326528
1856
64
0
327040
1920
64
0
327552
1984
64
0
311744
0
64
0
312256
64
64
0
312768
128
64
0
313280
192
64
0
313792
256
64
0
314304
320
64
0
314816
384
64
0
315328
448
64
0
315840
512
64
0
316352
576
64
0
316864
640
64
0
317376
704
64
0
317888
768
64
0
318400
832
64
0
318912
896
64
0
319424
960
64
0
319936
1024
64
0
320448
1088
64
0
320960
1152
64
0
321472
1216
64
0
321984
1280
64
0
322496
1344
64
0
323008
1408
64
0
323520
1472
64
0
324032
1536
64
0
324544
1600
64
0
325056
1664
64
0
325568
1728
64
0
326080
1792
64
0
326592
1856
64
0
327104
1920
64
0
327616
1984
64
0
327680
0
64
0
328192
64
64
0
328704
128
64
0
329216
192
64
0
329728
256
64
0
330240
320
64
0
330752
384
64
0
331264
448
64
0
331776
512
64
0
332288
576
64
0
332800
640
64
0
333312
704
64
0
333824
768
64
0
334336
832
64
0
334848
896
64
0
335360
960
64
0
335872
1024
64
0
336384
1088
64
0
336896
1152
64
0
337408
1216
64
0
337920
1280
64
0
338432
1344
64
0
338944
1408
64
0
339456
1472
64
0
339968
1536
64
0
340480
1600
64
0
340992
1664
64
0
341504
1728
64
0
342016
1792
64
0
342528
1856
64
0
343040
1920
64
0
343552
1984
64
0
327744
0
64
0
328256
64
64
0
328768
128
64
0
329280
192
64
0
329792
256
64
0
330304
320
64
0
330816
384
64
0
331328
448
64
0
331840
512
64
0
332352
576
64
0
332864
640
64
0
333376
704
64
0
333888
768
64
0
334400
832
64
0
334912
896
64
0
335424
960
64
0
335936
1024
64
0
336448
1088
64
0
336960
1152
64
0
337472
1216
64
0
337984
1280
64
0
338496
1344
64
0
339008
1408
64
0
339520
1472
64
0
340032
1536
64
0
340544
1600
64
0
341056
1664
64
0
341568
1728
64
0
342080
1792
64
0
342592
1856
64
0
343104
1920
64
0
343616
1984
64
0
327808
0
64
0
328320
64
64
0
328832
128
64
0
329344
192
64
0
329856
256
64
0
330368
320
64
0
330880
384
64
0
331392
448
64
0
331904
512
64
0
332416
576
64
0
332928
640
64
0
333440
704
64
0
333952
768
64
0
334464
832
64
0
334976
896
64
0
335488
960
64
0
336000
1024
64
0
336512
1088
64
0
337024
1152
64
0
337536
1216
64
0
338048
1280
64
0
338560
1344
64
0
339072
1408
64
0
339584
1472
64
0
340096
1536
64
0
340608
1600
64
0
341120
1664
64
0
341632
1728
64
0
342144
1792
64
0
342656
1856
64
0
343168
1920
64
0
343680
1984
64
0
327872
0
64
0
328384
64
64
0
328896
128
64
0
329408
192
64
0
329920
256
64
0
330432
320
64
0
330944
384
64
0
331456
448
64
0
331968
512
64
0
332480
576
64
0
332992
640
64
0
333504
704
64
0
334016
768
64
0
334528
832
64
0
335040
896
64
0
335552
960
64
0
336064
1024
64
0
336576
1088
64
0
337088
1152
64
0
337600
1216
64
0
338112
1280
64
0
338624
1344
64
0
339136
1408
64
0
339648
1472
64
0
340160
1536
64
0
340672
1600
64
0
341184
1664
64
0
341696
1728
64
0
342208
1792
64
0
342720
1856
64
0
343232
1920
64
0
343744
1984
64
0
327936
0
64
0
328448
64
64
0
328960
128
64
0
329472
192
64
0
329984
256
64
0
330496
320
64
0
331008
384
64
0
331520
448
64
0
332032
512
64
0
332544
576
64
0
333056
640
64
0
333568
704
64
0
334080
768
64
0
334592
832
64
0
335104
896
64
0
335616
960
64
0
336128
1024
64
0
336640
1088
64
0
337152
1152
64
0
337664
1216
64
0
338176
1280
64
0
338688
1344
64
0
339200
1408
64
0
339712
1472
64
0
340224
1536
64
0
340736
1600
64
0
341248
1664
64
0
341760
1728
64
0
342272
1792
64
0
342784
1856
64
0
343296
1920
64
0
343808
1984
64
0
328000
0
64
0
328512
64
64
0
329024
128
64
0
329536
192
64
0
330048
256
64
0
330560
320
64
0
331072
384
64
0
331584
448
64
0
332096
512
64
0
332608
576
64
0
333120
640
64
0
333632
704
64
0
334144
768
64
0
334656
832
64
0
335168
896
64
0
335680
960
64
0
336192
1024
64
0
336704
1088
64
0
337216
1152
64
0
337728
1216
64
0
338240
1280
64
0
338752
1344
64
0
339264
1408
64
0
339776
1472
64
0
340288
1536
64
0
340800
1600
64
0
341312
1664
64
0
341824
1728
64
0
342336
1792
64
0
342848
1856
64
0
343360
1920
64
0
343872
1984
64
0
328064
0
64
0
328576
64
64
0
329088
128
64
0
329600
192
64
0
330112
256
64
0
330624
320
64
0
331136
384
64
0
331648
448
64
0
332160
512
64
0
332672
576
64
0
333184
640
64
0
333696
704
64
0
334208
768
64
0
334720
832
64
0
335232
896
64
0
335744
960
64
0
336256
1024
64
0
336768
1088
64
0
337280
1152
64
0
337792
1216
64
0
338304
1280
64
0
338816
1344
64
0
339328
1408
64
0
339840
1472
64
0
340352
1536
64
0
340864
1600
64
0
341376
1664
64
0
341888
1728
64
0
342400
1792
64
0
342912
1856
64
0
343424
1920
64
0
343936
1984
64
0
328128
0
64
0
328640
64
64
0
329152
128
64
0
329664
192
64
0
330176
256
64
0
330688
320
64
0
331200
384
64
0
331712
448
64
0
332224
512
64
0
332736
576
64
0
333248
640
64
0
333760
704
64
0
334272
768
64
0
334784
832
64
0
335296
896
64
0
335808
960
64
0
336320
1024
64
0
336832
1088
64
0
337344
1152
64
0
337856
1216
64
0
338368
1280
64
0
338880
1344
64
0
339392
1408
64
0
339904
1472
64
0
340416
1536
64
0
340928
1600
64
0
341440
1664
64
0
341952
1728
64
0
342464
1792
64
0
342976
1856
64
0
343488
1920
64
0
344000
1984
64
0
344064
0
64
0
344576
64
64
0
345088
128
64
0
345600
192
64
0
346112
256
64
0
346624
320
64
0
347136
384
64
0
347648
448
64
0
348160
512
64
0
348672
576
64
0
349184
640
64
0
349696
704
64
0
350208
768
64
0
350720
832
64
0
351232
896
64
0
351744
960
64
0
352256
1024
64
0
352768
1088
64
0
353280
1152
64
0
353792
1216
64
0
354304
1280
64
0
354816
1344
64
0
355328
1408
64
0
355840
1472
64
0
356352
1536
64
0
356864
1600
64
0
357376
1664
64
0
357888
1728
64
0
358400
1792
64
0
358912
1856
64
0
359424
1920
64
0
359936
1984
64
0
344128
0
64
0
344640
64
64
0
345152
128
64
0
345664
192
64
0
346176
256
64
0
346688
320
64
0
347200
384
64
0
347712
448
64
0
348224
512
64
0
348736
576
64
0
349248
640
64
0
349760
704
64
0
350272
768
64
0
350784
832
64
0
351296
896
64
0
351808
960
64
0
352320
1024
64
0
352832
1088
64
0
353344
1152
64
0
353856
1216
64
0
354368
1280
64
0
354880
1344
64
0
355392
1408
64
0
355904
1472
64
0
356416
1536
64
0
356928
1600
64
0
357440
1664
64
0
357952
1728
64
0
358464
1792
64
0
358976
1856
64
0
359488
1920
64
0
360000
1984
64
0
344192
0
64
0
344704
64
64
0
345216
128
64
0
345728
192
64
0
346240
256
64
0
346752
320
64
0
347264
384
64
0
347776
448
64
0
348288
512
64
0
348800
576
64
0
349312
640
64
0
349824
704
64
0
350336
768
64
0
350848
832
64
0
351360
896
64
0
351872
960
64
0
352384
1024
64
0
352896
1088
64
0
353408
1152
64
0
353920
1216
64
0
354432
1280
64
0
354944
1344
64
0
355456
1408
64
0
355968
1472
64
0
356480
1536
64
0
356992
1600
64
0
357504
1664
64
0
358016
1728
64
0
358528
1792
64
0
359040
1856
64
0
359552
1920
64
0
360064
1984
64
0
344256
0
64
0
344768
64
64
0
345280
128
64
0
345792
192
64
0
346304
256
64
0
346816
320
64
0
347328
384
64
0
347840
448
64
0
348352
512
64
0
348864
576
64
0
349376
640
64
0
349888
704
64
0
350400
768
64
0
350912
832
64
0
351424
896
64
0
351936
960
64
0
352448
1024
64
0
352960
1088
64
0
353472
1152
64
0
353984
1216
64
0
354496
1280
64
0
355008
1344
64
0
355520
1408
64
0
356032
1472
64
0
356544
1536
64
0
357056
1600
64
0
357568
1664
64
0
358080
1728
64
0
358592
1792
64
0
359104
1856
64
0
359616
1920
64
0
360128
1984
64
0
344320
0
64
0
344832
64
64
0
345344
128
64
0
345856
192
64
0
346368
256
64
0
346880
320
64
0
347392
384
64
0
347904
448
64
0
348416
512
64
0
348928
576
64
0
349440
640
64
0
349952
704
64
0
350464
768
64
0
350976
832
64
0
351488
896
64
0
352000
960
64
0
352512
1024
64
0
353024
1088
64
0
353536
1152
64
0
354048
1216
64
0
354560
1280
64
0
355072
1344
64
0
355584
1408
64
0
356096
1472
64
0
356608
1536
64
0
357120
1600
64
0
357632
1664
64
0
358144
1728
64
0
358656
1792
64
0
359168
1856
64
0
359680
1920
64
0
360192
1984
64
0
344384
0
64
0
344896
64
64
0
345408
128
64
0
345920
192
64
0
346432
256
64
0
346944
320
64
0
347456
384
64
0
347968
448
64
0
348480
512
64
0
348992
576
64
0
349504
640
64
0
350016
704
64
0
350528
768
64
0
351040
832
64
0
351552
896
64
0
352064
960
64
0
352576
1024
64
0
353088
1088
64
0
353600
1152
64
0
354112
1216
64
0
354624
1280
64
0
355136
1344
64
0
355648
1408
64
0
356160
1472
64
0
356672
1536
64
0
357184
1600
64
0
357696
1664
64
0
358208
1728
64
0
358720
1792
64
0
359232
1856
64
0
359744
1920
64
0
360256
1984
64
0
344448
0
64
0
344960
64
64
0
345472
128
64
0
345984
192
64
0
346496
256
64
0
347008
320
64
0
347520
384
64
0
348032
448
64
0
348544
512
64
0
349056
576
64
0
349568
640
64
0
350080
704
64
0
350592
768
64
0
351104
832
64
0
351616
896
64
0
352128
960
64
0
352640
1024
64
0
353152
1088
64
0
353664
1152
64
0
354176
1216
64
0
354688
1280
64
0
355200
1344
64
0
355712
1408
64
0
356224
1472
64
0
356736
1536
64
0
357248
1600
64
0
357760
1664
64
0
358272
1728
64
0
358784
1792
64
0
359296
1856
64
0
359808
1920
64
0
360320
1984
64
0
344512
0
64
0
345024
64
64
0
345536
128
64
0
346048
192
64
0
346560
256
64
0
347072
320
64
0
347584
384
64
0
348096
448
64
0
348608
512
64
0
349120
576
64
0
349632
640
64
0
350144
704
64
0
350656
768
64
0
351168
832
64
0
351680
896
64
0
352192
960
64
0
352704
1024
64
0
353216
1088
64
0
353728
1152
64
0
354240
1216
64
0
354752
1280
64
0
355264
1344
64
0
355776
1408
64
0
356288
1472
64
0
356800
1536
64
0
357312
1600
64
0
357824
1664
64
0
358336
1728
64
0
358848
1792
64
0
359360
1856
64
0
359872
1920
64
0
360384
1984
64
0
360448
0
64
0
360960
64
64
0
361472
128
64
0
361984
192
64
0
362496
256
64
0
363008
320
64
0
363520
384
64
0
364032
448
64
0
364544
512
64
0
365056
576
64
0
365568
640
64
0
366080
704
64
0
366592
768
64
0
367104
832
64
0
367616
896
64
0
368128
960
64
0
368640
1024
64
0
369152
1088
64
0
369664
1152
64
0
370176
1216
64
0
370688
1280
64
0
371200
1344
64
0
371712
1408
64
0
372224
1472
64
0
372736
1536
64
0
0
1600
64
1
0
1664
64
1
0
1728
64
1
0
1792
64
1
0
1856
64
1
0
1920
64
1
0
1984
64
1
360512
0
64
0
361024
64
64
0
361536
128
64
0
362048
192
64
0
362560
256
64
0
363072
320
64
0
363584
384
64
0
364096
448
64
0
364608
512
64
0
365120
576
64
0
365632
640
64
0
366144
704
64
0
366656
768
64
0
367168
832
64
0
367680
896
64
0
368192
960
64
0
368704
1024
64
0
369216
1088
64
0
369728
1152
64
0
370240
1216
64
0
370752
1280
64
0
371264
1344
64
0
371776
1408
64
0
372288
1472
64
0
372800
1536
64
0
64
1600
64
1
64
1664
64
1
64
1728
64
1
64
1792
64
1
64
1856
64
1
64
1920
64
1
64
1984
64
1
360576
0
64
0
361088
64
64
0
361600
128
64
0
362112
192
64
0
362624
256
64
0
363136
320
64
0
363648
384
64
0
364160
448
64
0
364672
512
64
0
365184
576
64
0
365696
640
64
0
366208
704
64
0
366720
768
64
0
367232
832
64
0
367744
896
64
0
368256
960
64
0
368768
1024
64
0
369280
1088
64
0
369792
1152
64
0
370304
1216
64
0
370816
1280
64
0
371328
1344
64
0
371840
1408
64
0
372352
1472
64
0
372864
1536
64
0
128
1600
64
1
128
1664
64
1
128
1728
64
1
128
1792
64
1
128
1856
64
1
128
1920
64
1
128
1984
64
1
360640
0
64
0
361152
64
64
0
361664
128
64
0
362176
192
64
0
362688
256
64
0
363200
320
64
0
363712
384
64
0
364224
448
64
0
364736
512
64
0
365248
576
64
0
365760
640
64
0
366272
704
64
0
366784
768
64
0
367296
832
64
0
367808
896
64
0
368320
960
64
0
368832
1024
64
0
369344
1088
64
0
369856
1152
64
0
370368
1216
64
0
370880
1280
64
0
371392
1344
64
0
371904
1408
64
0
372416
1472
64
0
372928
1536
64
0
192
1600
64
1
192
1664
64
1
192
1728
64
1
192
1792
64
1
192
1856
64
1
192
1920
64
1
192
1984
64
1
360704
0
64
0
361216
64
64
0
361728
128
64
0
362240
192
64
0
362752
256
64
0
363264
320
64
0
363776
384
64
0
364288
448
64
0
364800
512
64
0
365312
576
64
0
365824
640
64
0
366336
704
64
0
366848
768
64
0
367360
832
64
0
367872
896
64
0
368384
960
64
0
368896
1024
64
0
369408
1088
64
0
369920
1152
64
0
370432
1216
64
0
370944
1280
64
0
371456
1344
64
0
371968
1408
64
0
372480
1472
64
0
372992
1536
64
0
256
1600
64
1
256
1664
64
1
256
1728
64
1
256
1792
64
1
256
1856
64
1
256
1920
64
1
256
1984
64
1
360768
0
64
0
361280
64
64
0
361792
128
64
0
362304
192
64
0
362816
256
64
0
363328
320
64
0
363840
384
64
0
364352
448
64
0
364864
512
64
0
365376
576
64
0
365888
640
64
0
366400
704
64
0
366912
768
64
0
367424
832
64
0
367936
896
64
0
368448
960
64
0
368960
1024
64
0
369472
1088
64
0
369984
1152
64
0
370496
1216
64
0
371008
1280
64
0
371520
1344
64
0
372032
1408
64
0
372544
1472
64
0
373056
1536
64
0
320
1600
64
1
320
1664
64
1
320
1728
64
1
320
1792
64
1
320
1856
64
1
320
1920
64
1
320
1984
64
1
360832
0
64
0
361344
64
64
0
361856
128
64
0
362368
192
64
0
362880
256
64
0
363392
320
64
0
363904
384
64
0
364416
448
64
0
364928
512
64
0
365440
576
64
0
365952
640
64
0
366464
704
64
0
366976
768
64
0
367488
832
64
0
368000
896
64
0
368512
960
64
0
369024
1024
64
0
369536
1088
64
0
370048
1152
64
0
370560
1216
64
0
371072
1280
64
0
371584
1344
64
0
372096
1408
64
0
372608
1472
64
0
373120
1536
64
0
384
1600
64
1
384
1664
64
1
384
1728
64
1
384
1792
64
1
384
1856
64
1
384
1920
64
1
384
1984
64
1
360896
0
64
0
361408
64
64
0
361920
128
64
0
362432
192
64
0
362944
256
64
0
363456
320
64
0
363968
384
64
0
364480
448
64
0
364992
512
64
0
365504
576
64
0
366016
640
64
0
366528
704
64
0
367040
768
64
0
367552
832
64
0
368064
896
64
0
368576
960
64
0
369088
1024
64
0
369600
1088
64
0
370112
1152
64
0
370624
1216
64
0
371136
1280
64
0
371648
1344
64
0
372160
1408
64
0
372672
1472
64
0
373184
1536
64
0
448
1600
64
1
448
1664
64
1
448
1728
64
1
448
1792
64
1
448
1856
64
1
448
1920
64
1
448
1984
64
1
