0
0
64
0
64
64
64
0
128
128
64
0
192
192
64
0
256
256
64
0
320
320
64
0
384
384
64
0
448
448
64
0
512
512
64
0
576
576
64
0
640
640
64
0
704
704
64
0
768
768
64
0
832
832
64
0
896
896
64
0
960
960
64
0
1024
1024
64
0
1088
1088
64
0
1152
1152
64
0
1216
1216
64
0
1280
1280
64
0
1344
1344
64
0
1408
1408
64
0
1472
1472
64
0
1536
1536
64
0
1600
1600
64
0
1664
1664
64
0
1728
1728
64
0
1792
1792
64
0
1856
1856
64
0
1920
1920
64
0
1984
1984
64
0
2048
0
64
0
2112
64
64
0
2176
128
64
0
2240
192
64
0
2304
256
64
0
2368
320
64
0
2432
384
64
0
2496
448
64
0
2560
512
64
0
2624
576
64
0
2688
640
64
0
2752
704
64
0
2816
768
64
0
2880
832
64
0
2944
896
64
0
3008
960
64
0
3072
1024
64
0
3136
1088
64
0
3200
1152
64
0
3264
1216
64
0
3328
1280
64
0
3392
1344
64
0
3456
1408
64
0
3520
1472
64
0
3584
1536
64
0
3648
1600
64
0
3712
1664
64
0
3776
1728
64
0
3840
1792
64
0
3904
1856
64
0
3968
1920
64
0
4032
1984
64
0
4096
0
64
0
4160
64
64
0
4224
128
64
0
4288
192
64
0
4352
256
64
0
4416
320
64
0
4480
384
64
0
4544
448
64
0
4608
512
64
0
4672
576
64
0
4736
640
64
0
4800
704
64
0
4864
768
64
0
4928
832
64
0
4992
896
64
0
5056
960
64
0
5120
1024
64
0
5184
1088
64
0
5248
1152
64
0
5312
1216
64
0
5376
1280
64
0
5440
1344
64
0
5504
1408
64
0
5568
1472
64
0
5632
1536
64
0
5696
1600
64
0
5760
1664
64
0
5824
1728
64
0
5888
1792
64
0
5952
1856
64
0
6016
1920
64
0
6080
1984
64
0
6144
0
64
0
6208
64
64
0
6272
128
64
0
6336
192
64
0
6400
256
64
0
6464
320
64
0
6528
384
64
0
6592
448
64
0
6656
512
64
0
6720
576
64
0
6784
640
64
0
6848
704
64
0
6912
768
64
0
6976
832
64
0
7040
896
64
0
7104
960
64
0
7168
1024
64
0
7232
1088
64
0
7296
1152
64
0
7360
1216
64
0
7424
1280
64
0
7488
1344
64
0
7552
1408
64
0
7616
1472
64
0
7680
1536
64
0
7744
1600
64
0
7808
1664
64
0
7872
1728
64
0
7936
1792
64
0
8000
1856
64
0
8064
1920
64
0
8128
1984
64
0
8192
0
64
0
8256
64
64
0
8320
128
64
0
8384
192
64
0
8448
256
64
0
8512
320
64
0
8576
384
64
0
8640
448
64
0
8704
512
64
0
8768
576
64
0
8832
640
64
0
8896
704
64
0
8960
768
64
0
9024
832
64
0
9088
896
64
0
9152
960
64
0
9216
1024
64
0
9280
1088
64
0
9344
1152
64
0
9408
1216
64
0
9472
1280
64
0
9536
1344
64
0
9600
1408
64
0
9664
1472
64
0
9728
1536
64
0
9792
1600
64
0
9856
1664
64
0
9920
1728
64
0
9984
1792
64
0
10048
1856
64
0
10112
1920
64
0
10176
1984
64
0
10240
0
64
0
10304
64
64
0
10368
128
64
0
10432
192
64
0
10496
256
64
0
10560
320
64
0
10624
384
64
0
10688
448
64
0
10752
512
64
0
10816
576
64
0
10880
640
64
0
10944
704
64
0
11008
768
64
0
11072
832
64
0
11136
896
64
0
11200
960
64
0
11264
1024
64
0
11328
1088
64
0
11392
1152
64
0
11456
1216
64
0
11520
1280
64
0
11584
1344
64
0
11648
1408
64
0
11712
1472
64
0
11776
1536
64
0
11840
1600
64
0
11904
1664
64
0
11968
1728
64
0
12032
1792
64
0
12096
1856
64
0
12160
1920
64
0
12224
1984
64
0
12288
0
64
0
12352
64
64
0
12416
128
64
0
12480
192
64
0
12544
256
64
0
12608
320
64
0
12672
384
64
0
12736
448
64
0
12800
512
64
0
12864
576
64
0
12928
640
64
0
12992
704
64
0
13056
768
64
0
13120
832
64
0
13184
896
64
0
13248
960
64
0
13312
1024
64
0
13376
1088
64
0
13440
1152
64
0
13504
1216
64
0
13568
1280
64
0
13632
1344
64
0
13696
1408
64
0
13760
1472
64
0
13824
1536
64
0
13888
1600
64
0
13952
1664
64
0
14016
1728
64
0
14080
1792
64
0
14144
1856
64
0
14208
1920
64
0
14272
1984
64
0
14336
0
64
0
14400
64
64
0
14464
128
64
0
14528
192
64
0
14592
256
64
0
14656
320
64
0
14720
384
64
0
14784
448
64
0
14848
512
64
0
14912
576
64
0
14976
640
64
0
15040
704
64
0
15104
768
64
0
15168
832
64
0
15232
896
64
0
15296
960
64
0
15360
1024
64
0
15424
1088
64
0
15488
1152
64
0
15552
1216
64
0
15616
1280
64
0
15680
1344
64
0
15744
1408
64
0
15808
1472
64
0
15872
1536
64
0
15936
1600
64
0
16000
1664
64
0
16064
1728
64
0
16128
1792
64
0
16192
1856
64
0
16256
1920
64
0
16320
1984
64
0
16384
0
64
0
16448
64
64
0
16512
128
64
0
16576
192
64
0
16640
256
64
0
16704
320
64
0
16768
384
64
0
16832
448
64
0
16896
512
64
0
16960
576
64
0
17024
640
64
0
17088
704
64
0
17152
768
64
0
17216
832
64
0
17280
896
64
0
17344
960
64
0
17408
1024
64
0
17472
1088
64
0
17536
1152
64
0
17600
1216
64
0
17664
1280
64
0
17728
1344
64
0
17792
1408
64
0
17856
1472
64
0
17920
1536
64
0
17984
1600
64
0
18048
1664
64
0
18112
1728
64
0
18176
1792
64
0
18240
1856
64
0
18304
1920
64
0
18368
1984
64
0
18432
0
64
0
18496
64
64
0
18560
128
64
0
18624
192
64
0
18688
256
64
0
18752
320
64
0
18816
384
64
0
18880
448
64
0
18944
512
64
0
19008
576
64
0
19072
640
64
0
19136
704
64
0
19200
768
64
0
19264
832
64
0
19328
896
64
0
19392
960
64
0
19456
1024
64
0
19520
1088
64
0
19584
1152
64
0
19648
1216
64
0
19712
1280
64
0
19776
1344
64
0
19840
1408
64
0
19904
1472
64
0
19968
1536
64
0
20032
1600
64
0
20096
1664
64
0
20160
1728
64
0
20224
1792
64
0
20288
1856
64
0
20352
1920
64
0
20416
1984
64
0
20480
0
64
0
20544
64
64
0
20608
128
64
0
20672
192
64
0
20736
256
64
0
20800
320
64
0
20864
384
64
0
20928
448
64
0
20992
512
64
0
21056
576
64
0
21120
640
64
0
21184
704
64
0
21248
768
64
0
21312
832
64
0
21376
896
64
0
21440
960
64
0
21504
1024
64
0
21568
1088
64
0
21632
1152
64
0
21696
1216
64
0
21760
1280
64
0
21824
1344
64
0
21888
1408
64
0
21952
1472
64
0
22016
1536
64
0
22080
1600
64
0
22144
1664
64
0
22208
1728
64
0
22272
1792
64
0
22336
1856
64
0
22400
1920
64
0
22464
1984
64
0
22528
0
64
0
22592
64
64
0
22656
128
64
0
22720
192
64
0
22784
256
64
0
22848
320
64
0
22912
384
64
0
22976
448
64
0
23040
512
64
0
23104
576
64
0
23168
640
64
0
23232
704
64
0
23296
768
64
0
23360
832
64
0
23424
896
64
0
23488
960
64
0
23552
1024
64
0
23616
1088
64
0
23680
1152
64
0
23744
1216
64
0
23808
1280
64
0
23872
1344
64
0
23936
1408
64
0
24000
1472
64
0
24064
1536
64
0
24128
1600
64
0
24192
1664
64
0
24256
1728
64
0
24320
1792
64
0
24384
1856
64
0
24448
1920
64
0
24512
1984
64
0
24576
0
64
0
24640
64
64
0
24704
128
64
0
24768
192
64
0
24832
256
64
0
24896
320
64
0
24960
384
64
0
25024
448
64
0
25088
512
64
0
25152
576
64
0
25216
640
64
0
25280
704
64
0
25344
768
64
0
25408
832
64
0
25472
896
64
0
25536
960
64
0
25600
1024
64
0
25664
1088
64
0
25728
1152
64
0
25792
1216
64
0
25856
1280
64
0
25920
1344
64
0
25984
1408
64
0
26048
1472
64
0
26112
1536
64
0
26176
1600
64
0
26240
1664
64
0
26304
1728
64
0
26368
1792
64
0
26432
1856
64
0
26496
1920
64
0
26560
1984
64
0
26624
0
64
0
26688
64
64
0
26752
128
64
0
26816
192
64
0
26880
256
64
0
26944
320
64
0
27008
384
64
0
27072
448
64
0
27136
512
64
0
27200
576
64
0
27264
640
64
0
27328
704
64
0
27392
768
64
0
27456
832
64
0
27520
896
64
0
27584
960
64
0
27648
1024
64
0
27712
1088
64
0
27776
1152
64
0
27840
1216
64
0
27904
1280
64
0
27968
1344
64
0
28032
1408
64
0
28096
1472
64
0
28160
1536
64
0
28224
1600
64
0
28288
1664
64
0
28352
1728
64
0
28416
1792
64
0
28480
1856
64
0
28544
1920
64
0
28608
1984
64
0
28672
0
64
0
28736
64
64
0
28800
128
64
0
28864
192
64
0
28928
256
64
0
28992
320
64
0
29056
384
64
0
29120
448
64
0
29184
512
64
0
29248
576
64
0
29312
640
64
0
29376
704
64
0
29440
768
64
0
29504
832
64
0
29568
896
64
0
29632
960
64
0
29696
1024
64
0
29760
1088
64
0
29824
1152
64
0
29888
1216
64
0
29952
1280
64
0
30016
1344
64
0
30080
1408
64
0
30144
1472
64
0
30208
1536
64
0
30272
1600
64
0
30336
1664
64
0
30400
1728
64
0
30464
1792
64
0
30528
1856
64
0
30592
1920
64
0
30656
1984
64
0
30720
0
64
0
30784
64
64
0
30848
128
64
0
30912
192
64
0
30976
256
64
0
31040
320
64
0
31104
384
64
0
31168
448
64
0
31232
512
64
0
31296
576
64
0
31360
640
64
0
31424
704
64
0
31488
768
64
0
31552
832
64
0
31616
896
64
0
31680
960
64
0
31744
1024
64
0
31808
1088
64
0
31872
1152
64
0
31936
1216
64
0
32000
1280
64
0
32064
1344
64
0
32128
1408
64
0
32192
1472
64
0
32256
1536
64
0
32320
1600
64
0
32384
1664
64
0
32448
1728
64
0
32512
1792
64
0
32576
1856
64
0
32640
1920
64
0
32704
1984
64
0
32768
0
64
0
32832
64
64
0
32896
128
64
0
32960
192
64
0
33024
256
64
0
33088
320
64
0
33152
384
64
0
33216
448
64
0
33280
512
64
0
33344
576
64
0
33408
640
64
0
33472
704
64
0
33536
768
64
0
33600
832
64
0
33664
896
64
0
33728
960
64
0
33792
1024
64
0
33856
1088
64
0
33920
1152
64
0
33984
1216
64
0
34048
1280
64
0
34112
1344
64
0
34176
1408
64
0
34240
1472
64
0
34304
1536
64
0
34368
1600
64
0
34432
1664
64
0
34496
1728
64
0
34560
1792
64
0
34624
1856
64
0
34688
1920
64
0
34752
1984
64
0
34816
0
64
0
34880
64
64
0
34944
128
64
0
35008
192
64
0
35072
256
64
0
35136
320
64
0
35200
384
64
0
35264
448
64
0
35328
512
64
0
35392
576
64
0
35456
640
64
0
35520
704
64
0
35584
768
64
0
35648
832
64
0
35712
896
64
0
35776
960
64
0
35840
1024
64
0
35904
1088
64
0
35968
1152
64
0
36032
1216
64
0
36096
1280
64
0
36160
1344
64
0
36224
1408
64
0
36288
1472
64
0
36352
1536
64
0
36416
1600
64
0
36480
1664
64
0
36544
1728
64
0
36608
1792
64
0
36672
1856
64
0
36736
1920
64
0
36800
1984
64
0
36864
0
64
0
36928
64
64
0
36992
128
64
0
37056
192
64
0
37120
256
64
0
37184
320
64
0
37248
384
64
0
37312
448
64
0
37376
512
64
0
37440
576
64
0
37504
640
64
0
37568
704
64
0
37632
768
64
0
37696
832
64
0
37760
896
64
0
37824
960
64
0
37888
1024
64
0
37952
1088
64
0
38016
1152
64
0
38080
1216
64
0
38144
1280
64
0
38208
1344
64
0
38272
1408
64
0
38336
1472
64
0
38400
1536
64
0
38464
1600
64
0
38528
1664
64
0
38592
1728
64
0
38656
1792
64
0
38720
1856
64
0
38784
1920
64
0
38848
1984
64
0
38912
0
64
0
38976
64
64
0
39040
128
64
0
39104
192
64
0
39168
256
64
0
39232
320
64
0
39296
384
64
0
39360
448
64
0
39424
512
64
0
39488
576
64
0
39552
640
64
0
39616
704
64
0
39680
768
64
0
39744
832
64
0
39808
896
64
0
39872
960
64
0
39936
1024
64
0
40000
1088
64
0
40064
1152
64
0
40128
1216
64
0
40192
1280
64
0
40256
1344
64
0
40320
1408
64
0
40384
1472
64
0
40448
1536
64
0
40512
1600
64
0
40576
1664
64
0
40640
1728
64
0
40704
1792
64
0
40768
1856
64
0
40832
1920
64
0
40896
1984
64
0
40960
0
64
0
41024
64
64
0
41088
128
64
0
41152
192
64
0
41216
256
64
0
41280
320
64
0
41344
384
64
0
41408
448
64
0
41472
512
64
0
41536
576
64
0
41600
640
64
0
41664
704
64
0
41728
768
64
0
41792
832
64
0
41856
896
64
0
41920
960
64
0
41984
1024
64
0
42048
1088
64
0
42112
1152
64
0
42176
1216
64
0
42240
1280
64
0
42304
1344
64
0
42368
1408
64
0
42432
1472
64
0
42496
1536
64
0
42560
1600
64
0
42624
1664
64
0
42688
1728
64
0
42752
1792
64
0
42816
1856
64
0
42880
1920
64
0
42944
1984
64
0
43008
0
64
0
43072
64
64
0
43136
128
64
0
43200
192
64
0
43264
256
64
0
43328
320
64
0
43392
384
64
0
43456
448
64
0
43520
512
64
0
43584
576
64
0
43648
640
64
0
43712
704
64
0
43776
768
64
0
43840
832
64
0
43904
896
64
0
43968
960
64
0
44032
1024
64
0
44096
1088
64
0
44160
1152
64
0
44224
1216
64
0
44288
1280
64
0
44352
1344
64
0
44416
1408
64
0
44480
1472
64
0
44544
1536
64
0
44608
1600
64
0
44672
1664
64
0
44736
1728
64
0
44800
1792
64
0
44864
1856
64
0
44928
1920
64
0
44992
1984
64
0
45056
0
64
0
45120
64
64
0
45184
128
64
0
45248
192
64
0
45312
256
64
0
45376
320
64
0
45440
384
64
0
45504
448
64
0
45568
512
64
0
45632
576
64
0
45696
640
64
0
45760
704
64
0
45824
768
64
0
45888
832
64
0
45952
896
64
0
46016
960
64
0
46080
1024
64
0
46144
1088
64
0
46208
1152
64
0
46272
1216
64
0
46336
1280
64
0
46400
1344
64
0
46464
1408
64
0
46528
1472
64
0
46592
1536
64
0
0
1600
64
1
0
1664
64
1
0
1728
64
1
0
1792
64
1
0
1856
64
1
0
1920
64
1
0
1984
64
1
