0
0
64
1
0
64
64
1
0
128
64
1
0
192
64
1
0
256
64
1
0
320
64
1
0
384
64
1
0
448
64
1
0
512
64
1
0
576
64
1
0
640
64
1
0
704
64
1
0
768
64
1
0
832
64
1
0
896
64
1
0
960
64
1
0
1024
64
1
0
1088
64
1
0
1152
64
1
0
1216
64
1
0
1280
64
1
0
1344
64
1
0
1408
64
1
0
1472
64
1
0
1536
64
1
0
1600
64
1
0
1664
64
1
0
1728
64
1
0
1792
64
0
64
1856
64
0
128
1920
64
0
192
1984
64
0
0
0
64
1
0
64
64
1
0
128
64
1
0
192
64
1
0
256
64
1
0
320
64
1
0
384
64
1
0
448
64
1
0
512
64
1
0
576
64
1
0
640
64
1
0
704
64
1
0
768
64
1
0
832
64
1
0
896
64
1
0
960
64
1
0
1024
64
1
0
1088
64
1
0
1152
64
1
0
1216
64
1
0
1280
64
1
0
1344
64
1
0
1408
64
1
0
1472
64
1
0
1536
64
1
0
1600
64
1
0
1664
64
1
0
1728
64
0
64
1792
64
0
128
1856
64
0
192
1920
64
0
256
1984
64
0
0
0
64
1
0
64
64
1
0
128
64
1
0
192
64
1
0
256
64
1
0
320
64
1
0
384
64
1
0
448
64
1
0
512
64
1
0
576
64
1
0
640
64
1
0
704
64
1
0
768
64
1
0
832
64
1
0
896
64
1
0
960
64
1
0
1024
64
1
0
1088
64
1
0
1152
64
1
0
1216
64
1
0
1280
64
1
0
1344
64
1
0
1408
64
1
0
1472
64
1
0
1536
64
1
0
1600
64
1
0
1664
64
1
64
1728
64
0
128
1792
64
0
192
1856
64
0
256
1920
64
0
320
1984
64
0
0
0
64
1
0
64
64
0
64
128
64
0
128
192
64
0
192
256
64
0
256
320
64
0
320
384
64
0
384
448
64
0
448
512
64
0
512
576
64
0
576
640
64
0
640
704
64
0
704
768
64
0
768
832
64
0
832
896
64
0
896
960
64
0
960
1024
64
0
1024
1088
64
0
1088
1152
64
0
1152
1216
64
0
1216
1280
64
0
1280
1344
64
0
1344
1408
64
0
1408
1472
64
0
1472
1536
64
0
1536
1600
64
0
1600
1664
64
0
0
1728
64
1
1728
1792
64
0
1792
1856
64
0
1856
1920
64
0
1920
1984
64
0
0
0
64
0
64
64
64
0
128
128
64
0
192
192
64
0
256
256
64
0
320
320
64
0
384
384
64
0
448
448
64
0
512
512
64
0
576
576
64
0
640
640
64
0
704
704
64
0
768
768
64
0
832
832
64
0
896
896
64
0
960
960
64
0
1024
1024
64
0
1088
1088
64
0
1152
1152
64
0
1216
1216
64
0
1280
1280
64
0
1344
1344
64
0
1408
1408
64
0
1472
1472
64
0
1536
1536
64
0
1600
1600
64
0
1664
1664
64
0
1728
1728
64
0
1792
1792
64
0
1856
1856
64
0
1920
1920
64
0
1984
1984
64
0
64
0
64
0
128
64
64
0
192
128
64
0
256
192
64
0
320
256
64
0
384
320
64
0
448
384
64
0
512
448
64
0
576
512
64
0
640
576
64
0
704
640
64
0
768
704
64
0
832
768
64
0
896
832
64
0
960
896
64
0
1024
960
64
0
1088
1024
64
0
1152
1088
64
0
1216
1152
64
0
1280
1216
64
0
1344
1280
64
0
1408
1344
64
0
1472
1408
64
0
1536
1472
64
0
1600
1536
64
0
1664
1600
64
0
0
1664
64
1
1792
1728
64
0
1856
1792
64
0
1920
1856
64
0
1984
1920
64
0
2048
1984
64
0
0
0
64
1
1728
64
64
0
1792
128
64
0
1856
192
64
0
1920
256
64
0
1984
320
64
0
2048
384
64
0
2112
448
64
0
2176
512
64
0
2240
576
64
0
2304
640
64
0
2368
704
64
0
2432
768
64
0
2496
832
64
0
2560
896
64
0
2624
960
64
0
2688
1024
64
0
2752
1088
64
0
2816
1152
64
0
2880
1216
64
0
2944
1280
64
0
3008
1344
64
0
3072
1408
64
0
3136
1472
64
0
3200
1536
64
0
3264
1600
64
0
3328
1664
64
0
0
1728
64
1
3456
1792
64
0
3520
1856
64
0
3584
1920
64
0
3648
1984
64
0
1728
0
64
0
1792
64
64
0
1856
128
64
0
1920
192
64
0
1984
256
64
0
2048
320
64
0
2112
384
64
0
2176
448
64
0
2240
512
64
0
2304
576
64
0
2368
640
64
0
2432
704
64
0
2496
768
64
0
2560
832
64
0
2624
896
64
0
2688
960
64
0
2752
1024
64
0
2816
1088
64
0
2880
1152
64
0
2944
1216
64
0
3008
1280
64
0
3072
1344
64
0
3136
1408
64
0
3200
1472
64
0
3264
1536
64
0
3328
1600
64
0
3392
1664
64
0
3456
1728
64
0
3520
1792
64
0
3584
1856
64
0
3648
1920
64
0
3712
1984
64
0
1792
0
64
0
1856
64
64
0
1920
128
64
0
1984
192
64
0
2048
256
64
0
2112
320
64
0
2176
384
64
0
2240
448
64
0
2304
512
64
0
2368
576
64
0
2432
640
64
0
2496
704
64
0
2560
768
64
0
2624
832
64
0
2688
896
64
0
2752
960
64
0
2816
1024
64
0
2880
1088
64
0
2944
1152
64
0
3008
1216
64
0
3072
1280
64
0
3136
1344
64
0
3200
1408
64
0
3264
1472
64
0
3328
1536
64
0
3392
1600
64
0
0
1664
64
1
3520
1728
64
0
3584
1792
64
0
3648
1856
64
0
3712
1920
64
0
3776
1984
64
0
256
0
64
0
320
64
64
0
384
128
64
0
448
192
64
0
512
256
64
0
576
320
64
0
640
384
64
0
704
448
64
0
768
512
64
0
832
576
64
0
896
640
64
0
960
704
64
0
1024
768
64
0
1088
832
64
0
1152
896
64
0
1216
960
64
0
1280
1024
64
0
1344
1088
64
0
1408
1152
64
0
1472
1216
64
0
1536
1280
64
0
1600
1344
64
0
0
1408
64
1
1728
1472
64
0
1792
1536
64
0
1856
1600
64
0
1920
1664
64
0
1984
1728
64
0
2048
1792
64
0
2112
1856
64
0
2176
1920
64
0
2240
1984
64
0
320
0
64
0
384
64
64
0
448
128
64
0
512
192
64
0
576
256
64
0
640
320
64
0
704
384
64
0
768
448
64
0
832
512
64
0
896
576
64
0
960
640
64
0
1024
704
64
0
1088
768
64
0
1152
832
64
0
1216
896
64
0
1280
960
64
0
1344
1024
64
0
1408
1088
64
0
1472
1152
64
0
1536
1216
64
0
1600
1280
64
0
1664
1344
64
0
1728
1408
64
0
1792
1472
64
0
1856
1536
64
0
1920
1600
64
0
1984
1664
64
0
2048
1728
64
0
2112
1792
64
0
2176
1856
64
0
2240
1920
64
0
2304
1984
64
0
384
0
64
0
448
64
64
0
512
128
64
0
576
192
64
0
640
256
64
0
704
320
64
0
768
384
64
0
832
448
64
0
896
512
64
0
960
576
64
0
1024
640
64
0
1088
704
64
0
1152
768
64
0
1216
832
64
0
1280
896
64
0
1344
960
64
0
1408
1024
64
0
1472
1088
64
0
1536
1152
64
0
1600
1216
64
0
1664
1280
64
0
0
1344
64
1
1792
1408
64
0
1856
1472
64
0
1920
1536
64
0
1984
1600
64
0
2048
1664
64
0
2112
1728
64
0
2176
1792
64
0
2240
1856
64
0
2304
1920
64
0
2368
1984
64
0
1984
0
64
0
2048
64
64
0
2112
128
64
0
2176
192
64
0
2240
256
64
0
2304
320
64
0
2368
384
64
0
2432
448
64
0
2496
512
64
0
2560
576
64
0
2624
640
64
0
2688
704
64
0
2752
768
64
0
2816
832
64
0
2880
896
64
0
2944
960
64
0
3008
1024
64
0
3072
1088
64
0
3136
1152
64
0
3200
1216
64
0
3264
1280
64
0
3328
1344
64
0
0
1408
64
1
3456
1472
64
0
3520
1536
64
0
3584
1600
64
0
3648
1664
64
0
3712
1728
64
0
3776
1792
64
0
3840
1856
64
0
3904
1920
64
0
3968
1984
64
0
2048
0
64
0
2112
64
64
0
2176
128
64
0
2240
192
64
0
2304
256
64
0
2368
320
64
0
2432
384
64
0
2496
448
64
0
2560
512
64
0
2624
576
64
0
2688
640
64
0
2752
704
64
0
2816
768
64
0
2880
832
64
0
2944
896
64
0
3008
960
64
0
3072
1024
64
0
3136
1088
64
0
3200
1152
64
0
3264
1216
64
0
3328
1280
64
0
3392
1344
64
0
3456
1408
64
0
3520
1472
64
0
3584
1536
64
0
3648
1600
64
0
3712
1664
64
0
3776
1728
64
0
3840
1792
64
0
3904
1856
64
0
3968
1920
64
0
4032
1984
64
0
2112
0
64
0
2176
64
64
0
2240
128
64
0
2304
192
64
0
2368
256
64
0
2432
320
64
0
2496
384
64
0
2560
448
64
0
2624
512
64
0
2688
576
64
0
2752
640
64
0
2816
704
64
0
2880
768
64
0
2944
832
64
0
3008
896
64
0
3072
960
64
0
3136
1024
64
0
3200
1088
64
0
3264
1152
64
0
3328
1216
64
0
3392
1280
64
0
0
1344
64
1
3520
1408
64
0
3584
1472
64
0
3648
1536
64
0
3712
1600
64
0
3776
1664
64
0
3840
1728
64
0
3904
1792
64
0
3968
1856
64
0
4032
1920
64
0
4096
1984
64
0
3712
0
64
0
3776
64
64
0
3840
128
64
0
3904
192
64
0
3968
256
64
0
4032
320
64
0
4096
384
64
0
4160
448
64
0
4224
512
64
0
4288
576
64
0
4352
640
64
0
4416
704
64
0
4480
768
64
0
4544
832
64
0
4608
896
64
0
4672
960
64
0
4736
1024
64
0
4800
1088
64
0
4864
1152
64
0
4928
1216
64
0
4992
1280
64
0
5056
1344
64
0
0
1408
64
1
5184
1472
64
0
5248
1536
64
0
5312
1600
64
0
5376
1664
64
0
5440
1728
64
0
5504
1792
64
0
5568
1856
64
0
5632
1920
64
0
5696
1984
64
0
3776
0
64
0
3840
64
64
0
3904
128
64
0
3968
192
64
0
4032
256
64
0
4096
320
64
0
4160
384
64
0
4224
448
64
0
4288
512
64
0
4352
576
64
0
4416
640
64
0
4480
704
64
0
4544
768
64
0
4608
832
64
0
4672
896
64
0
4736
960
64
0
4800
1024
64
0
4864
1088
64
0
4928
1152
64
0
4992
1216
64
0
5056
1280
64
0
5120
1344
64
0
5184
1408
64
0
5248
1472
64
0
5312
1536
64
0
5376
1600
64
0
5440
1664
64
0
5504
1728
64
0
5568
1792
64
0
5632
1856
64
0
5696
1920
64
0
5760
1984
64
0
3840
0
64
0
3904
64
64
0
3968
128
64
0
4032
192
64
0
4096
256
64
0
4160
320
64
0
4224
384
64
0
4288
448
64
0
4352
512
64
0
4416
576
64
0
4480
640
64
0
4544
704
64
0
4608
768
64
0
4672
832
64
0
4736
896
64
0
4800
960
64
0
4864
1024
64
0
4928
1088
64
0
4992
1152
64
0
5056
1216
64
0
5120
1280
64
0
0
1344
64
1
5248
1408
64
0
5312
1472
64
0
5376
1536
64
0
5440
1600
64
0
5504
1664
64
0
5568
1728
64
0
5632
1792
64
0
5696
1856
64
0
5760
1920
64
0
5824
1984
64
0
2304
0
64
0
2368
64
64
0
2432
128
64
0
2496
192
64
0
2560
256
64
0
2624
320
64
0
2688
384
64
0
2752
448
64
0
2816
512
64
0
2880
576
64
0
2944
640
64
0
3008
704
64
0
3072
768
64
0
3136
832
64
0
3200
896
64
0
3264
960
64
0
3328
1024
64
0
0
1088
64
1
3456
1152
64
0
3520
1216
64
0
3584
1280
64
0
3648
1344
64
0
3712
1408
64
0
3776
1472
64
0
3840
1536
64
0
3904
1600
64
0
3968
1664
64
0
4032
1728
64
0
4096
1792
64
0
4160
1856
64
0
4224
1920
64
0
4288
1984
64
0
2368
0
64
0
2432
64
64
0
2496
128
64
0
2560
192
64
0
2624
256
64
0
2688
320
64
0
2752
384
64
0
2816
448
64
0
2880
512
64
0
2944
576
64
0
3008
640
64
0
3072
704
64
0
3136
768
64
0
3200
832
64
0
3264
896
64
0
3328
960
64
0
3392
1024
64
0
3456
1088
64
0
3520
1152
64
0
3584
1216
64
0
3648
1280
64
0
3712
1344
64
0
3776
1408
64
0
3840
1472
64
0
3904
1536
64
0
3968
1600
64
0
4032
1664
64
0
4096
1728
64
0
4160
1792
64
0
4224
1856
64
0
4288
1920
64
0
4352
1984
64
0
2432
0
64
0
2496
64
64
0
2560
128
64
0
2624
192
64
0
2688
256
64
0
2752
320
64
0
2816
384
64
0
2880
448
64
0
2944
512
64
0
3008
576
64
0
3072
640
64
0
3136
704
64
0
3200
768
64
0
3264
832
64
0
3328
896
64
0
3392
960
64
0
0
1024
64
1
3520
1088
64
0
3584
1152
64
0
3648
1216
64
0
3712
1280
64
0
3776
1344
64
0
3840
1408
64
0
3904
1472
64
0
3968
1536
64
0
4032
1600
64
0
4096
1664
64
0
4160
1728
64
0
4224
1792
64
0
4288
1856
64
0
4352
1920
64
0
4416
1984
64
0
4032
0
64
0
4096
64
64
0
4160
128
64
0
4224
192
64
0
4288
256
64
0
4352
320
64
0
4416
384
64
0
4480
448
64
0
4544
512
64
0
4608
576
64
0
4672
640
64
0
4736
704
64
0
4800
768
64
0
4864
832
64
0
4928
896
64
0
4992
960
64
0
5056
1024
64
0
0
1088
64
1
5184
1152
64
0
5248
1216
64
0
5312
1280
64
0
5376
1344
64
0
5440
1408
64
0
5504
1472
64
0
5568
1536
64
0
5632
1600
64
0
5696
1664
64
0
5760
1728
64
0
5824
1792
64
0
5888
1856
64
0
5952
1920
64
0
6016
1984
64
0
4096
0
64
0
4160
64
64
0
4224
128
64
0
4288
192
64
0
4352
256
64
0
4416
320
64
0
4480
384
64
0
4544
448
64
0
4608
512
64
0
4672
576
64
0
4736
640
64
0
4800
704
64
0
4864
768
64
0
4928
832
64
0
4992
896
64
0
5056
960
64
0
5120
1024
64
0
5184
1088
64
0
5248
1152
64
0
5312
1216
64
0
5376
1280
64
0
5440
1344
64
0
5504
1408
64
0
5568
1472
64
0
5632
1536
64
0
5696
1600
64
0
5760
1664
64
0
5824
1728
64
0
5888
1792
64
0
5952
1856
64
0
6016
1920
64
0
6080
1984
64
0
4160
0
64
0
4224
64
64
0
4288
128
64
0
4352
192
64
0
4416
256
64
0
4480
320
64
0
4544
384
64
0
4608
448
64
0
4672
512
64
0
4736
576
64
0
4800
640
64
0
4864
704
64
0
4928
768
64
0
4992
832
64
0
5056
896
64
0
5120
960
64
0
0
1024
64
1
5248
1088
64
0
5312
1152
64
0
5376
1216
64
0
5440
1280
64
0
5504
1344
64
0
5568
1408
64
0
5632
1472
64
0
5696
1536
64
0
5760
1600
64
0
5824
1664
64
0
5888
1728
64
0
5952
1792
64
0
6016
1856
64
0
6080
1920
64
0
6144
1984
64
0
5760
0
64
0
5824
64
64
0
5888
128
64
0
5952
192
64
0
6016
256
64
0
6080
320
64
0
6144
384
64
0
6208
448
64
0
6272
512
64
0
6336
576
64
0
6400
640
64
0
6464
704
64
0
6528
768
64
0
6592
832
64
0
6656
896
64
0
6720
960
64
0
6784
1024
64
0
0
1088
64
1
6912
1152
64
0
6976
1216
64
0
7040
1280
64
0
7104
1344
64
0
7168
1408
64
0
7232
1472
64
0
7296
1536
64
0
7360
1600
64
0
7424
1664
64
0
7488
1728
64
0
7552
1792
64
0
7616
1856
64
0
7680
1920
64
0
7744
1984
64
0
5824
0
64
0
5888
64
64
0
5952
128
64
0
6016
192
64
0
6080
256
64
0
6144
320
64
0
6208
384
64
0
6272
448
64
0
6336
512
64
0
6400
576
64
0
6464
640
64
0
6528
704
64
0
6592
768
64
0
6656
832
64
0
6720
896
64
0
6784
960
64
0
6848
1024
64
0
6912
1088
64
0
6976
1152
64
0
7040
1216
64
0
7104
1280
64
0
7168
1344
64
0
7232
1408
64
0
7296
1472
64
0
7360
1536
64
0
7424
1600
64
0
7488
1664
64
0
7552
1728
64
0
7616
1792
64
0
7680
1856
64
0
7744
1920
64
0
7808
1984
64
0
5888
0
64
0
5952
64
64
0
6016
128
64
0
6080
192
64
0
6144
256
64
0
6208
320
64
0
6272
384
64
0
6336
448
64
0
6400
512
64
0
6464
576
64
0
6528
640
64
0
6592
704
64
0
6656
768
64
0
6720
832
64
0
6784
896
64
0
6848
960
64
0
0
1024
64
1
6976
1088
64
0
7040
1152
64
0
7104
1216
64
0
7168
1280
64
0
7232
1344
64
0
7296
1408
64
0
7360
1472
64
0
7424
1536
64
0
7488
1600
64
0
7552
1664
64
0
7616
1728
64
0
7680
1792
64
0
7744
1856
64
0
7808
1920
64
0
7872
1984
64
0
4352
0
64
0
4416
64
64
0
4480
128
64
0
4544
192
64
0
4608
256
64
0
4672
320
64
0
4736
384
64
0
4800
448
64
0
4864
512
64
0
4928
576
64
0
4992
640
64
0
5056
704
64
0
0
768
64
1
5184
832
64
0
5248
896
64
0
5312
960
64
0
5376
1024
64
0
5440
1088
64
0
5504
1152
64
0
5568
1216
64
0
5632
1280
64
0
5696
1344
64
0
5760
1408
64
0
5824
1472
64
0
5888
1536
64
0
5952
1600
64
0
6016
1664
64
0
6080
1728
64
0
6144
1792
64
0
6208
1856
64
0
6272
1920
64
0
6336
1984
64
0
4416
0
64
0
4480
64
64
0
4544
128
64
0
4608
192
64
0
4672
256
64
0
4736
320
64
0
4800
384
64
0
4864
448
64
0
4928
512
64
0
4992
576
64
0
5056
640
64
0
5120
704
64
0
5184
768
64
0
5248
832
64
0
5312
896
64
0
5376
960
64
0
5440
1024
64
0
5504
1088
64
0
5568
1152
64
0
5632
1216
64
0
5696
1280
64
0
5760
1344
64
0
5824
1408
64
0
5888
1472
64
0
5952
1536
64
0
6016
1600
64
0
6080
1664
64
0
6144
1728
64
0
6208
1792
64
0
6272
1856
64
0
6336
1920
64
0
6400
1984
64
0
4480
0
64
0
4544
64
64
0
4608
128
64
0
4672
192
64
0
4736
256
64
0
4800
320
64
0
4864
384
64
0
4928
448
64
0
4992
512
64
0
5056
576
64
0
5120
640
64
0
0
704
64
1
5248
768
64
0
5312
832
64
0
5376
896
64
0
5440
960
64
0
5504
1024
64
0
5568
1088
64
0
5632
1152
64
0
5696
1216
64
0
5760
1280
64
0
5824
1344
64
0
5888
1408
64
0
5952
1472
64
0
6016
1536
64
0
6080
1600
64
0
6144
1664
64
0
6208
1728
64
0
6272
1792
64
0
6336
1856
64
0
6400
1920
64
0
6464
1984
64
0
6080
0
64
0
6144
64
64
0
6208
128
64
0
6272
192
64
0
6336
256
64
0
6400
320
64
0
6464
384
64
0
6528
448
64
0
6592
512
64
0
6656
576
64
0
6720
640
64
0
6784
704
64
0
0
768
64
1
6912
832
64
0
6976
896
64
0
7040
960
64
0
7104
1024
64
0
7168
1088
64
0
7232
1152
64
0
7296
1216
64
0
7360
1280
64
0
7424
1344
64
0
7488
1408
64
0
7552
1472
64
0
7616
1536
64
0
7680
1600
64
0
7744
1664
64
0
7808
1728
64
0
7872
1792
64
0
7936
1856
64
0
8000
1920
64
0
8064
1984
64
0
6144
0
64
0
6208
64
64
0
6272
128
64
0
6336
192
64
0
6400
256
64
0
6464
320
64
0
6528
384
64
0
6592
448
64
0
6656
512
64
0
6720
576
64
0
6784
640
64
0
6848
704
64
0
6912
768
64
0
6976
832
64
0
7040
896
64
0
7104
960
64
0
7168
1024
64
0
7232
1088
64
0
7296
1152
64
0
7360
1216
64
0
7424
1280
64
0
7488
1344
64
0
7552
1408
64
0
7616
1472
64
0
7680
1536
64
0
7744
1600
64
0
7808
1664
64
0
7872
1728
64
0
7936
1792
64
0
8000
1856
64
0
8064
1920
64
0
8128
1984
64
0
6208
0
64
0
6272
64
64
0
6336
128
64
0
6400
192
64
0
6464
256
64
0
6528
320
64
0
6592
384
64
0
6656
448
64
0
6720
512
64
0
6784
576
64
0
6848
640
64
0
0
704
64
1
6976
768
64
0
7040
832
64
0
7104
896
64
0
7168
960
64
0
7232
1024
64
0
7296
1088
64
0
7360
1152
64
0
7424
1216
64
0
7488
1280
64
0
7552
1344
64
0
7616
1408
64
0
7680
1472
64
0
7744
1536
64
0
7808
1600
64
0
7872
1664
64
0
7936
1728
64
0
8000
1792
64
0
8064
1856
64
0
8128
1920
64
0
8192
1984
64
0
7808
0
64
0
7872
64
64
0
7936
128
64
0
8000
192
64
0
8064
256
64
0
8128
320
64
0
8192
384
64
0
8256
448
64
0
8320
512
64
0
8384
576
64
0
8448
640
64
0
8512
704
64
0
0
768
64
1
8640
832
64
0
8704
896
64
0
8768
960
64
0
8832
1024
64
0
8896
1088
64
0
8960
1152
64
0
9024
1216
64
0
9088
1280
64
0
9152
1344
64
0
9216
1408
64
0
9280
1472
64
0
9344
1536
64
0
9408
1600
64
0
9472
1664
64
0
9536
1728
64
0
9600
1792
64
0
9664
1856
64
0
9728
1920
64
0
9792
1984
64
0
7872
0
64
0
7936
64
64
0
8000
128
64
0
8064
192
64
0
8128
256
64
0
8192
320
64
0
8256
384
64
0
8320
448
64
0
8384
512
64
0
8448
576
64
0
8512
640
64
0
8576
704
64
0
8640
768
64
0
8704
832
64
0
8768
896
64
0
8832
960
64
0
8896
1024
64
0
8960
1088
64
0
9024
1152
64
0
9088
1216
64
0
9152
1280
64
0
9216
1344
64
0
9280
1408
64
0
9344
1472
64
0
9408
1536
64
0
9472
1600
64
0
9536
1664
64
0
9600
1728
64
0
9664
1792
64
0
9728
1856
64
0
9792
1920
64
0
9856
1984
64
0
7936
0
64
0
8000
64
64
0
8064
128
64
0
8128
192
64
0
8192
256
64
0
8256
320
64
0
8320
384
64
0
8384
448
64
0
8448
512
64
0
8512
576
64
0
8576
640
64
0
0
704
64
1
8704
768
64
0
8768
832
64
0
8832
896
64
0
8896
960
64
0
8960
1024
64
0
9024
1088
64
0
9088
1152
64
0
9152
1216
64
0
9216
1280
64
0
9280
1344
64
0
9344
1408
64
0
9408
1472
64
0
9472
1536
64
0
9536
1600
64
0
9600
1664
64
0
9664
1728
64
0
9728
1792
64
0
9792
1856
64
0
9856
1920
64
0
9920
1984
64
0
6400
0
64
0
6464
64
64
0
6528
128
64
0
6592
192
64
0
6656
256
64
0
6720
320
64
0
6784
384
64
0
0
448
64
1
6912
512
64
0
6976
576
64
0
7040
640
64
0
7104
704
64
0
7168
768
64
0
7232
832
64
0
7296
896
64
0
7360
960
64
0
7424
1024
64
0
7488
1088
64
0
7552
1152
64
0
7616
1216
64
0
7680
1280
64
0
7744
1344
64
0
7808
1408
64
0
7872
1472
64
0
7936
1536
64
0
8000
1600
64
0
8064
1664
64
0
8128
1728
64
0
8192
1792
64
0
8256
1856
64
0
8320
1920
64
0
8384
1984
64
0
6464
0
64
0
6528
64
64
0
6592
128
64
0
6656
192
64
0
6720
256
64
0
6784
320
64
0
6848
384
64
0
6912
448
64
0
6976
512
64
0
7040
576
64
0
7104
640
64
0
7168
704
64
0
7232
768
64
0
7296
832
64
0
7360
896
64
0
7424
960
64
0
7488
1024
64
0
7552
1088
64
0
7616
1152
64
0
7680
1216
64
0
7744
1280
64
0
7808
1344
64
0
7872
1408
64
0
7936
1472
64
0
8000
1536
64
0
8064
1600
64
0
8128
1664
64
0
8192
1728
64
0
8256
1792
64
0
8320
1856
64
0
8384
1920
64
0
8448
1984
64
0
6528
0
64
0
6592
64
64
0
6656
128
64
0
6720
192
64
0
6784
256
64
0
6848
320
64
0
0
384
64
1
6976
448
64
0
7040
512
64
0
7104
576
64
0
7168
640
64
0
7232
704
64
0
7296
768
64
0
7360
832
64
0
7424
896
64
0
7488
960
64
0
7552
1024
64
0
7616
1088
64
0
7680
1152
64
0
7744
1216
64
0
7808
1280
64
0
7872
1344
64
0
7936
1408
64
0
8000
1472
64
0
8064
1536
64
0
8128
1600
64
0
8192
1664
64
0
8256
1728
64
0
8320
1792
64
0
8384
1856
64
0
8448
1920
64
0
8512
1984
64
0
8128
0
64
0
8192
64
64
0
8256
128
64
0
8320
192
64
0
8384
256
64
0
8448
320
64
0
8512
384
64
0
0
448
64
1
8640
512
64
0
8704
576
64
0
8768
640
64
0
8832
704
64
0
8896
768
64
0
8960
832
64
0
9024
896
64
0
9088
960
64
0
9152
1024
64
0
9216
1088
64
0
9280
1152
64
0
9344
1216
64
0
9408
1280
64
0
9472
1344
64
0
9536
1408
64
0
9600
1472
64
0
9664
1536
64
0
9728
1600
64
0
9792
1664
64
0
9856
1728
64
0
9920
1792
64
0
9984
1856
64
0
10048
1920
64
0
10112
1984
64
0
8192
0
64
0
8256
64
64
0
8320
128
64
0
8384
192
64
0
8448
256
64
0
8512
320
64
0
8576
384
64
0
8640
448
64
0
8704
512
64
0
8768
576
64
0
8832
640
64
0
8896
704
64
0
8960
768
64
0
9024
832
64
0
9088
896
64
0
9152
960
64
0
9216
1024
64
0
9280
1088
64
0
9344
1152
64
0
9408
1216
64
0
9472
1280
64
0
9536
1344
64
0
9600
1408
64
0
9664
1472
64
0
9728
1536
64
0
9792
1600
64
0
9856
1664
64
0
9920
1728
64
0
9984
1792
64
0
10048
1856
64
0
10112
1920
64
0
10176
1984
64
0
8256
0
64
0
8320
64
64
0
8384
128
64
0
8448
192
64
0
8512
256
64
0
8576
320
64
0
0
384
64
1
8704
448
64
0
8768
512
64
0
8832
576
64
0
8896
640
64
0
8960
704
64
0
9024
768
64
0
9088
832
64
0
9152
896
64
0
9216
960
64
0
9280
1024
64
0
9344
1088
64
0
9408
1152
64
0
9472
1216
64
0
9536
1280
64
0
9600
1344
64
0
9664
1408
64
0
9728
1472
64
0
9792
1536
64
0
9856
1600
64
0
9920
1664
64
0
9984
1728
64
0
10048
1792
64
0
10112
1856
64
0
10176
1920
64
0
10240
1984
64
0
9856
0
64
0
9920
64
64
0
9984
128
64
0
10048
192
64
0
10112
256
64
0
10176
320
64
0
10240
384
64
0
0
448
64
1
10368
512
64
0
10432
576
64
0
10496
640
64
0
10560
704
64
0
10624
768
64
0
10688
832
64
0
10752
896
64
0
10816
960
64
0
10880
1024
64
0
10944
1088
64
0
11008
1152
64
0
11072
1216
64
0
11136
1280
64
0
11200
1344
64
0
11264
1408
64
0
11328
1472
64
0
11392
1536
64
0
11456
1600
64
0
11520
1664
64
0
11584
1728
64
0
11648
1792
64
0
11712
1856
64
0
11776
1920
64
0
11840
1984
64
0
9920
0
64
0
9984
64
64
0
10048
128
64
0
10112
192
64
0
10176
256
64
0
10240
320
64
0
10304
384
64
0
10368
448
64
0
10432
512
64
0
10496
576
64
0
10560
640
64
0
10624
704
64
0
10688
768
64
0
10752
832
64
0
10816
896
64
0
10880
960
64
0
10944
1024
64
0
11008
1088
64
0
11072
1152
64
0
11136
1216
64
0
11200
1280
64
0
11264
1344
64
0
11328
1408
64
0
11392
1472
64
0
11456
1536
64
0
11520
1600
64
0
11584
1664
64
0
11648
1728
64
0
11712
1792
64
0
11776
1856
64
0
11840
1920
64
0
11904
1984
64
0
9984
0
64
0
10048
64
64
0
10112
128
64
0
10176
192
64
0
10240
256
64
0
10304
320
64
0
0
384
64
1
10432
448
64
0
10496
512
64
0
10560
576
64
0
10624
640
64
0
10688
704
64
0
10752
768
64
0
10816
832
64
0
10880
896
64
0
10944
960
64
0
11008
1024
64
0
11072
1088
64
0
11136
1152
64
0
11200
1216
64
0
11264
1280
64
0
11328
1344
64
0
11392
1408
64
0
11456
1472
64
0
11520
1536
64
0
11584
1600
64
0
11648
1664
64
0
11712
1728
64
0
11776
1792
64
0
11840
1856
64
0
11904
1920
64
0
11968
1984
64
0
8448
0
64
0
8512
64
64
0
0
128
64
1
8640
192
64
0
8704
256
64
0
8768
320
64
0
8832
384
64
0
8896
448
64
0
8960
512
64
0
9024
576
64
0
9088
640
64
0
9152
704
64
0
9216
768
64
0
9280
832
64
0
9344
896
64
0
9408
960
64
0
9472
1024
64
0
9536
1088
64
0
9600
1152
64
0
9664
1216
64
0
9728
1280
64
0
9792
1344
64
0
9856
1408
64
0
9920
1472
64
0
9984
1536
64
0
10048
1600
64
0
10112
1664
64
0
10176
1728
64
0
10240
1792
64
0
0
1856
64
1
10368
1920
64
0
10432
1984
64
0
8512
0
64
0
8576
64
64
0
8640
128
64
0
8704
192
64
0
8768
256
64
0
8832
320
64
0
8896
384
64
0
8960
448
64
0
9024
512
64
0
9088
576
64
0
9152
640
64
0
9216
704
64
0
9280
768
64
0
9344
832
64
0
9408
896
64
0
9472
960
64
0
9536
1024
64
0
9600
1088
64
0
9664
1152
64
0
9728
1216
64
0
9792
1280
64
0
9856
1344
64
0
9920
1408
64
0
9984
1472
64
0
10048
1536
64
0
10112
1600
64
0
10176
1664
64
0
10240
1728
64
0
10304
1792
64
0
10368
1856
64
0
10432
1920
64
0
10496
1984
64
0
8576
0
64
0
0
64
64
1
8704
128
64
0
8768
192
64
0
8832
256
64
0
8896
320
64
0
8960
384
64
0
9024
448
64
0
9088
512
64
0
9152
576
64
0
9216
640
64
0
9280
704
64
0
9344
768
64
0
9408
832
64
0
9472
896
64
0
9536
960
64
0
9600
1024
64
0
9664
1088
64
0
9728
1152
64
0
9792
1216
64
0
9856
1280
64
0
9920
1344
64
0
9984
1408
64
0
10048
1472
64
0
10112
1536
64
0
10176
1600
64
0
10240
1664
64
0
10304
1728
64
0
0
1792
64
1
10432
1856
64
0
10496
1920
64
0
10560
1984
64
0
10176
0
64
0
10240
64
64
0
0
128
64
1
10368
192
64
0
10432
256
64
0
10496
320
64
0
10560
384
64
0
10624
448
64
0
10688
512
64
0
10752
576
64
0
10816
640
64
0
10880
704
64
0
10944
768
64
0
11008
832
64
0
11072
896
64
0
11136
960
64
0
11200
1024
64
0
11264
1088
64
0
11328
1152
64
0
11392
1216
64
0
11456
1280
64
0
11520
1344
64
0
11584
1408
64
0
11648
1472
64
0
11712
1536
64
0
11776
1600
64
0
11840
1664
64
0
11904
1728
64
0
11968
1792
64
0
0
1856
64
1
12096
1920
64
0
12160
1984
64
0
10240
0
64
0
10304
64
64
0
10368
128
64
0
10432
192
64
0
10496
256
64
0
10560
320
64
0
10624
384
64
0
10688
448
64
0
10752
512
64
0
10816
576
64
0
10880
640
64
0
10944
704
64
0
11008
768
64
0
11072
832
64
0
11136
896
64
0
11200
960
64
0
11264
1024
64
0
11328
1088
64
0
11392
1152
64
0
11456
1216
64
0
11520
1280
64
0
11584
1344
64
0
11648
1408
64
0
11712
1472
64
0
11776
1536
64
0
11840
1600
64
0
11904
1664
64
0
11968
1728
64
0
12032
1792
64
0
12096
1856
64
0
12160
1920
64
0
12224
1984
64
0
10304
0
64
0
0
64
64
1
10432
128
64
0
10496
192
64
0
10560
256
64
0
10624
320
64
0
10688
384
64
0
10752
448
64
0
10816
512
64
0
10880
576
64
0
10944
640
64
0
11008
704
64
0
11072
768
64
0
11136
832
64
0
11200
896
64
0
11264
960
64
0
11328
1024
64
0
11392
1088
64
0
11456
1152
64
0
11520
1216
64
0
11584
1280
64
0
11648
1344
64
0
11712
1408
64
0
11776
1472
64
0
11840
1536
64
0
11904
1600
64
0
11968
1664
64
0
12032
1728
64
0
0
1792
64
1
12160
1856
64
0
12224
1920
64
0
12288
1984
64
0
11904
0
64
0
11968
64
64
0
0
128
64
1
12096
192
64
0
12160
256
64
0
12224
320
64
0
12288
384
64
0
12352
448
64
0
12416
512
64
0
12480
576
64
0
12544
640
64
0
12608
704
64
0
12672
768
64
0
12736
832
64
0
12800
896
64
0
12864
960
64
0
12928
1024
64
0
12992
1088
64
0
13056
1152
64
0
13120
1216
64
0
13184
1280
64
0
13248
1344
64
0
13312
1408
64
0
13376
1472
64
0
13440
1536
64
0
13504
1600
64
0
13568
1664
64
0
13632
1728
64
0
13696
1792
64
0
0
1856
64
1
13824
1920
64
0
13888
1984
64
0
11968
0
64
0
12032
64
64
0
12096
128
64
0
12160
192
64
0
12224
256
64
0
12288
320
64
0
12352
384
64
0
12416
448
64
0
12480
512
64
0
12544
576
64
0
12608
640
64
0
12672
704
64
0
12736
768
64
0
12800
832
64
0
12864
896
64
0
12928
960
64
0
12992
1024
64
0
13056
1088
64
0
13120
1152
64
0
13184
1216
64
0
13248
1280
64
0
13312
1344
64
0
13376
1408
64
0
13440
1472
64
0
13504
1536
64
0
13568
1600
64
0
13632
1664
64
0
13696
1728
64
0
13760
1792
64
0
13824
1856
64
0
13888
1920
64
0
13952
1984
64
0
12032
0
64
0
0
64
64
1
12160
128
64
0
12224
192
64
0
12288
256
64
0
12352
320
64
0
12416
384
64
0
12480
448
64
0
12544
512
64
0
12608
576
64
0
12672
640
64
0
12736
704
64
0
12800
768
64
0
12864
832
64
0
12928
896
64
0
12992
960
64
0
13056
1024
64
0
13120
1088
64
0
13184
1152
64
0
13248
1216
64
0
13312
1280
64
0
13376
1344
64
0
13440
1408
64
0
13504
1472
64
0
13568
1536
64
0
13632
1600
64
0
13696
1664
64
0
13760
1728
64
0
0
1792
64
1
13888
1856
64
0
13952
1920
64
0
14016
1984
64
0
10496
0
64
0
10560
64
64
0
10624
128
64
0
10688
192
64
0
10752
256
64
0
10816
320
64
0
10880
384
64
0
10944
448
64
0
11008
512
64
0
11072
576
64
0
11136
640
64
0
11200
704
64
0
11264
768
64
0
11328
832
64
0
11392
896
64
0
11456
960
64
0
11520
1024
64
0
11584
1088
64
0
11648
1152
64
0
11712
1216
64
0
11776
1280
64
0
11840
1344
64
0
11904
1408
64
0
11968
1472
64
0
0
1536
64
1
12096
1600
64
0
12160
1664
64
0
12224
1728
64
0
12288
1792
64
0
12352
1856
64
0
12416
1920
64
0
12480
1984
64
0
10560
0
64
0
10624
64
64
0
10688
128
64
0
10752
192
64
0
10816
256
64
0
10880
320
64
0
10944
384
64
0
11008
448
64
0
11072
512
64
0
11136
576
64
0
11200
640
64
0
11264
704
64
0
11328
768
64
0
11392
832
64
0
11456
896
64
0
11520
960
64
0
11584
1024
64
0
11648
1088
64
0
11712
1152
64
0
11776
1216
64
0
11840
1280
64
0
11904
1344
64
0
11968
1408
64
0
12032
1472
64
0
12096
1536
64
0
12160
1600
64
0
12224
1664
64
0
12288
1728
64
0
12352
1792
64
0
12416
1856
64
0
12480
1920
64
0
12544
1984
64
0
10624
0
64
0
10688
64
64
0
10752
128
64
0
10816
192
64
0
10880
256
64
0
10944
320
64
0
11008
384
64
0
11072
448
64
0
11136
512
64
0
11200
576
64
0
11264
640
64
0
11328
704
64
0
11392
768
64
0
11456
832
64
0
11520
896
64
0
11584
960
64
0
11648
1024
64
0
11712
1088
64
0
11776
1152
64
0
11840
1216
64
0
11904
1280
64
0
11968
1344
64
0
12032
1408
64
0
0
1472
64
1
12160
1536
64
0
12224
1600
64
0
12288
1664
64
0
12352
1728
64
0
12416
1792
64
0
12480
1856
64
0
12544
1920
64
0
12608
1984
64
0
12224
0
64
0
12288
64
64
0
12352
128
64
0
12416
192
64
0
12480
256
64
0
12544
320
64
0
12608
384
64
0
12672
448
64
0
12736
512
64
0
12800
576
64
0
12864
640
64
0
12928
704
64
0
12992
768
64
0
13056
832
64
0
13120
896
64
0
13184
960
64
0
13248
1024
64
0
13312
1088
64
0
13376
1152
64
0
13440
1216
64
0
13504
1280
64
0
13568
1344
64
0
13632
1408
64
0
13696
1472
64
0
0
1536
64
1
13824
1600
64
0
13888
1664
64
0
13952
1728
64
0
14016
1792
64
0
14080
1856
64
0
14144
1920
64
0
14208
1984
64
0
12288
0
64
0
12352
64
64
0
12416
128
64
0
12480
192
64
0
12544
256
64
0
12608
320
64
0
12672
384
64
0
12736
448
64
0
12800
512
64
0
12864
576
64
0
12928
640
64
0
12992
704
64
0
13056
768
64
0
13120
832
64
0
13184
896
64
0
13248
960
64
0
13312
1024
64
0
13376
1088
64
0
13440
1152
64
0
13504
1216
64
0
13568
1280
64
0
13632
1344
64
0
13696
1408
64
0
13760
1472
64
0
13824
1536
64
0
13888
1600
64
0
13952
1664
64
0
14016
1728
64
0
14080
1792
64
0
14144
1856
64
0
14208
1920
64
0
14272
1984
64
0
12352
0
64
0
12416
64
64
0
12480
128
64
0
12544
192
64
0
12608
256
64
0
12672
320
64
0
12736
384
64
0
12800
448
64
0
12864
512
64
0
12928
576
64
0
12992
640
64
0
13056
704
64
0
13120
768
64
0
13184
832
64
0
13248
896
64
0
13312
960
64
0
13376
1024
64
0
13440
1088
64
0
13504
1152
64
0
13568
1216
64
0
13632
1280
64
0
13696
1344
64
0
13760
1408
64
0
0
1472
64
1
13888
1536
64
0
13952
1600
64
0
14016
1664
64
0
14080
1728
64
0
14144
1792
64
0
14208
1856
64
0
14272
1920
64
0
14336
1984
64
0
13952
0
64
0
14016
64
64
0
14080
128
64
0
14144
192
64
0
14208
256
64
0
14272
320
64
0
14336
384
64
0
14400
448
64
0
14464
512
64
0
14528
576
64
0
14592
640
64
0
14656
704
64
0
14720
768
64
0
14784
832
64
0
14848
896
64
0
14912
960
64
0
14976
1024
64
0
15040
1088
64
0
15104
1152
64
0
15168
1216
64
0
15232
1280
64
0
15296
1344
64
0
15360
1408
64
0
15424
1472
64
0
0
1536
64
1
15552
1600
64
0
15616
1664
64
0
15680
1728
64
0
15744
1792
64
0
15808
1856
64
0
15872
1920
64
0
15936
1984
64
0
14016
0
64
0
14080
64
64
0
14144
128
64
0
14208
192
64
0
14272
256
64
0
14336
320
64
0
14400
384
64
0
14464
448
64
0
14528
512
64
0
14592
576
64
0
14656
640
64
0
14720
704
64
0
14784
768
64
0
14848
832
64
0
14912
896
64
0
14976
960
64
0
15040
1024
64
0
15104
1088
64
0
15168
1152
64
0
15232
1216
64
0
15296
1280
64
0
15360
1344
64
0
15424
1408
64
0
15488
1472
64
0
15552
1536
64
0
15616
1600
64
0
15680
1664
64
0
15744
1728
64
0
15808
1792
64
0
15872
1856
64
0
15936
1920
64
0
16000
1984
64
0
14080
0
64
0
14144
64
64
0
14208
128
64
0
14272
192
64
0
14336
256
64
0
14400
320
64
0
14464
384
64
0
14528
448
64
0
14592
512
64
0
14656
576
64
0
14720
640
64
0
14784
704
64
0
14848
768
64
0
14912
832
64
0
14976
896
64
0
15040
960
64
0
15104
1024
64
0
15168
1088
64
0
15232
1152
64
0
15296
1216
64
0
15360
1280
64
0
15424
1344
64
0
15488
1408
64
0
0
1472
64
1
15616
1536
64
0
15680
1600
64
0
15744
1664
64
0
15808
1728
64
0
15872
1792
64
0
15936
1856
64
0
16000
1920
64
0
16064
1984
64
0
12544
0
64
0
12608
64
64
0
12672
128
64
0
12736
192
64
0
12800
256
64
0
12864
320
64
0
12928
384
64
0
12992
448
64
0
13056
512
64
0
13120
576
64
0
13184
640
64
0
13248
704
64
0
13312
768
64
0
13376
832
64
0
13440
896
64
0
13504
960
64
0
13568
1024
64
0
13632
1088
64
0
13696
1152
64
0
0
1216
64
1
13824
1280
64
0
13888
1344
64
0
13952
1408
64
0
14016
1472
64
0
14080
1536
64
0
14144
1600
64
0
14208
1664
64
0
14272
1728
64
0
14336
1792
64
0
14400
1856
64
0
14464
1920
64
0
14528
1984
64
0
12608
0
64
0
12672
64
64
0
12736
128
64
0
12800
192
64
0
12864
256
64
0
12928
320
64
0
12992
384
64
0
13056
448
64
0
13120
512
64
0
13184
576
64
0
13248
640
64
0
13312
704
64
0
13376
768
64
0
13440
832
64
0
13504
896
64
0
13568
960
64
0
13632
1024
64
0
13696
1088
64
0
13760
1152
64
0
13824
1216
64
0
13888
1280
64
0
13952
1344
64
0
14016
1408
64
0
14080
1472
64
0
14144
1536
64
0
14208
1600
64
0
14272
1664
64
0
14336
1728
64
0
14400
1792
64
0
14464
1856
64
0
14528
1920
64
0
14592
1984
64
0
12672
0
64
0
12736
64
64
0
12800
128
64
0
12864
192
64
0
12928
256
64
0
12992
320
64
0
13056
384
64
0
13120
448
64
0
13184
512
64
0
13248
576
64
0
13312
640
64
0
13376
704
64
0
13440
768
64
0
13504
832
64
0
13568
896
64
0
13632
960
64
0
13696
1024
64
0
13760
1088
64
0
0
1152
64
1
13888
1216
64
0
13952
1280
64
0
14016
1344
64
0
14080
1408
64
0
14144
1472
64
0
14208
1536
64
0
14272
1600
64
0
14336
1664
64
0
14400
1728
64
0
14464
1792
64
0
14528
1856
64
0
14592
1920
64
0
14656
1984
64
0
14272
0
64
0
14336
64
64
0
14400
128
64
0
14464
192
64
0
14528
256
64
0
14592
320
64
0
14656
384
64
0
14720
448
64
0
14784
512
64
0
14848
576
64
0
14912
640
64
0
14976
704
64
0
15040
768
64
0
15104
832
64
0
15168
896
64
0
15232
960
64
0
15296
1024
64
0
15360
1088
64
0
15424
1152
64
0
0
1216
64
1
15552
1280
64
0
15616
1344
64
0
15680
1408
64
0
15744
1472
64
0
15808
1536
64
0
15872
1600
64
0
15936
1664
64
0
16000
1728
64
0
16064
1792
64
0
16128
1856
64
0
16192
1920
64
0
16256
1984
64
0
14336
0
64
0
14400
64
64
0
14464
128
64
0
14528
192
64
0
14592
256
64
0
14656
320
64
0
14720
384
64
0
14784
448
64
0
14848
512
64
0
14912
576
64
0
14976
640
64
0
15040
704
64
0
15104
768
64
0
15168
832
64
0
15232
896
64
0
15296
960
64
0
15360
1024
64
0
15424
1088
64
0
15488
1152
64
0
15552
1216
64
0
15616
1280
64
0
15680
1344
64
0
15744
1408
64
0
15808
1472
64
0
15872
1536
64
0
15936
1600
64
0
16000
1664
64
0
16064
1728
64
0
16128
1792
64
0
16192
1856
64
0
16256
1920
64
0
16320
1984
64
0
14400
0
64
0
14464
64
64
0
14528
128
64
0
14592
192
64
0
14656
256
64
0
14720
320
64
0
14784
384
64
0
14848
448
64
0
14912
512
64
0
14976
576
64
0
15040
640
64
0
15104
704
64
0
15168
768
64
0
15232
832
64
0
15296
896
64
0
15360
960
64
0
15424
1024
64
0
15488
1088
64
0
0
1152
64
1
15616
1216
64
0
15680
1280
64
0
15744
1344
64
0
15808
1408
64
0
15872
1472
64
0
15936
1536
64
0
16000
1600
64
0
16064
1664
64
0
16128
1728
64
0
16192
1792
64
0
16256
1856
64
0
16320
1920
64
0
16384
1984
64
0
16000
0
64
0
16064
64
64
0
16128
128
64
0
16192
192
64
0
16256
256
64
0
16320
320
64
0
16384
384
64
0
16448
448
64
0
16512
512
64
0
16576
576
64
0
16640
640
64
0
16704
704
64
0
16768
768
64
0
16832
832
64
0
16896
896
64
0
16960
960
64
0
17024
1024
64
0
17088
1088
64
0
17152
1152
64
0
0
1216
64
1
17280
1280
64
0
17344
1344
64
0
17408
1408
64
0
17472
1472
64
0
17536
1536
64
0
17600
1600
64
0
17664
1664
64
0
17728
1728
64
0
17792
1792
64
0
17856
1856
64
0
17920
1920
64
0
17984
1984
64
0
16064
0
64
0
16128
64
64
0
16192
128
64
0
16256
192
64
0
16320
256
64
0
16384
320
64
0
16448
384
64
0
16512
448
64
0
16576
512
64
0
16640
576
64
0
16704
640
64
0
16768
704
64
0
16832
768
64
0
16896
832
64
0
16960
896
64
0
17024
960
64
0
17088
1024
64
0
17152
1088
64
0
17216
1152
64
0
17280
1216
64
0
17344
1280
64
0
17408
1344
64
0
17472
1408
64
0
17536
1472
64
0
17600
1536
64
0
17664
1600
64
0
17728
1664
64
0
17792
1728
64
0
17856
1792
64
0
17920
1856
64
0
17984
1920
64
0
18048
1984
64
0
16128
0
64
0
16192
64
64
0
16256
128
64
0
16320
192
64
0
16384
256
64
0
16448
320
64
0
16512
384
64
0
16576
448
64
0
16640
512
64
0
16704
576
64
0
16768
640
64
0
16832
704
64
0
16896
768
64
0
16960
832
64
0
17024
896
64
0
17088
960
64
0
17152
1024
64
0
17216
1088
64
0
0
1152
64
1
17344
1216
64
0
17408
1280
64
0
17472
1344
64
0
17536
1408
64
0
17600
1472
64
0
17664
1536
64
0
17728
1600
64
0
17792
1664
64
0
17856
1728
64
0
17920
1792
64
0
17984
1856
64
0
18048
1920
64
0
18112
1984
64
0
14592
0
64
0
14656
64
64
0
14720
128
64
0
14784
192
64
0
14848
256
64
0
14912
320
64
0
14976
384
64
0
15040
448
64
0
15104
512
64
0
15168
576
64
0
15232
640
64
0
15296
704
64
0
15360
768
64
0
15424
832
64
0
0
896
64
1
15552
960
64
0
15616
1024
64
0
15680
1088
64
0
15744
1152
64
0
15808
1216
64
0
15872
1280
64
0
15936
1344
64
0
16000
1408
64
0
16064
1472
64
0
16128
1536
64
0
16192
1600
64
0
16256
1664
64
0
16320
1728
64
0
16384
1792
64
0
16448
1856
64
0
16512
1920
64
0
16576
1984
64
0
14656
0
64
0
14720
64
64
0
14784
128
64
0
14848
192
64
0
14912
256
64
0
14976
320
64
0
15040
384
64
0
15104
448
64
0
15168
512
64
0
15232
576
64
0
15296
640
64
0
15360
704
64
0
15424
768
64
0
15488
832
64
0
15552
896
64
0
15616
960
64
0
15680
1024
64
0
15744
1088
64
0
15808
1152
64
0
15872
1216
64
0
15936
1280
64
0
16000
1344
64
0
16064
1408
64
0
16128
1472
64
0
16192
1536
64
0
16256
1600
64
0
16320
1664
64
0
16384
1728
64
0
16448
1792
64
0
16512
1856
64
0
16576
1920
64
0
16640
1984
64
0
14720
0
64
0
14784
64
64
0
14848
128
64
0
14912
192
64
0
14976
256
64
0
15040
320
64
0
15104
384
64
0
15168
448
64
0
15232
512
64
0
15296
576
64
0
15360
640
64
0
15424
704
64
0
15488
768
64
0
0
832
64
1
15616
896
64
0
15680
960
64
0
15744
1024
64
0
15808
1088
64
0
15872
1152
64
0
15936
1216
64
0
16000
1280
64
0
16064
1344
64
0
16128
1408
64
0
16192
1472
64
0
16256
1536
64
0
16320
1600
64
0
16384
1664
64
0
16448
1728
64
0
16512
1792
64
0
16576
1856
64
0
16640
1920
64
0
16704
1984
64
0
16320
0
64
0
16384
64
64
0
16448
128
64
0
16512
192
64
0
16576
256
64
0
16640
320
64
0
16704
384
64
0
16768
448
64
0
16832
512
64
0
16896
576
64
0
16960
640
64
0
17024
704
64
0
17088
768
64
0
17152
832
64
0
0
896
64
1
17280
960
64
0
17344
1024
64
0
17408
1088
64
0
17472
1152
64
0
17536
1216
64
0
17600
1280
64
0
17664
1344
64
0
17728
1408
64
0
17792
1472
64
0
17856
1536
64
0
17920
1600
64
0
17984
1664
64
0
18048
1728
64
0
18112
1792
64
0
18176
1856
64
0
18240
1920
64
0
18304
1984
64
0
16384
0
64
0
16448
64
64
0
16512
128
64
0
16576
192
64
0
16640
256
64
0
16704
320
64
0
16768
384
64
0
16832
448
64
0
16896
512
64
0
16960
576
64
0
17024
640
64
0
17088
704
64
0
17152
768
64
0
17216
832
64
0
17280
896
64
0
17344
960
64
0
17408
1024
64
0
17472
1088
64
0
17536
1152
64
0
17600
1216
64
0
17664
1280
64
0
17728
1344
64
0
17792
1408
64
0
17856
1472
64
0
17920
1536
64
0
17984
1600
64
0
18048
1664
64
0
18112
1728
64
0
18176
1792
64
0
18240
1856
64
0
18304
1920
64
0
18368
1984
64
0
16448
0
64
0
16512
64
64
0
16576
128
64
0
16640
192
64
0
16704
256
64
0
16768
320
64
0
16832
384
64
0
16896
448
64
0
16960
512
64
0
17024
576
64
0
17088
640
64
0
17152
704
64
0
17216
768
64
0
0
832
64
1
17344
896
64
0
17408
960
64
0
17472
1024
64
0
17536
1088
64
0
17600
1152
64
0
17664
1216
64
0
17728
1280
64
0
17792
1344
64
0
17856
1408
64
0
17920
1472
64
0
17984
1536
64
0
18048
1600
64
0
18112
1664
64
0
18176
1728
64
0
18240
1792
64
0
18304
1856
64
0
18368
1920
64
0
18432
1984
64
0
18048
0
64
0
18112
64
64
0
18176
128
64
0
18240
192
64
0
18304
256
64
0
18368
320
64
0
18432
384
64
0
18496
448
64
0
18560
512
64
0
18624
576
64
0
18688
640
64
0
18752
704
64
0
18816
768
64
0
18880
832
64
0
0
896
64
1
19008
960
64
0
19072
1024
64
0
19136
1088
64
0
19200
1152
64
0
19264
1216
64
0
19328
1280
64
0
19392
1344
64
0
19456
1408
64
0
19520
1472
64
0
19584
1536
64
0
19648
1600
64
0
19712
1664
64
0
19776
1728
64
0
19840
1792
64
0
19904
1856
64
0
19968
1920
64
0
20032
1984
64
0
18112
0
64
0
18176
64
64
0
18240
128
64
0
18304
192
64
0
18368
256
64
0
18432
320
64
0
18496
384
64
0
18560
448
64
0
18624
512
64
0
18688
576
64
0
18752
640
64
0
18816
704
64
0
18880
768
64
0
18944
832
64
0
19008
896
64
0
19072
960
64
0
19136
1024
64
0
19200
1088
64
0
19264
1152
64
0
19328
1216
64
0
19392
1280
64
0
19456
1344
64
0
19520
1408
64
0
19584
1472
64
0
19648
1536
64
0
19712
1600
64
0
19776
1664
64
0
19840
1728
64
0
19904
1792
64
0
19968
1856
64
0
20032
1920
64
0
20096
1984
64
0
18176
0
64
0
18240
64
64
0
18304
128
64
0
18368
192
64
0
18432
256
64
0
18496
320
64
0
18560
384
64
0
18624
448
64
0
18688
512
64
0
18752
576
64
0
18816
640
64
0
18880
704
64
0
18944
768
64
0
0
832
64
1
19072
896
64
0
19136
960
64
0
19200
1024
64
0
19264
1088
64
0
19328
1152
64
0
19392
1216
64
0
19456
1280
64
0
19520
1344
64
0
19584
1408
64
0
19648
1472
64
0
19712
1536
64
0
19776
1600
64
0
19840
1664
64
0
19904
1728
64
0
19968
1792
64
0
20032
1856
64
0
20096
1920
64
0
20160
1984
64
0
16640
0
64
0
16704
64
64
0
16768
128
64
0
16832
192
64
0
16896
256
64
0
16960
320
64
0
17024
384
64
0
17088
448
64
0
17152
512
64
0
0
576
64
1
17280
640
64
0
17344
704
64
0
17408
768
64
0
17472
832
64
0
17536
896
64
0
17600
960
64
0
17664
1024
64
0
17728
1088
64
0
17792
1152
64
0
17856
1216
64
0
17920
1280
64
0
17984
1344
64
0
18048
1408
64
0
18112
1472
64
0
18176
1536
64
0
18240
1600
64
0
18304
1664
64
0
18368
1728
64
0
18432
1792
64
0
18496
1856
64
0
18560
1920
64
0
18624
1984
64
0
16704
0
64
0
16768
64
64
0
16832
128
64
0
16896
192
64
0
16960
256
64
0
17024
320
64
0
17088
384
64
0
17152
448
64
0
17216
512
64
0
17280
576
64
0
17344
640
64
0
17408
704
64
0
17472
768
64
0
17536
832
64
0
17600
896
64
0
17664
960
64
0
17728
1024
64
0
17792
1088
64
0
17856
1152
64
0
17920
1216
64
0
17984
1280
64
0
18048
1344
64
0
18112
1408
64
0
18176
1472
64
0
18240
1536
64
0
18304
1600
64
0
18368
1664
64
0
18432
1728
64
0
18496
1792
64
0
18560
1856
64
0
18624
1920
64
0
18688
1984
64
0
16768
0
64
0
16832
64
64
0
16896
128
64
0
16960
192
64
0
17024
256
64
0
17088
320
64
0
17152
384
64
0
17216
448
64
0
0
512
64
1
17344
576
64
0
17408
640
64
0
17472
704
64
0
17536
768
64
0
17600
832
64
0
17664
896
64
0
17728
960
64
0
17792
1024
64
0
17856
1088
64
0
17920
1152
64
0
17984
1216
64
0
18048
1280
64
0
18112
1344
64
0
18176
1408
64
0
18240
1472
64
0
18304
1536
64
0
18368
1600
64
0
18432
1664
64
0
18496
1728
64
0
18560
1792
64
0
18624
1856
64
0
18688
1920
64
0
18752
1984
64
0
18368
0
64
0
18432
64
64
0
18496
128
64
0
18560
192
64
0
18624
256
64
0
18688
320
64
0
18752
384
64
0
18816
448
64
0
18880
512
64
0
0
576
64
1
19008
640
64
0
19072
704
64
0
19136
768
64
0
19200
832
64
0
19264
896
64
0
19328
960
64
0
19392
1024
64
0
19456
1088
64
0
19520
1152
64
0
19584
1216
64
0
19648
1280
64
0
19712
1344
64
0
19776
1408
64
0
19840
1472
64
0
19904
1536
64
0
19968
1600
64
0
20032
1664
64
0
20096
1728
64
0
20160
1792
64
0
20224
1856
64
0
20288
1920
64
0
20352
1984
64
0
18432
0
64
0
18496
64
64
0
18560
128
64
0
18624
192
64
0
18688
256
64
0
18752
320
64
0
18816
384
64
0
18880
448
64
0
18944
512
64
0
19008
576
64
0
19072
640
64
0
19136
704
64
0
19200
768
64
0
19264
832
64
0
19328
896
64
0
19392
960
64
0
19456
1024
64
0
19520
1088
64
0
19584
1152
64
0
19648
1216
64
0
19712
1280
64
0
19776
1344
64
0
19840
1408
64
0
19904
1472
64
0
19968
1536
64
0
20032
1600
64
0
20096
1664
64
0
20160
1728
64
0
20224
1792
64
0
20288
1856
64
0
20352
1920
64
0
20416
1984
64
0
18496
0
64
0
18560
64
64
0
18624
128
64
0
18688
192
64
0
18752
256
64
0
18816
320
64
0
18880
384
64
0
18944
448
64
0
0
512
64
1
19072
576
64
0
19136
640
64
0
19200
704
64
0
19264
768
64
0
19328
832
64
0
19392
896
64
0
19456
960
64
0
19520
1024
64
0
19584
1088
64
0
19648
1152
64
0
19712
1216
64
0
19776
1280
64
0
19840
1344
64
0
19904
1408
64
0
19968
1472
64
0
20032
1536
64
0
20096
1600
64
0
20160
1664
64
0
20224
1728
64
0
20288
1792
64
0
20352
1856
64
0
20416
1920
64
0
20480
1984
64
0
20096
0
64
0
20160
64
64
0
20224
128
64
0
20288
192
64
0
20352
256
64
0
20416
320
64
0
20480
384
64
0
20544
448
64
0
20608
512
64
0
0
576
64
1
20736
640
64
0
20800
704
64
0
20864
768
64
0
20928
832
64
0
20992
896
64
0
21056
960
64
0
21120
1024
64
0
21184
1088
64
0
21248
1152
64
0
21312
1216
64
0
21376
1280
64
0
21440
1344
64
0
21504
1408
64
0
21568
1472
64
0
21632
1536
64
0
21696
1600
64
0
21760
1664
64
0
21824
1728
64
0
21888
1792
64
0
21952
1856
64
0
22016
1920
64
0
22080
1984
64
0
20160
0
64
0
20224
64
64
0
20288
128
64
0
20352
192
64
0
20416
256
64
0
20480
320
64
0
20544
384
64
0
20608
448
64
0
20672
512
64
0
20736
576
64
0
20800
640
64
0
20864
704
64
0
20928
768
64
0
20992
832
64
0
21056
896
64
0
21120
960
64
0
21184
1024
64
0
21248
1088
64
0
21312
1152
64
0
21376
1216
64
0
21440
1280
64
0
21504
1344
64
0
21568
1408
64
0
21632
1472
64
0
21696
1536
64
0
21760
1600
64
0
21824
1664
64
0
21888
1728
64
0
21952
1792
64
0
22016
1856
64
0
22080
1920
64
0
22144
1984
64
0
20224
0
64
0
20288
64
64
0
20352
128
64
0
20416
192
64
0
20480
256
64
0
20544
320
64
0
20608
384
64
0
20672
448
64
0
0
512
64
1
20800
576
64
0
20864
640
64
0
20928
704
64
0
20992
768
64
0
21056
832
64
0
21120
896
64
0
21184
960
64
0
21248
1024
64
0
21312
1088
64
0
21376
1152
64
0
21440
1216
64
0
21504
1280
64
0
21568
1344
64
0
21632
1408
64
0
21696
1472
64
0
21760
1536
64
0
21824
1600
64
0
21888
1664
64
0
21952
1728
64
0
22016
1792
64
0
22080
1856
64
0
22144
1920
64
0
22208
1984
64
0
18688
0
64
0
18752
64
64
0
18816
128
64
0
18880
192
64
0
0
256
64
1
19008
320
64
0
19072
384
64
0
19136
448
64
0
19200
512
64
0
19264
576
64
0
19328
640
64
0
19392
704
64
0
19456
768
64
0
19520
832
64
0
19584
896
64
0
19648
960
64
0
19712
1024
64
0
19776
1088
64
0
19840
1152
64
0
19904
1216
64
0
19968
1280
64
0
20032
1344
64
0
20096
1408
64
0
20160
1472
64
0
20224
1536
64
0
20288
1600
64
0
20352
1664
64
0
20416
1728
64
0
20480
1792
64
0
20544
1856
64
0
20608
1920
64
0
0
1984
64
1
18752
0
64
0
18816
64
64
0
18880
128
64
0
18944
192
64
0
19008
256
64
0
19072
320
64
0
19136
384
64
0
19200
448
64
0
19264
512
64
0
19328
576
64
0
19392
640
64
0
19456
704
64
0
19520
768
64
0
19584
832
64
0
19648
896
64
0
19712
960
64
0
19776
1024
64
0
19840
1088
64
0
19904
1152
64
0
19968
1216
64
0
20032
1280
64
0
20096
1344
64
0
20160
1408
64
0
20224
1472
64
0
20288
1536
64
0
20352
1600
64
0
20416
1664
64
0
20480
1728
64
0
20544
1792
64
0
20608
1856
64
0
20672
1920
64
0
20736
1984
64
0
18816
0
64
0
18880
64
64
0
18944
128
64
0
0
192
64
1
19072
256
64
0
19136
320
64
0
19200
384
64
0
19264
448
64
0
19328
512
64
0
19392
576
64
0
19456
640
64
0
19520
704
64
0
19584
768
64
0
19648
832
64
0
19712
896
64
0
19776
960
64
0
19840
1024
64
0
19904
1088
64
0
19968
1152
64
0
20032
1216
64
0
20096
1280
64
0
20160
1344
64
0
20224
1408
64
0
20288
1472
64
0
20352
1536
64
0
20416
1600
64
0
20480
1664
64
0
20544
1728
64
0
20608
1792
64
0
20672
1856
64
0
0
1920
64
1
20800
1984
64
0
20416
0
64
0
20480
64
64
0
20544
128
64
0
20608
192
64
0
0
256
64
1
20736
320
64
0
20800
384
64
0
20864
448
64
0
20928
512
64
0
20992
576
64
0
21056
640
64
0
21120
704
64
0
21184
768
64
0
21248
832
64
0
21312
896
64
0
21376
960
64
0
21440
1024
64
0
21504
1088
64
0
21568
1152
64
0
21632
1216
64
0
21696
1280
64
0
21760
1344
64
0
21824
1408
64
0
21888
1472
64
0
21952
1536
64
0
22016
1600
64
0
22080
1664
64
0
22144
1728
64
0
22208
1792
64
0
22272
1856
64
0
22336
1920
64
0
0
1984
64
1
20480
0
64
0
20544
64
64
0
20608
128
64
0
20672
192
64
0
20736
256
64
0
20800
320
64
0
20864
384
64
0
20928
448
64
0
20992
512
64
0
21056
576
64
0
21120
640
64
0
21184
704
64
0
21248
768
64
0
21312
832
64
0
21376
896
64
0
21440
960
64
0
21504
1024
64
0
21568
1088
64
0
21632
1152
64
0
21696
1216
64
0
21760
1280
64
0
21824
1344
64
0
21888
1408
64
0
21952
1472
64
0
22016
1536
64
0
22080
1600
64
0
22144
1664
64
0
22208
1728
64
0
22272
1792
64
0
22336
1856
64
0
22400
1920
64
0
22464
1984
64
0
20544
0
64
0
20608
64
64
0
20672
128
64
0
0
192
64
1
20800
256
64
0
20864
320
64
0
20928
384
64
0
20992
448
64
0
21056
512
64
0
21120
576
64
0
21184
640
64
0
21248
704
64
0
21312
768
64
0
21376
832
64
0
21440
896
64
0
21504
960
64
0
21568
1024
64
0
21632
1088
64
0
21696
1152
64
0
21760
1216
64
0
21824
1280
64
0
21888
1344
64
0
21952
1408
64
0
22016
1472
64
0
22080
1536
64
0
22144
1600
64
0
22208
1664
64
0
22272
1728
64
0
22336
1792
64
0
22400
1856
64
0
0
1920
64
1
22528
1984
64
0
22144
0
64
0
22208
64
64
0
22272
128
64
0
22336
192
64
0
0
256
64
1
22464
320
64
0
22528
384
64
0
22592
448
64
0
22656
512
64
0
22720
576
64
0
22784
640
64
0
22848
704
64
0
22912
768
64
0
22976
832
64
0
23040
896
64
0
23104
960
64
0
23168
1024
64
0
23232
1088
64
0
23296
1152
64
0
23360
1216
64
0
23424
1280
64
0
23488
1344
64
0
23552
1408
64
0
23616
1472
64
0
23680
1536
64
0
23744
1600
64
0
23808
1664
64
0
23872
1728
64
0
23936
1792
64
0
24000
1856
64
0
24064
1920
64
0
0
1984
64
1
22208
0
64
0
22272
64
64
0
22336
128
64
0
22400
192
64
0
22464
256
64
0
22528
320
64
0
22592
384
64
0
22656
448
64
0
22720
512
64
0
22784
576
64
0
22848
640
64
0
22912
704
64
0
22976
768
64
0
23040
832
64
0
23104
896
64
0
23168
960
64
0
23232
1024
64
0
23296
1088
64
0
23360
1152
64
0
23424
1216
64
0
23488
1280
64
0
23552
1344
64
0
23616
1408
64
0
23680
1472
64
0
23744
1536
64
0
23808
1600
64
0
23872
1664
64
0
23936
1728
64
0
24000
1792
64
0
24064
1856
64
0
24128
1920
64
0
24192
1984
64
0
22272
0
64
0
22336
64
64
0
22400
128
64
0
0
192
64
1
22528
256
64
0
22592
320
64
0
22656
384
64
0
22720
448
64
0
22784
512
64
0
22848
576
64
0
22912
640
64
0
22976
704
64
0
23040
768
64
0
23104
832
64
0
23168
896
64
0
23232
960
64
0
23296
1024
64
0
23360
1088
64
0
23424
1152
64
0
23488
1216
64
0
23552
1280
64
0
23616
1344
64
0
23680
1408
64
0
23744
1472
64
0
23808
1536
64
0
23872
1600
64
0
23936
1664
64
0
24000
1728
64
0
24064
1792
64
0
24128
1856
64
0
0
1920
64
1
24256
1984
64
0
20736
0
64
0
20800
64
64
0
20864
128
64
0
20928
192
64
0
20992
256
64
0
21056
320
64
0
21120
384
64
0
21184
448
64
0
21248
512
64
0
21312
576
64
0
21376
640
64
0
21440
704
64
0
21504
768
64
0
21568
832
64
0
21632
896
64
0
21696
960
64
0
21760
1024
64
0
21824
1088
64
0
21888
1152
64
0
21952
1216
64
0
22016
1280
64
0
22080
1344
64
0
22144
1408
64
0
22208
1472
64
0
22272
1536
64
0
22336
1600
64
0
0
1664
64
1
22464
1728
64
0
22528
1792
64
0
22592
1856
64
0
22656
1920
64
0
22720
1984
64
0
20800
0
64
0
20864
64
64
0
20928
128
64
0
20992
192
64
0
21056
256
64
0
21120
320
64
0
21184
384
64
0
21248
448
64
0
21312
512
64
0
21376
576
64
0
21440
640
64
0
21504
704
64
0
21568
768
64
0
21632
832
64
0
21696
896
64
0
21760
960
64
0
21824
1024
64
0
21888
1088
64
0
21952
1152
64
0
22016
1216
64
0
22080
1280
64
0
22144
1344
64
0
22208
1408
64
0
22272
1472
64
0
22336
1536
64
0
22400
1600
64
0
22464
1664
64
0
22528
1728
64
0
22592
1792
64
0
22656
1856
64
0
22720
1920
64
0
22784
1984
64
0
20864
0
64
0
20928
64
64
0
20992
128
64
0
21056
192
64
0
21120
256
64
0
21184
320
64
0
21248
384
64
0
21312
448
64
0
21376
512
64
0
21440
576
64
0
21504
640
64
0
21568
704
64
0
21632
768
64
0
21696
832
64
0
21760
896
64
0
21824
960
64
0
21888
1024
64
0
21952
1088
64
0
22016
1152
64
0
22080
1216
64
0
22144
1280
64
0
22208
1344
64
0
22272
1408
64
0
22336
1472
64
0
22400
1536
64
0
0
1600
64
1
22528
1664
64
0
22592
1728
64
0
22656
1792
64
0
22720
1856
64
0
22784
1920
64
0
22848
1984
64
0
22464
0
64
0
22528
64
64
0
22592
128
64
0
22656
192
64
0
22720
256
64
0
22784
320
64
0
22848
384
64
0
22912
448
64
0
22976
512
64
0
23040
576
64
0
23104
640
64
0
23168
704
64
0
23232
768
64
0
23296
832
64
0
23360
896
64
0
23424
960
64
0
23488
1024
64
0
23552
1088
64
0
23616
1152
64
0
23680
1216
64
0
23744
1280
64
0
23808
1344
64
0
23872
1408
64
0
23936
1472
64
0
24000
1536
64
0
24064
1600
64
0
0
1664
64
1
24192
1728
64
0
24256
1792
64
0
24320
1856
64
0
24384
1920
64
0
24448
1984
64
0
22528
0
64
0
22592
64
64
0
22656
128
64
0
22720
192
64
0
22784
256
64
0
22848
320
64
0
22912
384
64
0
22976
448
64
0
23040
512
64
0
23104
576
64
0
23168
640
64
0
23232
704
64
0
23296
768
64
0
23360
832
64
0
23424
896
64
0
23488
960
64
0
23552
1024
64
0
23616
1088
64
0
23680
1152
64
0
23744
1216
64
0
23808
1280
64
0
23872
1344
64
0
23936
1408
64
0
24000
1472
64
0
24064
1536
64
0
24128
1600
64
0
24192
1664
64
0
24256
1728
64
0
24320
1792
64
0
24384
1856
64
0
24448
1920
64
0
24512
1984
64
0
22592
0
64
0
22656
64
64
0
22720
128
64
0
22784
192
64
0
22848
256
64
0
22912
320
64
0
22976
384
64
0
23040
448
64
0
23104
512
64
0
23168
576
64
0
23232
640
64
0
23296
704
64
0
23360
768
64
0
23424
832
64
0
23488
896
64
0
23552
960
64
0
23616
1024
64
0
23680
1088
64
0
23744
1152
64
0
23808
1216
64
0
23872
1280
64
0
23936
1344
64
0
24000
1408
64
0
24064
1472
64
0
24128
1536
64
0
0
1600
64
1
24256
1664
64
0
24320
1728
64
0
24384
1792
64
0
24448
1856
64
0
24512
1920
64
0
24576
1984
64
0
24192
0
64
0
24256
64
64
0
24320
128
64
0
24384
192
64
0
24448
256
64
0
24512
320
64
0
24576
384
64
0
24640
448
64
0
24704
512
64
0
24768
576
64
0
24832
640
64
0
24896
704
64
0
24960
768
64
0
25024
832
64
0
25088
896
64
0
25152
960
64
0
25216
1024
64
0
25280
1088
64
0
25344
1152
64
0
25408
1216
64
0
25472
1280
64
0
25536
1344
64
0
25600
1408
64
0
25664
1472
64
0
25728
1536
64
0
25792
1600
64
0
0
1664
64
1
25920
1728
64
0
25984
1792
64
0
26048
1856
64
0
26112
1920
64
0
26176
1984
64
0
24256
0
64
0
24320
64
64
0
24384
128
64
0
24448
192
64
0
24512
256
64
0
24576
320
64
0
24640
384
64
0
24704
448
64
0
24768
512
64
0
24832
576
64
0
24896
640
64
0
24960
704
64
0
25024
768
64
0
25088
832
64
0
25152
896
64
0
25216
960
64
0
25280
1024
64
0
25344
1088
64
0
25408
1152
64
0
25472
1216
64
0
25536
1280
64
0
25600
1344
64
0
25664
1408
64
0
25728
1472
64
0
25792
1536
64
0
25856
1600
64
0
25920
1664
64
0
25984
1728
64
0
26048
1792
64
0
26112
1856
64
0
26176
1920
64
0
26240
1984
64
0
24320
0
64
0
24384
64
64
0
24448
128
64
0
24512
192
64
0
24576
256
64
0
24640
320
64
0
24704
384
64
0
24768
448
64
0
24832
512
64
0
24896
576
64
0
24960
640
64
0
25024
704
64
0
25088
768
64
0
25152
832
64
0
25216
896
64
0
25280
960
64
0
25344
1024
64
0
25408
1088
64
0
25472
1152
64
0
25536
1216
64
0
25600
1280
64
0
25664
1344
64
0
25728
1408
64
0
25792
1472
64
0
25856
1536
64
0
0
1600
64
1
25984
1664
64
0
26048
1728
64
0
26112
1792
64
0
26176
1856
64
0
26240
1920
64
0
26304
1984
64
0
22784
0
64
0
22848
64
64
0
22912
128
64
0
22976
192
64
0
23040
256
64
0
23104
320
64
0
23168
384
64
0
23232
448
64
0
23296
512
64
0
23360
576
64
0
23424
640
64
0
23488
704
64
0
23552
768
64
0
23616
832
64
0
23680
896
64
0
23744
960
64
0
23808
1024
64
0
23872
1088
64
0
23936
1152
64
0
24000
1216
64
0
24064
1280
64
0
0
1344
64
1
24192
1408
64
0
24256
1472
64
0
24320
1536
64
0
24384
1600
64
0
24448
1664
64
0
24512
1728
64
0
24576
1792
64
0
24640
1856
64
0
24704
1920
64
0
24768
1984
64
0
22848
0
64
0
22912
64
64
0
22976
128
64
0
23040
192
64
0
23104
256
64
0
23168
320
64
0
23232
384
64
0
23296
448
64
0
23360
512
64
0
23424
576
64
0
23488
640
64
0
23552
704
64
0
23616
768
64
0
23680
832
64
0
23744
896
64
0
23808
960
64
0
23872
1024
64
0
23936
1088
64
0
24000
1152
64
0
24064
1216
64
0
24128
1280
64
0
24192
1344
64
0
24256
1408
64
0
24320
1472
64
0
24384
1536
64
0
24448
1600
64
0
24512
1664
64
0
24576
1728
64
0
24640
1792
64
0
24704
1856
64
0
24768
1920
64
0
24832
1984
64
0
22912
0
64
0
22976
64
64
0
23040
128
64
0
23104
192
64
0
23168
256
64
0
23232
320
64
0
23296
384
64
0
23360
448
64
0
23424
512
64
0
23488
576
64
0
23552
640
64
0
23616
704
64
0
23680
768
64
0
23744
832
64
0
23808
896
64
0
23872
960
64
0
23936
1024
64
0
24000
1088
64
0
24064
1152
64
0
24128
1216
64
0
0
1280
64
1
24256
1344
64
0
24320
1408
64
0
24384
1472
64
0
24448
1536
64
0
24512
1600
64
0
24576
1664
64
0
24640
1728
64
0
24704
1792
64
0
24768
1856
64
0
24832
1920
64
0
24896
1984
64
0
24512
0
64
0
24576
64
64
0
24640
128
64
0
24704
192
64
0
24768
256
64
0
24832
320
64
0
24896
384
64
0
24960
448
64
0
25024
512
64
0
25088
576
64
0
25152
640
64
0
25216
704
64
0
25280
768
64
0
25344
832
64
0
25408
896
64
0
25472
960
64
0
25536
1024
64
0
25600
1088
64
0
25664
1152
64
0
25728
1216
64
0
25792
1280
64
0
0
1344
64
1
25920
1408
64
0
25984
1472
64
0
26048
1536
64
0
26112
1600
64
0
26176
1664
64
0
26240
1728
64
0
26304
1792
64
0
26368
1856
64
0
26432
1920
64
0
26496
1984
64
0
24576
0
64
0
24640
64
64
0
24704
128
64
0
24768
192
64
0
24832
256
64
0
24896
320
64
0
24960
384
64
0
25024
448
64
0
25088
512
64
0
25152
576
64
0
25216
640
64
0
25280
704
64
0
25344
768
64
0
25408
832
64
0
25472
896
64
0
25536
960
64
0
25600
1024
64
0
25664
1088
64
0
25728
1152
64
0
25792
1216
64
0
25856
1280
64
0
25920
1344
64
0
25984
1408
64
0
26048
1472
64
0
26112
1536
64
0
26176
1600
64
0
26240
1664
64
0
26304
1728
64
0
26368
1792
64
0
26432
1856
64
0
26496
1920
64
0
26560
1984
64
0
24640
0
64
0
24704
64
64
0
24768
128
64
0
24832
192
64
0
24896
256
64
0
24960
320
64
0
25024
384
64
0
25088
448
64
0
25152
512
64
0
25216
576
64
0
25280
640
64
0
25344
704
64
0
25408
768
64
0
25472
832
64
0
25536
896
64
0
25600
960
64
0
25664
1024
64
0
25728
1088
64
0
25792
1152
64
0
25856
1216
64
0
0
1280
64
1
25984
1344
64
0
26048
1408
64
0
26112
1472
64
0
26176
1536
64
0
26240
1600
64
0
26304
1664
64
0
26368
1728
64
0
26432
1792
64
0
26496
1856
64
0
26560
1920
64
0
26624
1984
64
0
26240
0
64
0
26304
64
64
0
26368
128
64
0
26432
192
64
0
26496
256
64
0
26560
320
64
0
26624
384
64
0
26688
448
64
0
26752
512
64
0
26816
576
64
0
26880
640
64
0
26944
704
64
0
27008
768
64
0
27072
832
64
0
27136
896
64
0
27200
960
64
0
27264
1024
64
0
27328
1088
64
0
27392
1152
64
0
27456
1216
64
0
27520
1280
64
0
0
1344
64
1
27648
1408
64
0
27712
1472
64
0
27776
1536
64
0
27840
1600
64
0
27904
1664
64
0
27968
1728
64
0
28032
1792
64
0
28096
1856
64
0
28160
1920
64
0
28224
1984
64
0
26304
0
64
0
26368
64
64
0
26432
128
64
0
26496
192
64
0
26560
256
64
0
26624
320
64
0
26688
384
64
0
26752
448
64
0
26816
512
64
0
26880
576
64
0
26944
640
64
0
27008
704
64
0
27072
768
64
0
27136
832
64
0
27200
896
64
0
27264
960
64
0
27328
1024
64
0
27392
1088
64
0
27456
1152
64
0
27520
1216
64
0
27584
1280
64
0
27648
1344
64
0
27712
1408
64
0
27776
1472
64
0
27840
1536
64
0
27904
1600
64
0
27968
1664
64
0
28032
1728
64
0
28096
1792
64
0
28160
1856
64
0
28224
1920
64
0
28288
1984
64
0
26368
0
64
0
26432
64
64
0
26496
128
64
0
26560
192
64
0
26624
256
64
0
26688
320
64
0
26752
384
64
0
26816
448
64
0
26880
512
64
0
26944
576
64
0
27008
640
64
0
27072
704
64
0
27136
768
64
0
27200
832
64
0
27264
896
64
0
27328
960
64
0
27392
1024
64
0
27456
1088
64
0
27520
1152
64
0
27584
1216
64
0
0
1280
64
1
27712
1344
64
0
27776
1408
64
0
27840
1472
64
0
27904
1536
64
0
27968
1600
64
0
28032
1664
64
0
28096
1728
64
0
28160
1792
64
0
28224
1856
64
0
28288
1920
64
0
28352
1984
64
0
24832
0
64
0
24896
64
64
0
24960
128
64
0
25024
192
64
0
25088
256
64
0
25152
320
64
0
25216
384
64
0
25280
448
64
0
25344
512
64
0
25408
576
64
0
25472
640
64
0
25536
704
64
0
25600
768
64
0
25664
832
64
0
25728
896
64
0
25792
960
64
0
0
1024
64
1
25920
1088
64
0
25984
1152
64
0
26048
1216
64
0
26112
1280
64
0
26176
1344
64
0
26240
1408
64
0
26304
1472
64
0
26368
1536
64
0
26432
1600
64
0
26496
1664
64
0
26560
1728
64
0
26624
1792
64
0
26688
1856
64
0
26752
1920
64
0
26816
1984
64
0
24896
0
64
0
24960
64
64
0
25024
128
64
0
25088
192
64
0
25152
256
64
0
25216
320
64
0
25280
384
64
0
25344
448
64
0
25408
512
64
0
25472
576
64
0
25536
640
64
0
25600
704
64
0
25664
768
64
0
25728
832
64
0
25792
896
64
0
25856
960
64
0
25920
1024
64
0
25984
1088
64
0
26048
1152
64
0
26112
1216
64
0
26176
1280
64
0
26240
1344
64
0
26304
1408
64
0
26368
1472
64
0
26432
1536
64
0
26496
1600
64
0
26560
1664
64
0
26624
1728
64
0
26688
1792
64
0
26752
1856
64
0
26816
1920
64
0
26880
1984
64
0
24960
0
64
0
25024
64
64
0
25088
128
64
0
25152
192
64
0
25216
256
64
0
25280
320
64
0
25344
384
64
0
25408
448
64
0
25472
512
64
0
25536
576
64
0
25600
640
64
0
25664
704
64
0
25728
768
64
0
25792
832
64
0
25856
896
64
0
0
960
64
1
25984
1024
64
0
26048
1088
64
0
26112
1152
64
0
26176
1216
64
0
26240
1280
64
0
26304
1344
64
0
26368
1408
64
0
26432
1472
64
0
26496
1536
64
0
26560
1600
64
0
26624
1664
64
0
26688
1728
64
0
26752
1792
64
0
26816
1856
64
0
26880
1920
64
0
26944
1984
64
0
26560
0
64
0
26624
64
64
0
26688
128
64
0
26752
192
64
0
26816
256
64
0
26880
320
64
0
26944
384
64
0
27008
448
64
0
27072
512
64
0
27136
576
64
0
27200
640
64
0
27264
704
64
0
27328
768
64
0
27392
832
64
0
27456
896
64
0
27520
960
64
0
0
1024
64
1
27648
1088
64
0
27712
1152
64
0
27776
1216
64
0
27840
1280
64
0
27904
1344
64
0
27968
1408
64
0
28032
1472
64
0
28096
1536
64
0
28160
1600
64
0
28224
1664
64
0
28288
1728
64
0
28352
1792
64
0
28416
1856
64
0
28480
1920
64
0
28544
1984
64
0
26624
0
64
0
26688
64
64
0
26752
128
64
0
26816
192
64
0
26880
256
64
0
26944
320
64
0
27008
384
64
0
27072
448
64
0
27136
512
64
0
27200
576
64
0
27264
640
64
0
27328
704
64
0
27392
768
64
0
27456
832
64
0
27520
896
64
0
27584
960
64
0
27648
1024
64
0
27712
1088
64
0
27776
1152
64
0
27840
1216
64
0
27904
1280
64
0
27968
1344
64
0
28032
1408
64
0
28096
1472
64
0
28160
1536
64
0
28224
1600
64
0
28288
1664
64
0
28352
1728
64
0
28416
1792
64
0
28480
1856
64
0
28544
1920
64
0
28608
1984
64
0
26688
0
64
0
26752
64
64
0
26816
128
64
0
26880
192
64
0
26944
256
64
0
27008
320
64
0
27072
384
64
0
27136
448
64
0
27200
512
64
0
27264
576
64
0
27328
640
64
0
27392
704
64
0
27456
768
64
0
27520
832
64
0
27584
896
64
0
0
960
64
1
27712
1024
64
0
27776
1088
64
0
27840
1152
64
0
27904
1216
64
0
27968
1280
64
0
28032
1344
64
0
28096
1408
64
0
28160
1472
64
0
28224
1536
64
0
28288
1600
64
0
28352
1664
64
0
28416
1728
64
0
28480
1792
64
0
28544
1856
64
0
28608
1920
64
0
28672
1984
64
0
28288
0
64
0
28352
64
64
0
28416
128
64
0
28480
192
64
0
28544
256
64
0
28608
320
64
0
28672
384
64
0
28736
448
64
0
28800
512
64
0
28864
576
64
0
28928
640
64
0
28992
704
64
0
29056
768
64
0
29120
832
64
0
29184
896
64
0
29248
960
64
0
0
1024
64
1
29376
1088
64
0
29440
1152
64
0
29504
1216
64
0
29568
1280
64
0
29632
1344
64
0
29696
1408
64
0
29760
1472
64
0
29824
1536
64
0
29888
1600
64
0
29952
1664
64
0
30016
1728
64
0
30080
1792
64
0
30144
1856
64
0
30208
1920
64
0
30272
1984
64
0
28352
0
64
0
28416
64
64
0
28480
128
64
0
28544
192
64
0
28608
256
64
0
28672
320
64
0
28736
384
64
0
28800
448
64
0
28864
512
64
0
28928
576
64
0
28992
640
64
0
29056
704
64
0
29120
768
64
0
29184
832
64
0
29248
896
64
0
29312
960
64
0
29376
1024
64
0
29440
1088
64
0
29504
1152
64
0
29568
1216
64
0
29632
1280
64
0
29696
1344
64
0
29760
1408
64
0
29824
1472
64
0
29888
1536
64
0
29952
1600
64
0
30016
1664
64
0
30080
1728
64
0
30144
1792
64
0
30208
1856
64
0
30272
1920
64
0
30336
1984
64
0
28416
0
64
0
28480
64
64
0
28544
128
64
0
28608
192
64
0
28672
256
64
0
28736
320
64
0
28800
384
64
0
28864
448
64
0
28928
512
64
0
28992
576
64
0
29056
640
64
0
29120
704
64
0
29184
768
64
0
29248
832
64
0
29312
896
64
0
0
960
64
1
29440
1024
64
0
29504
1088
64
0
29568
1152
64
0
29632
1216
64
0
29696
1280
64
0
29760
1344
64
0
29824
1408
64
0
29888
1472
64
0
29952
1536
64
0
30016
1600
64
0
30080
1664
64
0
30144
1728
64
0
30208
1792
64
0
30272
1856
64
0
30336
1920
64
0
30400
1984
64
0
26880
0
64
0
26944
64
64
0
27008
128
64
0
27072
192
64
0
27136
256
64
0
27200
320
64
0
27264
384
64
0
27328
448
64
0
27392
512
64
0
27456
576
64
0
27520
640
64
0
0
704
64
1
27648
768
64
0
27712
832
64
0
27776
896
64
0
27840
960
64
0
27904
1024
64
0
27968
1088
64
0
28032
1152
64
0
28096
1216
64
0
28160
1280
64
0
28224
1344
64
0
28288
1408
64
0
28352
1472
64
0
28416
1536
64
0
28480
1600
64
0
28544
1664
64
0
28608
1728
64
0
28672
1792
64
0
28736
1856
64
0
28800
1920
64
0
28864
1984
64
0
26944
0
64
0
27008
64
64
0
27072
128
64
0
27136
192
64
0
27200
256
64
0
27264
320
64
0
27328
384
64
0
27392
448
64
0
27456
512
64
0
27520
576
64
0
27584
640
64
0
27648
704
64
0
27712
768
64
0
27776
832
64
0
27840
896
64
0
27904
960
64
0
27968
1024
64
0
28032
1088
64
0
28096
1152
64
0
28160
1216
64
0
28224
1280
64
0
28288
1344
64
0
28352
1408
64
0
28416
1472
64
0
28480
1536
64
0
28544
1600
64
0
28608
1664
64
0
28672
1728
64
0
28736
1792
64
0
28800
1856
64
0
28864
1920
64
0
28928
1984
64
0
27008
0
64
0
27072
64
64
0
27136
128
64
0
27200
192
64
0
27264
256
64
0
27328
320
64
0
27392
384
64
0
27456
448
64
0
27520
512
64
0
27584
576
64
0
0
640
64
1
27712
704
64
0
27776
768
64
0
27840
832
64
0
27904
896
64
0
27968
960
64
0
28032
1024
64
0
28096
1088
64
0
28160
1152
64
0
28224
1216
64
0
28288
1280
64
0
28352
1344
64
0
28416
1408
64
0
28480
1472
64
0
28544
1536
64
0
28608
1600
64
0
28672
1664
64
0
28736
1728
64
0
28800
1792
64
0
28864
1856
64
0
28928
1920
64
0
28992
1984
64
0
28608
0
64
0
28672
64
64
0
28736
128
64
0
28800
192
64
0
28864
256
64
0
28928
320
64
0
28992
384
64
0
29056
448
64
0
29120
512
64
0
29184
576
64
0
29248
640
64
0
0
704
64
1
29376
768
64
0
29440
832
64
0
29504
896
64
0
29568
960
64
0
29632
1024
64
0
29696
1088
64
0
29760
1152
64
0
29824
1216
64
0
29888
1280
64
0
29952
1344
64
0
30016
1408
64
0
30080
1472
64
0
30144
1536
64
0
30208
1600
64
0
30272
1664
64
0
30336
1728
64
0
30400
1792
64
0
30464
1856
64
0
30528
1920
64
0
30592
1984
64
0
28672
0
64
0
28736
64
64
0
28800
128
64
0
28864
192
64
0
28928
256
64
0
28992
320
64
0
29056
384
64
0
29120
448
64
0
29184
512
64
0
29248
576
64
0
29312
640
64
0
29376
704
64
0
29440
768
64
0
29504
832
64
0
29568
896
64
0
29632
960
64
0
29696
1024
64
0
29760
1088
64
0
29824
1152
64
0
29888
1216
64
0
29952
1280
64
0
30016
1344
64
0
30080
1408
64
0
30144
1472
64
0
30208
1536
64
0
30272
1600
64
0
30336
1664
64
0
30400
1728
64
0
30464
1792
64
0
30528
1856
64
0
30592
1920
64
0
30656
1984
64
0
28736
0
64
0
28800
64
64
0
28864
128
64
0
28928
192
64
0
28992
256
64
0
29056
320
64
0
29120
384
64
0
29184
448
64
0
29248
512
64
0
29312
576
64
0
0
640
64
1
29440
704
64
0
29504
768
64
0
29568
832
64
0
29632
896
64
0
29696
960
64
0
29760
1024
64
0
29824
1088
64
0
29888
1152
64
0
29952
1216
64
0
30016
1280
64
0
30080
1344
64
0
30144
1408
64
0
30208
1472
64
0
30272
1536
64
0
30336
1600
64
0
30400
1664
64
0
30464
1728
64
0
30528
1792
64
0
30592
1856
64
0
30656
1920
64
0
30720
1984
64
0
30336
0
64
0
30400
64
64
0
30464
128
64
0
30528
192
64
0
30592
256
64
0
30656
320
64
0
30720
384
64
0
30784
448
64
0
30848
512
64
0
30912
576
64
0
30976
640
64
0
0
704
64
1
31104
768
64
0
31168
832
64
0
31232
896
64
0
31296
960
64
0
31360
1024
64
0
31424
1088
64
0
31488
1152
64
0
31552
1216
64
0
31616
1280
64
0
31680
1344
64
0
31744
1408
64
0
31808
1472
64
0
31872
1536
64
0
31936
1600
64
0
32000
1664
64
0
32064
1728
64
0
32128
1792
64
0
32192
1856
64
0
32256
1920
64
0
32320
1984
64
0
30400
0
64
0
30464
64
64
0
30528
128
64
0
30592
192
64
0
30656
256
64
0
30720
320
64
0
30784
384
64
0
30848
448
64
0
30912
512
64
0
30976
576
64
0
31040
640
64
0
31104
704
64
0
31168
768
64
0
31232
832
64
0
31296
896
64
0
31360
960
64
0
31424
1024
64
0
31488
1088
64
0
31552
1152
64
0
31616
1216
64
0
31680
1280
64
0
31744
1344
64
0
31808
1408
64
0
31872
1472
64
0
31936
1536
64
0
32000
1600
64
0
32064
1664
64
0
32128
1728
64
0
32192
1792
64
0
32256
1856
64
0
32320
1920
64
0
32384
1984
64
0
30464
0
64
0
30528
64
64
0
30592
128
64
0
30656
192
64
0
30720
256
64
0
30784
320
64
0
30848
384
64
0
30912
448
64
0
30976
512
64
0
31040
576
64
0
0
640
64
1
31168
704
64
0
31232
768
64
0
31296
832
64
0
31360
896
64
0
31424
960
64
0
31488
1024
64
0
31552
1088
64
0
31616
1152
64
0
31680
1216
64
0
31744
1280
64
0
31808
1344
64
0
31872
1408
64
0
31936
1472
64
0
32000
1536
64
0
32064
1600
64
0
32128
1664
64
0
32192
1728
64
0
32256
1792
64
0
32320
1856
64
0
32384
1920
64
0
32448
1984
64
0
28928
0
64
0
28992
64
64
0
29056
128
64
0
29120
192
64
0
29184
256
64
0
29248
320
64
0
0
384
64
1
29376
448
64
0
29440
512
64
0
29504
576
64
0
29568
640
64
0
29632
704
64
0
29696
768
64
0
29760
832
64
0
29824
896
64
0
29888
960
64
0
29952
1024
64
0
30016
1088
64
0
30080
1152
64
0
30144
1216
64
0
30208
1280
64
0
30272
1344
64
0
30336
1408
64
0
30400
1472
64
0
30464
1536
64
0
30528
1600
64
0
30592
1664
64
0
30656
1728
64
0
30720
1792
64
0
30784
1856
64
0
30848
1920
64
0
30912
1984
64
0
28992
0
64
0
29056
64
64
0
29120
128
64
0
29184
192
64
0
29248
256
64
0
29312
320
64
0
29376
384
64
0
29440
448
64
0
29504
512
64
0
29568
576
64
0
29632
640
64
0
29696
704
64
0
29760
768
64
0
29824
832
64
0
29888
896
64
0
29952
960
64
0
30016
1024
64
0
30080
1088
64
0
30144
1152
64
0
30208
1216
64
0
30272
1280
64
0
30336
1344
64
0
30400
1408
64
0
30464
1472
64
0
30528
1536
64
0
30592
1600
64
0
30656
1664
64
0
30720
1728
64
0
30784
1792
64
0
30848
1856
64
0
30912
1920
64
0
30976
1984
64
0
29056
0
64
0
29120
64
64
0
29184
128
64
0
29248
192
64
0
29312
256
64
0
0
320
64
1
29440
384
64
0
29504
448
64
0
29568
512
64
0
29632
576
64
0
29696
640
64
0
29760
704
64
0
29824
768
64
0
29888
832
64
0
29952
896
64
0
30016
960
64
0
30080
1024
64
0
30144
1088
64
0
30208
1152
64
0
30272
1216
64
0
30336
1280
64
0
30400
1344
64
0
30464
1408
64
0
30528
1472
64
0
30592
1536
64
0
30656
1600
64
0
30720
1664
64
0
30784
1728
64
0
30848
1792
64
0
30912
1856
64
0
30976
1920
64
0
31040
1984
64
0
30656
0
64
0
30720
64
64
0
30784
128
64
0
30848
192
64
0
30912
256
64
0
30976
320
64
0
0
384
64
1
31104
448
64
0
31168
512
64
0
31232
576
64
0
31296
640
64
0
31360
704
64
0
31424
768
64
0
31488
832
64
0
31552
896
64
0
31616
960
64
0
31680
1024
64
0
31744
1088
64
0
31808
1152
64
0
31872
1216
64
0
31936
1280
64
0
32000
1344
64
0
32064
1408
64
0
32128
1472
64
0
32192
1536
64
0
32256
1600
64
0
32320
1664
64
0
32384
1728
64
0
32448
1792
64
0
32512
1856
64
0
32576
1920
64
0
32640
1984
64
0
30720
0
64
0
30784
64
64
0
30848
128
64
0
30912
192
64
0
30976
256
64
0
31040
320
64
0
31104
384
64
0
31168
448
64
0
31232
512
64
0
31296
576
64
0
31360
640
64
0
31424
704
64
0
31488
768
64
0
31552
832
64
0
31616
896
64
0
31680
960
64
0
31744
1024
64
0
31808
1088
64
0
31872
1152
64
0
31936
1216
64
0
32000
1280
64
0
32064
1344
64
0
32128
1408
64
0
32192
1472
64
0
32256
1536
64
0
32320
1600
64
0
32384
1664
64
0
32448
1728
64
0
32512
1792
64
0
32576
1856
64
0
32640
1920
64
0
32704
1984
64
0
30784
0
64
0
30848
64
64
0
30912
128
64
0
30976
192
64
0
31040
256
64
0
0
320
64
1
31168
384
64
0
31232
448
64
0
31296
512
64
0
31360
576
64
0
31424
640
64
0
31488
704
64
0
31552
768
64
0
31616
832
64
0
31680
896
64
0
31744
960
64
0
31808
1024
64
0
31872
1088
64
0
31936
1152
64
0
32000
1216
64
0
32064
1280
64
0
32128
1344
64
0
32192
1408
64
0
32256
1472
64
0
32320
1536
64
0
32384
1600
64
0
32448
1664
64
0
32512
1728
64
0
32576
1792
64
0
32640
1856
64
0
32704
1920
64
0
32768
1984
64
0
32384
0
64
0
32448
64
64
0
32512
128
64
0
32576
192
64
0
32640
256
64
0
32704
320
64
0
0
384
64
1
32832
448
64
0
32896
512
64
0
32960
576
64
0
33024
640
64
0
33088
704
64
0
33152
768
64
0
33216
832
64
0
33280
896
64
0
33344
960
64
0
33408
1024
64
0
33472
1088
64
0
33536
1152
64
0
33600
1216
64
0
33664
1280
64
0
33728
1344
64
0
33792
1408
64
0
33856
1472
64
0
33920
1536
64
0
33984
1600
64
0
34048
1664
64
0
34112
1728
64
0
34176
1792
64
0
34240
1856
64
0
34304
1920
64
0
34368
1984
64
0
32448
0
64
0
32512
64
64
0
32576
128
64
0
32640
192
64
0
32704
256
64
0
32768
320
64
0
32832
384
64
0
32896
448
64
0
32960
512
64
0
33024
576
64
0
33088
640
64
0
33152
704
64
0
33216
768
64
0
33280
832
64
0
33344
896
64
0
33408
960
64
0
33472
1024
64
0
33536
1088
64
0
33600
1152
64
0
33664
1216
64
0
33728
1280
64
0
33792
1344
64
0
33856
1408
64
0
33920
1472
64
0
33984
1536
64
0
34048
1600
64
0
34112
1664
64
0
34176
1728
64
0
34240
1792
64
0
34304
1856
64
0
34368
1920
64
0
34432
1984
64
0
32512
0
64
0
32576
64
64
0
32640
128
64
0
32704
192
64
0
32768
256
64
0
0
320
64
1
32896
384
64
0
32960
448
64
0
33024
512
64
0
33088
576
64
0
33152
640
64
0
33216
704
64
0
33280
768
64
0
33344
832
64
0
33408
896
64
0
33472
960
64
0
33536
1024
64
0
33600
1088
64
0
33664
1152
64
0
33728
1216
64
0
33792
1280
64
0
33856
1344
64
0
33920
1408
64
0
33984
1472
64
0
34048
1536
64
0
34112
1600
64
0
34176
1664
64
0
34240
1728
64
0
34304
1792
64
0
34368
1856
64
0
34432
1920
64
0
34496
1984
64
0
30976
0
64
0
0
64
64
1
31104
128
64
0
31168
192
64
0
31232
256
64
0
31296
320
64
0
31360
384
64
0
31424
448
64
0
31488
512
64
0
31552
576
64
0
31616
640
64
0
31680
704
64
0
31744
768
64
0
31808
832
64
0
31872
896
64
0
31936
960
64
0
32000
1024
64
0
32064
1088
64
0
32128
1152
64
0
32192
1216
64
0
32256
1280
64
0
32320
1344
64
0
32384
1408
64
0
32448
1472
64
0
32512
1536
64
0
32576
1600
64
0
32640
1664
64
0
32704
1728
64
0
0
1792
64
1
32832
1856
64
0
32896
1920
64
0
32960
1984
64
0
31040
0
64
0
31104
64
64
0
31168
128
64
0
31232
192
64
0
31296
256
64
0
31360
320
64
0
31424
384
64
0
31488
448
64
0
31552
512
64
0
31616
576
64
0
31680
640
64
0
31744
704
64
0
31808
768
64
0
31872
832
64
0
31936
896
64
0
32000
960
64
0
32064
1024
64
0
32128
1088
64
0
32192
1152
64
0
32256
1216
64
0
32320
1280
64
0
32384
1344
64
0
32448
1408
64
0
32512
1472
64
0
32576
1536
64
0
32640
1600
64
0
32704
1664
64
0
32768
1728
64
0
32832
1792
64
0
32896
1856
64
0
32960
1920
64
0
33024
1984
64
0
0
0
64
1
31168
64
64
0
31232
128
64
0
31296
192
64
0
31360
256
64
0
31424
320
64
0
31488
384
64
0
31552
448
64
0
31616
512
64
0
31680
576
64
0
31744
640
64
0
31808
704
64
0
31872
768
64
0
31936
832
64
0
32000
896
64
0
32064
960
64
0
32128
1024
64
0
32192
1088
64
0
32256
1152
64
0
32320
1216
64
0
32384
1280
64
0
32448
1344
64
0
32512
1408
64
0
32576
1472
64
0
32640
1536
64
0
32704
1600
64
0
32768
1664
64
0
0
1728
64
1
32896
1792
64
0
32960
1856
64
0
33024
1920
64
0
33088
1984
64
0
32704
0
64
0
0
64
64
1
32832
128
64
0
32896
192
64
0
32960
256
64
0
33024
320
64
0
33088
384
64
0
33152
448
64
0
33216
512
64
0
33280
576
64
0
33344
640
64
0
33408
704
64
0
33472
768
64
0
33536
832
64
0
33600
896
64
0
33664
960
64
0
33728
1024
64
0
33792
1088
64
0
33856
1152
64
0
33920
1216
64
0
33984
1280
64
0
34048
1344
64
0
34112
1408
64
0
34176
1472
64
0
34240
1536
64
0
34304
1600
64
0
34368
1664
64
0
34432
1728
64
0
0
1792
64
1
34560
1856
64
0
34624
1920
64
0
34688
1984
64
0
32768
0
64
0
32832
64
64
0
32896
128
64
0
32960
192
64
0
33024
256
64
0
33088
320
64
0
33152
384
64
0
33216
448
64
0
33280
512
64
0
33344
576
64
0
33408
640
64
0
33472
704
64
0
33536
768
64
0
33600
832
64
0
33664
896
64
0
33728
960
64
0
33792
1024
64
0
33856
1088
64
0
33920
1152
64
0
33984
1216
64
0
34048
1280
64
0
34112
1344
64
0
34176
1408
64
0
34240
1472
64
0
34304
1536
64
0
34368
1600
64
0
34432
1664
64
0
34496
1728
64
0
34560
1792
64
0
34624
1856
64
0
34688
1920
64
0
34752
1984
64
0
0
0
64
1
32896
64
64
0
32960
128
64
0
33024
192
64
0
33088
256
64
0
33152
320
64
0
33216
384
64
0
33280
448
64
0
33344
512
64
0
33408
576
64
0
33472
640
64
0
33536
704
64
0
33600
768
64
0
33664
832
64
0
33728
896
64
0
33792
960
64
0
33856
1024
64
0
33920
1088
64
0
33984
1152
64
0
34048
1216
64
0
34112
1280
64
0
34176
1344
64
0
34240
1408
64
0
34304
1472
64
0
34368
1536
64
0
34432
1600
64
0
34496
1664
64
0
0
1728
64
1
34624
1792
64
0
34688
1856
64
0
34752
1920
64
0
34816
1984
64
0
34432
0
64
0
0
64
64
1
34560
128
64
0
34624
192
64
0
34688
256
64
0
34752
320
64
0
34816
384
64
0
34880
448
64
0
34944
512
64
0
35008
576
64
0
35072
640
64
0
35136
704
64
0
35200
768
64
0
35264
832
64
0
35328
896
64
0
35392
960
64
0
35456
1024
64
0
35520
1088
64
0
35584
1152
64
0
35648
1216
64
0
35712
1280
64
0
35776
1344
64
0
35840
1408
64
0
35904
1472
64
0
35968
1536
64
0
36032
1600
64
0
36096
1664
64
0
36160
1728
64
0
0
1792
64
1
36288
1856
64
0
36352
1920
64
0
36416
1984
64
0
34496
0
64
0
34560
64
64
0
34624
128
64
0
34688
192
64
0
34752
256
64
0
34816
320
64
0
34880
384
64
0
34944
448
64
0
35008
512
64
0
35072
576
64
0
35136
640
64
0
35200
704
64
0
35264
768
64
0
35328
832
64
0
35392
896
64
0
35456
960
64
0
35520
1024
64
0
35584
1088
64
0
35648
1152
64
0
35712
1216
64
0
35776
1280
64
0
35840
1344
64
0
35904
1408
64
0
35968
1472
64
0
36032
1536
64
0
36096
1600
64
0
36160
1664
64
0
36224
1728
64
0
36288
1792
64
0
36352
1856
64
0
36416
1920
64
0
36480
1984
64
0
0
0
64
1
34624
64
64
0
34688
128
64
0
34752
192
64
0
34816
256
64
0
34880
320
64
0
34944
384
64
0
35008
448
64
0
35072
512
64
0
35136
576
64
0
35200
640
64
0
35264
704
64
0
35328
768
64
0
35392
832
64
0
35456
896
64
0
35520
960
64
0
35584
1024
64
0
35648
1088
64
0
35712
1152
64
0
35776
1216
64
0
35840
1280
64
0
35904
1344
64
0
35968
1408
64
0
36032
1472
64
0
36096
1536
64
0
36160
1600
64
0
36224
1664
64
0
0
1728
64
1
36352
1792
64
0
36416
1856
64
0
36480
1920
64
0
36544
1984
64
0
33024
0
64
0
33088
64
64
0
33152
128
64
0
33216
192
64
0
33280
256
64
0
33344
320
64
0
33408
384
64
0
33472
448
64
0
33536
512
64
0
33600
576
64
0
33664
640
64
0
33728
704
64
0
33792
768
64
0
33856
832
64
0
33920
896
64
0
33984
960
64
0
34048
1024
64
0
34112
1088
64
0
34176
1152
64
0
34240
1216
64
0
34304
1280
64
0
34368
1344
64
0
34432
1408
64
0
0
1472
64
1
34560
1536
64
0
34624
1600
64
0
34688
1664
64
0
34752
1728
64
0
34816
1792
64
0
34880
1856
64
0
34944
1920
64
0
35008
1984
64
0
33088
0
64
0
33152
64
64
0
33216
128
64
0
33280
192
64
0
33344
256
64
0
33408
320
64
0
33472
384
64
0
33536
448
64
0
33600
512
64
0
33664
576
64
0
33728
640
64
0
33792
704
64
0
33856
768
64
0
33920
832
64
0
33984
896
64
0
34048
960
64
0
34112
1024
64
0
34176
1088
64
0
34240
1152
64
0
34304
1216
64
0
34368
1280
64
0
34432
1344
64
0
34496
1408
64
0
34560
1472
64
0
34624
1536
64
0
34688
1600
64
0
34752
1664
64
0
34816
1728
64
0
34880
1792
64
0
34944
1856
64
0
35008
1920
64
0
35072
1984
64
0
33152
0
64
0
33216
64
64
0
33280
128
64
0
33344
192
64
0
33408
256
64
0
33472
320
64
0
33536
384
64
0
33600
448
64
0
33664
512
64
0
33728
576
64
0
33792
640
64
0
33856
704
64
0
33920
768
64
0
33984
832
64
0
34048
896
64
0
34112
960
64
0
34176
1024
64
0
34240
1088
64
0
34304
1152
64
0
34368
1216
64
0
34432
1280
64
0
34496
1344
64
0
0
1408
64
1
34624
1472
64
0
34688
1536
64
0
34752
1600
64
0
34816
1664
64
0
34880
1728
64
0
34944
1792
64
0
35008
1856
64
0
35072
1920
64
0
35136
1984
64
0
34752
0
64
0
34816
64
64
0
34880
128
64
0
34944
192
64
0
35008
256
64
0
35072
320
64
0
35136
384
64
0
35200
448
64
0
35264
512
64
0
35328
576
64
0
35392
640
64
0
35456
704
64
0
35520
768
64
0
35584
832
64
0
35648
896
64
0
35712
960
64
0
35776
1024
64
0
35840
1088
64
0
35904
1152
64
0
35968
1216
64
0
36032
1280
64
0
36096
1344
64
0
36160
1408
64
0
0
1472
64
1
36288
1536
64
0
36352
1600
64
0
36416
1664
64
0
36480
1728
64
0
36544
1792
64
0
36608
1856
64
0
36672
1920
64
0
36736
1984
64
0
34816
0
64
0
34880
64
64
0
34944
128
64
0
35008
192
64
0
35072
256
64
0
35136
320
64
0
35200
384
64
0
35264
448
64
0
35328
512
64
0
35392
576
64
0
35456
640
64
0
35520
704
64
0
35584
768
64
0
35648
832
64
0
35712
896
64
0
35776
960
64
0
35840
1024
64
0
35904
1088
64
0
35968
1152
64
0
36032
1216
64
0
36096
1280
64
0
36160
1344
64
0
36224
1408
64
0
36288
1472
64
0
36352
1536
64
0
36416
1600
64
0
36480
1664
64
0
36544
1728
64
0
36608
1792
64
0
36672
1856
64
0
36736
1920
64
0
36800
1984
64
0
34880
0
64
0
34944
64
64
0
35008
128
64
0
35072
192
64
0
35136
256
64
0
35200
320
64
0
35264
384
64
0
35328
448
64
0
35392
512
64
0
35456
576
64
0
35520
640
64
0
35584
704
64
0
35648
768
64
0
35712
832
64
0
35776
896
64
0
35840
960
64
0
35904
1024
64
0
35968
1088
64
0
36032
1152
64
0
36096
1216
64
0
36160
1280
64
0
36224
1344
64
0
0
1408
64
1
36352
1472
64
0
36416
1536
64
0
36480
1600
64
0
36544
1664
64
0
36608
1728
64
0
36672
1792
64
0
36736
1856
64
0
36800
1920
64
0
36864
1984
64
0
36480
0
64
0
36544
64
64
0
36608
128
64
0
36672
192
64
0
36736
256
64
0
36800
320
64
0
36864
384
64
0
36928
448
64
0
36992
512
64
0
37056
576
64
0
37120
640
64
0
37184
704
64
0
37248
768
64
0
37312
832
64
0
37376
896
64
0
37440
960
64
0
37504
1024
64
0
37568
1088
64
0
37632
1152
64
0
37696
1216
64
0
37760
1280
64
0
37824
1344
64
0
37888
1408
64
0
0
1472
64
1
38016
1536
64
0
38080
1600
64
0
38144
1664
64
0
38208
1728
64
0
38272
1792
64
0
38336
1856
64
0
38400
1920
64
0
38464
1984
64
0
36544
0
64
0
36608
64
64
0
36672
128
64
0
36736
192
64
0
36800
256
64
0
36864
320
64
0
36928
384
64
0
36992
448
64
0
37056
512
64
0
37120
576
64
0
37184
640
64
0
37248
704
64
0
37312
768
64
0
37376
832
64
0
37440
896
64
0
37504
960
64
0
37568
1024
64
0
37632
1088
64
0
37696
1152
64
0
37760
1216
64
0
37824
1280
64
0
37888
1344
64
0
37952
1408
64
0
38016
1472
64
0
38080
1536
64
0
38144
1600
64
0
38208
1664
64
0
38272
1728
64
0
38336
1792
64
0
38400
1856
64
0
38464
1920
64
0
38528
1984
64
0
36608
0
64
0
36672
64
64
0
36736
128
64
0
36800
192
64
0
36864
256
64
0
36928
320
64
0
36992
384
64
0
37056
448
64
0
37120
512
64
0
37184
576
64
0
37248
640
64
0
37312
704
64
0
37376
768
64
0
37440
832
64
0
37504
896
64
0
37568
960
64
0
37632
1024
64
0
37696
1088
64
0
37760
1152
64
0
37824
1216
64
0
37888
1280
64
0
37952
1344
64
0
0
1408
64
1
38080
1472
64
0
38144
1536
64
0
38208
1600
64
0
38272
1664
64
0
38336
1728
64
0
38400
1792
64
0
38464
1856
64
0
38528
1920
64
0
38592
1984
64
0
35072
0
64
0
35136
64
64
0
35200
128
64
0
35264
192
64
0
35328
256
64
0
35392
320
64
0
35456
384
64
0
35520
448
64
0
35584
512
64
0
35648
576
64
0
35712
640
64
0
35776
704
64
0
35840
768
64
0
35904
832
64
0
35968
896
64
0
36032
960
64
0
36096
1024
64
0
36160
1088
64
0
0
1152
64
1
36288
1216
64
0
36352
1280
64
0
36416
1344
64
0
36480
1408
64
0
36544
1472
64
0
36608
1536
64
0
36672
1600
64
0
36736
1664
64
0
36800
1728
64
0
36864
1792
64
0
36928
1856
64
0
36992
1920
64
0
37056
1984
64
0
35136
0
64
0
35200
64
64
0
35264
128
64
0
35328
192
64
0
35392
256
64
0
35456
320
64
0
35520
384
64
0
35584
448
64
0
35648
512
64
0
35712
576
64
0
35776
640
64
0
35840
704
64
0
35904
768
64
0
35968
832
64
0
36032
896
64
0
36096
960
64
0
36160
1024
64
0
36224
1088
64
0
36288
1152
64
0
36352
1216
64
0
36416
1280
64
0
36480
1344
64
0
36544
1408
64
0
36608
1472
64
0
36672
1536
64
0
36736
1600
64
0
36800
1664
64
0
36864
1728
64
0
36928
1792
64
0
36992
1856
64
0
37056
1920
64
0
37120
1984
64
0
35200
0
64
0
35264
64
64
0
35328
128
64
0
35392
192
64
0
35456
256
64
0
35520
320
64
0
35584
384
64
0
35648
448
64
0
35712
512
64
0
35776
576
64
0
35840
640
64
0
35904
704
64
0
35968
768
64
0
36032
832
64
0
36096
896
64
0
36160
960
64
0
36224
1024
64
0
0
1088
64
1
36352
1152
64
0
36416
1216
64
0
36480
1280
64
0
36544
1344
64
0
36608
1408
64
0
36672
1472
64
0
36736
1536
64
0
36800
1600
64
0
36864
1664
64
0
36928
1728
64
0
36992
1792
64
0
37056
1856
64
0
37120
1920
64
0
37184
1984
64
0
36800
0
64
0
36864
64
64
0
36928
128
64
0
36992
192
64
0
37056
256
64
0
37120
320
64
0
37184
384
64
0
37248
448
64
0
37312
512
64
0
37376
576
64
0
37440
640
64
0
37504
704
64
0
37568
768
64
0
37632
832
64
0
37696
896
64
0
37760
960
64
0
37824
1024
64
0
37888
1088
64
0
0
1152
64
1
38016
1216
64
0
38080
1280
64
0
38144
1344
64
0
38208
1408
64
0
38272
1472
64
0
38336
1536
64
0
38400
1600
64
0
38464
1664
64
0
38528
1728
64
0
38592
1792
64
0
38656
1856
64
0
38720
1920
64
0
38784
1984
64
0
36864
0
64
0
36928
64
64
0
36992
128
64
0
37056
192
64
0
37120
256
64
0
37184
320
64
0
37248
384
64
0
37312
448
64
0
37376
512
64
0
37440
576
64
0
37504
640
64
0
37568
704
64
0
37632
768
64
0
37696
832
64
0
37760
896
64
0
37824
960
64
0
37888
1024
64
0
37952
1088
64
0
38016
1152
64
0
38080
1216
64
0
38144
1280
64
0
38208
1344
64
0
38272
1408
64
0
38336
1472
64
0
38400
1536
64
0
38464
1600
64
0
38528
1664
64
0
38592
1728
64
0
38656
1792
64
0
38720
1856
64
0
38784
1920
64
0
38848
1984
64
0
36928
0
64
0
36992
64
64
0
37056
128
64
0
37120
192
64
0
37184
256
64
0
37248
320
64
0
37312
384
64
0
37376
448
64
0
37440
512
64
0
37504
576
64
0
37568
640
64
0
37632
704
64
0
37696
768
64
0
37760
832
64
0
37824
896
64
0
37888
960
64
0
37952
1024
64
0
0
1088
64
1
38080
1152
64
0
38144
1216
64
0
38208
1280
64
0
38272
1344
64
0
38336
1408
64
0
38400
1472
64
0
38464
1536
64
0
38528
1600
64
0
38592
1664
64
0
38656
1728
64
0
38720
1792
64
0
38784
1856
64
0
38848
1920
64
0
38912
1984
64
0
38528
0
64
0
38592
64
64
0
38656
128
64
0
38720
192
64
0
38784
256
64
0
38848
320
64
0
38912
384
64
0
38976
448
64
0
39040
512
64
0
39104
576
64
0
39168
640
64
0
39232
704
64
0
39296
768
64
0
39360
832
64
0
39424
896
64
0
39488
960
64
0
39552
1024
64
0
39616
1088
64
0
0
1152
64
1
39744
1216
64
0
39808
1280
64
0
39872
1344
64
0
39936
1408
64
0
40000
1472
64
0
40064
1536
64
0
40128
1600
64
0
40192
1664
64
0
40256
1728
64
0
40320
1792
64
0
40384
1856
64
0
40448
1920
64
0
40512
1984
64
0
38592
0
64
0
38656
64
64
0
38720
128
64
0
38784
192
64
0
38848
256
64
0
38912
320
64
0
38976
384
64
0
39040
448
64
0
39104
512
64
0
39168
576
64
0
39232
640
64
0
39296
704
64
0
39360
768
64
0
39424
832
64
0
39488
896
64
0
39552
960
64
0
39616
1024
64
0
39680
1088
64
0
39744
1152
64
0
39808
1216
64
0
39872
1280
64
0
39936
1344
64
0
40000
1408
64
0
40064
1472
64
0
40128
1536
64
0
40192
1600
64
0
40256
1664
64
0
40320
1728
64
0
40384
1792
64
0
40448
1856
64
0
40512
1920
64
0
40576
1984
64
0
38656
0
64
0
38720
64
64
0
38784
128
64
0
38848
192
64
0
38912
256
64
0
38976
320
64
0
39040
384
64
0
39104
448
64
0
39168
512
64
0
39232
576
64
0
39296
640
64
0
39360
704
64
0
39424
768
64
0
39488
832
64
0
39552
896
64
0
39616
960
64
0
39680
1024
64
0
0
1088
64
1
39808
1152
64
0
39872
1216
64
0
39936
1280
64
0
40000
1344
64
0
40064
1408
64
0
40128
1472
64
0
40192
1536
64
0
40256
1600
64
0
40320
1664
64
0
40384
1728
64
0
40448
1792
64
0
40512
1856
64
0
40576
1920
64
0
40640
1984
64
0
37120
0
64
0
37184
64
64
0
37248
128
64
0
37312
192
64
0
37376
256
64
0
37440
320
64
0
37504
384
64
0
37568
448
64
0
37632
512
64
0
37696
576
64
0
37760
640
64
0
37824
704
64
0
37888
768
64
0
0
832
64
1
38016
896
64
0
38080
960
64
0
38144
1024
64
0
38208
1088
64
0
38272
1152
64
0
38336
1216
64
0
38400
1280
64
0
38464
1344
64
0
38528
1408
64
0
38592
1472
64
0
38656
1536
64
0
38720
1600
64
0
38784
1664
64
0
38848
1728
64
0
38912
1792
64
0
38976
1856
64
0
39040
1920
64
0
39104
1984
64
0
37184
0
64
0
37248
64
64
0
37312
128
64
0
37376
192
64
0
37440
256
64
0
37504
320
64
0
37568
384
64
0
37632
448
64
0
37696
512
64
0
37760
576
64
0
37824
640
64
0
37888
704
64
0
37952
768
64
0
38016
832
64
0
38080
896
64
0
38144
960
64
0
38208
1024
64
0
38272
1088
64
0
38336
1152
64
0
38400
1216
64
0
38464
1280
64
0
38528
1344
64
0
38592
1408
64
0
38656
1472
64
0
38720
1536
64
0
38784
1600
64
0
38848
1664
64
0
38912
1728
64
0
38976
1792
64
0
39040
1856
64
0
39104
1920
64
0
39168
1984
64
0
37248
0
64
0
37312
64
64
0
37376
128
64
0
37440
192
64
0
37504
256
64
0
37568
320
64
0
37632
384
64
0
37696
448
64
0
37760
512
64
0
37824
576
64
0
37888
640
64
0
37952
704
64
0
0
768
64
1
38080
832
64
0
38144
896
64
0
38208
960
64
0
38272
1024
64
0
38336
1088
64
0
38400
1152
64
0
38464
1216
64
0
38528
1280
64
0
38592
1344
64
0
38656
1408
64
0
38720
1472
64
0
38784
1536
64
0
38848
1600
64
0
38912
1664
64
0
38976
1728
64
0
39040
1792
64
0
39104
1856
64
0
39168
1920
64
0
39232
1984
64
0
38848
0
64
0
38912
64
64
0
38976
128
64
0
39040
192
64
0
39104
256
64
0
39168
320
64
0
39232
384
64
0
39296
448
64
0
39360
512
64
0
39424
576
64
0
39488
640
64
0
39552
704
64
0
39616
768
64
0
0
832
64
1
39744
896
64
0
39808
960
64
0
39872
1024
64
0
39936
1088
64
0
40000
1152
64
0
40064
1216
64
0
40128
1280
64
0
40192
1344
64
0
40256
1408
64
0
40320
1472
64
0
40384
1536
64
0
40448
1600
64
0
40512
1664
64
0
40576
1728
64
0
40640
1792
64
0
40704
1856
64
0
40768
1920
64
0
40832
1984
64
0
38912
0
64
0
38976
64
64
0
39040
128
64
0
39104
192
64
0
39168
256
64
0
39232
320
64
0
39296
384
64
0
39360
448
64
0
39424
512
64
0
39488
576
64
0
39552
640
64
0
39616
704
64
0
39680
768
64
0
39744
832
64
0
39808
896
64
0
39872
960
64
0
39936
1024
64
0
40000
1088
64
0
40064
1152
64
0
40128
1216
64
0
40192
1280
64
0
40256
1344
64
0
40320
1408
64
0
40384
1472
64
0
40448
1536
64
0
40512
1600
64
0
40576
1664
64
0
40640
1728
64
0
40704
1792
64
0
40768
1856
64
0
40832
1920
64
0
40896
1984
64
0
38976
0
64
0
39040
64
64
0
39104
128
64
0
39168
192
64
0
39232
256
64
0
39296
320
64
0
39360
384
64
0
39424
448
64
0
39488
512
64
0
39552
576
64
0
39616
640
64
0
39680
704
64
0
0
768
64
1
39808
832
64
0
39872
896
64
0
39936
960
64
0
40000
1024
64
0
40064
1088
64
0
40128
1152
64
0
40192
1216
64
0
40256
1280
64
0
40320
1344
64
0
40384
1408
64
0
40448
1472
64
0
40512
1536
64
0
40576
1600
64
0
40640
1664
64
0
40704
1728
64
0
40768
1792
64
0
40832
1856
64
0
40896
1920
64
0
40960
1984
64
0
40576
0
64
0
40640
64
64
0
40704
128
64
0
40768
192
64
0
40832
256
64
0
40896
320
64
0
40960
384
64
0
41024
448
64
0
41088
512
64
0
41152
576
64
0
41216
640
64
0
41280
704
64
0
41344
768
64
0
0
832
64
1
41472
896
64
0
41536
960
64
0
41600
1024
64
0
41664
1088
64
0
41728
1152
64
0
41792
1216
64
0
41856
1280
64
0
41920
1344
64
0
41984
1408
64
0
42048
1472
64
0
42112
1536
64
0
42176
1600
64
0
42240
1664
64
0
42304
1728
64
0
42368
1792
64
0
42432
1856
64
0
42496
1920
64
0
42560
1984
64
0
40640
0
64
0
40704
64
64
0
40768
128
64
0
40832
192
64
0
40896
256
64
0
40960
320
64
0
41024
384
64
0
41088
448
64
0
41152
512
64
0
41216
576
64
0
41280
640
64
0
41344
704
64
0
41408
768
64
0
41472
832
64
0
41536
896
64
0
41600
960
64
0
41664
1024
64
0
41728
1088
64
0
41792
1152
64
0
41856
1216
64
0
41920
1280
64
0
41984
1344
64
0
42048
1408
64
0
42112
1472
64
0
42176
1536
64
0
42240
1600
64
0
42304
1664
64
0
42368
1728
64
0
42432
1792
64
0
42496
1856
64
0
42560
1920
64
0
42624
1984
64
0
40704
0
64
0
40768
64
64
0
40832
128
64
0
40896
192
64
0
40960
256
64
0
41024
320
64
0
41088
384
64
0
41152
448
64
0
41216
512
64
0
41280
576
64
0
41344
640
64
0
41408
704
64
0
0
768
64
1
41536
832
64
0
41600
896
64
0
41664
960
64
0
41728
1024
64
0
41792
1088
64
0
41856
1152
64
0
41920
1216
64
0
41984
1280
64
0
42048
1344
64
0
42112
1408
64
0
42176
1472
64
0
42240
1536
64
0
42304
1600
64
0
42368
1664
64
0
42432
1728
64
0
42496
1792
64
0
42560
1856
64
0
42624
1920
64
0
42688
1984
64
0
39168
0
64
0
39232
64
64
0
39296
128
64
0
39360
192
64
0
39424
256
64
0
39488
320
64
0
39552
384
64
0
39616
448
64
0
0
512
64
1
39744
576
64
0
39808
640
64
0
39872
704
64
0
39936
768
64
0
40000
832
64
0
40064
896
64
0
40128
960
64
0
40192
1024
64
0
40256
1088
64
0
40320
1152
64
0
40384
1216
64
0
40448
1280
64
0
40512
1344
64
0
40576
1408
64
0
40640
1472
64
0
40704
1536
64
0
40768
1600
64
0
40832
1664
64
0
40896
1728
64
0
40960
1792
64
0
41024
1856
64
0
41088
1920
64
0
41152
1984
64
0
39232
0
64
0
39296
64
64
0
39360
128
64
0
39424
192
64
0
39488
256
64
0
39552
320
64
0
39616
384
64
0
39680
448
64
0
39744
512
64
0
39808
576
64
0
39872
640
64
0
39936
704
64
0
40000
768
64
0
40064
832
64
0
40128
896
64
0
40192
960
64
0
40256
1024
64
0
40320
1088
64
0
40384
1152
64
0
40448
1216
64
0
40512
1280
64
0
40576
1344
64
0
40640
1408
64
0
40704
1472
64
0
40768
1536
64
0
40832
1600
64
0
40896
1664
64
0
40960
1728
64
0
41024
1792
64
0
41088
1856
64
0
41152
1920
64
0
41216
1984
64
0
39296
0
64
0
39360
64
64
0
39424
128
64
0
39488
192
64
0
39552
256
64
0
39616
320
64
0
39680
384
64
0
0
448
64
1
39808
512
64
0
39872
576
64
0
39936
640
64
0
40000
704
64
0
40064
768
64
0
40128
832
64
0
40192
896
64
0
40256
960
64
0
40320
1024
64
0
40384
1088
64
0
40448
1152
64
0
40512
1216
64
0
40576
1280
64
0
40640
1344
64
0
40704
1408
64
0
40768
1472
64
0
40832
1536
64
0
40896
1600
64
0
40960
1664
64
0
41024
1728
64
0
41088
1792
64
0
41152
1856
64
0
41216
1920
64
0
41280
1984
64
0
40896
0
64
0
40960
64
64
0
41024
128
64
0
41088
192
64
0
41152
256
64
0
41216
320
64
0
41280
384
64
0
41344
448
64
0
0
512
64
1
41472
576
64
0
41536
640
64
0
41600
704
64
0
41664
768
64
0
41728
832
64
0
41792
896
64
0
41856
960
64
0
41920
1024
64
0
41984
1088
64
0
42048
1152
64
0
42112
1216
64
0
42176
1280
64
0
42240
1344
64
0
42304
1408
64
0
42368
1472
64
0
42432
1536
64
0
42496
1600
64
0
42560
1664
64
0
42624
1728
64
0
42688
1792
64
0
42752
1856
64
0
42816
1920
64
0
42880
1984
64
0
40960
0
64
0
41024
64
64
0
41088
128
64
0
41152
192
64
0
41216
256
64
0
41280
320
64
0
41344
384
64
0
41408
448
64
0
41472
512
64
0
41536
576
64
0
41600
640
64
0
41664
704
64
0
41728
768
64
0
41792
832
64
0
41856
896
64
0
41920
960
64
0
41984
1024
64
0
42048
1088
64
0
42112
1152
64
0
42176
1216
64
0
42240
1280
64
0
42304
1344
64
0
42368
1408
64
0
42432
1472
64
0
42496
1536
64
0
42560
1600
64
0
42624
1664
64
0
42688
1728
64
0
42752
1792
64
0
42816
1856
64
0
42880
1920
64
0
42944
1984
64
0
41024
0
64
0
41088
64
64
0
41152
128
64
0
41216
192
64
0
41280
256
64
0
41344
320
64
0
41408
384
64
0
0
448
64
1
41536
512
64
0
41600
576
64
0
41664
640
64
0
41728
704
64
0
41792
768
64
0
41856
832
64
0
41920
896
64
0
41984
960
64
0
42048
1024
64
0
42112
1088
64
0
42176
1152
64
0
42240
1216
64
0
42304
1280
64
0
42368
1344
64
0
42432
1408
64
0
42496
1472
64
0
42560
1536
64
0
42624
1600
64
0
42688
1664
64
0
42752
1728
64
0
42816
1792
64
0
42880
1856
64
0
42944
1920
64
0
43008
1984
64
0
42624
0
64
0
42688
64
64
0
42752
128
64
0
42816
192
64
0
42880
256
64
0
42944
320
64
0
43008
384
64
0
43072
448
64
0
0
512
64
1
43200
576
64
0
43264
640
64
0
43328
704
64
0
43392
768
64
0
43456
832
64
0
43520
896
64
0
43584
960
64
0
43648
1024
64
0
43712
1088
64
0
43776
1152
64
0
43840
1216
64
0
43904
1280
64
0
43968
1344
64
0
44032
1408
64
0
44096
1472
64
0
44160
1536
64
0
44224
1600
64
0
44288
1664
64
0
44352
1728
64
0
44416
1792
64
0
44480
1856
64
0
44544
1920
64
0
44608
1984
64
0
42688
0
64
0
42752
64
64
0
42816
128
64
0
42880
192
64
0
42944
256
64
0
43008
320
64
0
43072
384
64
0
43136
448
64
0
43200
512
64
0
43264
576
64
0
43328
640
64
0
43392
704
64
0
43456
768
64
0
43520
832
64
0
43584
896
64
0
43648
960
64
0
43712
1024
64
0
43776
1088
64
0
43840
1152
64
0
43904
1216
64
0
43968
1280
64
0
44032
1344
64
0
44096
1408
64
0
44160
1472
64
0
44224
1536
64
0
44288
1600
64
0
44352
1664
64
0
44416
1728
64
0
44480
1792
64
0
44544
1856
64
0
44608
1920
64
0
44672
1984
64
0
42752
0
64
0
42816
64
64
0
42880
128
64
0
42944
192
64
0
43008
256
64
0
43072
320
64
0
43136
384
64
0
0
448
64
1
43264
512
64
0
43328
576
64
0
43392
640
64
0
43456
704
64
0
43520
768
64
0
43584
832
64
0
43648
896
64
0
43712
960
64
0
43776
1024
64
0
43840
1088
64
0
43904
1152
64
0
43968
1216
64
0
44032
1280
64
0
44096
1344
64
0
44160
1408
64
0
44224
1472
64
0
44288
1536
64
0
44352
1600
64
0
44416
1664
64
0
44480
1728
64
0
44544
1792
64
0
44608
1856
64
0
44672
1920
64
0
44736
1984
64
0
41216
0
64
0
41280
64
64
0
41344
128
64
0
0
192
64
1
41472
256
64
0
41536
320
64
0
41600
384
64
0
41664
448
64
0
41728
512
64
0
41792
576
64
0
41856
640
64
0
41920
704
64
0
41984
768
64
0
42048
832
64
0
42112
896
64
0
42176
960
64
0
42240
1024
64
0
42304
1088
64
0
42368
1152
64
0
42432
1216
64
0
42496
1280
64
0
42560
1344
64
0
42624
1408
64
0
42688
1472
64
0
42752
1536
64
0
42816
1600
64
0
42880
1664
64
0
42944
1728
64
0
43008
1792
64
0
43072
1856
64
0
0
1920
64
1
43200
1984
64
0
41280
0
64
0
41344
64
64
0
41408
128
64
0
41472
192
64
0
41536
256
64
0
41600
320
64
0
41664
384
64
0
41728
448
64
0
41792
512
64
0
41856
576
64
0
41920
640
64
0
41984
704
64
0
42048
768
64
0
42112
832
64
0
42176
896
64
0
42240
960
64
0
42304
1024
64
0
42368
1088
64
0
42432
1152
64
0
42496
1216
64
0
42560
1280
64
0
42624
1344
64
0
42688
1408
64
0
42752
1472
64
0
42816
1536
64
0
42880
1600
64
0
42944
1664
64
0
43008
1728
64
0
43072
1792
64
0
43136
1856
64
0
43200
1920
64
0
43264
1984
64
0
41344
0
64
0
41408
64
64
0
0
128
64
1
41536
192
64
0
41600
256
64
0
41664
320
64
0
41728
384
64
0
41792
448
64
0
41856
512
64
0
41920
576
64
0
41984
640
64
0
42048
704
64
0
42112
768
64
0
42176
832
64
0
42240
896
64
0
42304
960
64
0
42368
1024
64
0
42432
1088
64
0
42496
1152
64
0
42560
1216
64
0
42624
1280
64
0
42688
1344
64
0
42752
1408
64
0
42816
1472
64
0
42880
1536
64
0
42944
1600
64
0
43008
1664
64
0
43072
1728
64
0
43136
1792
64
0
0
1856
64
1
43264
1920
64
0
43328
1984
64
0
42944
0
64
0
43008
64
64
0
43072
128
64
0
0
192
64
1
43200
256
64
0
43264
320
64
0
43328
384
64
0
43392
448
64
0
43456
512
64
0
43520
576
64
0
43584
640
64
0
43648
704
64
0
43712
768
64
0
43776
832
64
0
43840
896
64
0
43904
960
64
0
43968
1024
64
0
44032
1088
64
0
44096
1152
64
0
44160
1216
64
0
44224
1280
64
0
44288
1344
64
0
44352
1408
64
0
44416
1472
64
0
44480
1536
64
0
44544
1600
64
0
44608
1664
64
0
44672
1728
64
0
44736
1792
64
0
44800
1856
64
0
0
1920
64
1
44928
1984
64
0
43008
0
64
0
43072
64
64
0
43136
128
64
0
43200
192
64
0
43264
256
64
0
43328
320
64
0
43392
384
64
0
43456
448
64
0
43520
512
64
0
43584
576
64
0
43648
640
64
0
43712
704
64
0
43776
768
64
0
43840
832
64
0
43904
896
64
0
43968
960
64
0
44032
1024
64
0
44096
1088
64
0
44160
1152
64
0
44224
1216
64
0
44288
1280
64
0
44352
1344
64
0
44416
1408
64
0
44480
1472
64
0
44544
1536
64
0
44608
1600
64
0
44672
1664
64
0
44736
1728
64
0
44800
1792
64
0
44864
1856
64
0
44928
1920
64
0
44992
1984
64
0
43072
0
64
0
43136
64
64
0
0
128
64
1
43264
192
64
0
43328
256
64
0
43392
320
64
0
43456
384
64
0
43520
448
64
0
43584
512
64
0
43648
576
64
0
43712
640
64
0
43776
704
64
0
43840
768
64
0
43904
832
64
0
43968
896
64
0
44032
960
64
0
44096
1024
64
0
44160
1088
64
0
44224
1152
64
0
44288
1216
64
0
44352
1280
64
0
44416
1344
64
0
44480
1408
64
0
44544
1472
64
0
44608
1536
64
0
44672
1600
64
0
44736
1664
64
0
44800
1728
64
0
44864
1792
64
0
0
1856
64
1
44992
1920
64
0
45056
1984
64
0
44672
0
64
0
44736
64
64
0
44800
128
64
0
0
192
64
1
44928
256
64
0
44992
320
64
0
45056
384
64
0
45120
448
64
0
45184
512
64
0
45248
576
64
0
45312
640
64
0
45376
704
64
0
45440
768
64
0
45504
832
64
0
45568
896
64
0
45632
960
64
0
45696
1024
64
0
45760
1088
64
0
45824
1152
64
0
45888
1216
64
0
45952
1280
64
0
46016
1344
64
0
46080
1408
64
0
46144
1472
64
0
46208
1536
64
0
46272
1600
64
0
46336
1664
64
0
46400
1728
64
0
46464
1792
64
0
46528
1856
64
0
0
1920
64
1
0
1984
64
1
44736
0
64
0
44800
64
64
0
44864
128
64
0
44928
192
64
0
44992
256
64
0
45056
320
64
0
45120
384
64
0
45184
448
64
0
45248
512
64
0
45312
576
64
0
45376
640
64
0
45440
704
64
0
45504
768
64
0
45568
832
64
0
45632
896
64
0
45696
960
64
0
45760
1024
64
0
45824
1088
64
0
45888
1152
64
0
45952
1216
64
0
46016
1280
64
0
46080
1344
64
0
46144
1408
64
0
46208
1472
64
0
46272
1536
64
0
46336
1600
64
0
46400
1664
64
0
46464
1728
64
0
46528
1792
64
0
46592
1856
64
0
0
1920
64
1
0
1984
64
1
44800
0
64
0
44864
64
64
0
0
128
64
1
44992
192
64
0
45056
256
64
0
45120
320
64
0
45184
384
64
0
45248
448
64
0
45312
512
64
0
45376
576
64
0
45440
640
64
0
45504
704
64
0
45568
768
64
0
45632
832
64
0
45696
896
64
0
45760
960
64
0
45824
1024
64
0
45888
1088
64
0
45952
1152
64
0
46016
1216
64
0
46080
1280
64
0
46144
1344
64
0
46208
1408
64
0
46272
1472
64
0
46336
1536
64
0
46400
1600
64
0
46464
1664
64
0
46528
1728
64
0
46592
1792
64
0
0
1856
64
1
0
1920
64
1
0
1984
64
1
43264
0
64
0
43328
64
64
0
43392
128
64
0
43456
192
64
0
43520
256
64
0
43584
320
64
0
43648
384
64
0
43712
448
64
0
43776
512
64
0
43840
576
64
0
43904
640
64
0
43968
704
64
0
44032
768
64
0
44096
832
64
0
44160
896
64
0
44224
960
64
0
44288
1024
64
0
44352
1088
64
0
44416
1152
64
0
44480
1216
64
0
44544
1280
64
0
44608
1344
64
0
44672
1408
64
0
44736
1472
64
0
44800
1536
64
0
0
1600
64
1
0
1664
64
1
0
1728
64
1
0
1792
64
1
0
1856
64
1
0
1920
64
1
0
1984
64
1
43328
0
64
0
43392
64
64
0
43456
128
64
0
43520
192
64
0
43584
256
64
0
43648
320
64
0
43712
384
64
0
43776
448
64
0
43840
512
64
0
43904
576
64
0
43968
640
64
0
44032
704
64
0
44096
768
64
0
44160
832
64
0
44224
896
64
0
44288
960
64
0
44352
1024
64
0
44416
1088
64
0
44480
1152
64
0
44544
1216
64
0
44608
1280
64
0
44672
1344
64
0
44736
1408
64
0
44800
1472
64
0
44864
1536
64
0
64
1600
64
1
64
1664
64
1
64
1728
64
1
64
1792
64
1
64
1856
64
1
64
1920
64
1
64
1984
64
1
43392
0
64
0
43456
64
64
0
43520
128
64
0
43584
192
64
0
43648
256
64
0
43712
320
64
0
43776
384
64
0
43840
448
64
0
43904
512
64
0
43968
576
64
0
44032
640
64
0
44096
704
64
0
44160
768
64
0
44224
832
64
0
44288
896
64
0
44352
960
64
0
44416
1024
64
0
44480
1088
64
0
44544
1152
64
0
44608
1216
64
0
44672
1280
64
0
44736
1344
64
0
44800
1408
64
0
44864
1472
64
0
0
1536
64
1
128
1600
64
1
128
1664
64
1
128
1728
64
1
128
1792
64
1
128
1856
64
1
128
1920
64
1
128
1984
64
1
44992
0
64
0
45056
64
64
0
45120
128
64
0
45184
192
64
0
45248
256
64
0
45312
320
64
0
45376
384
64
0
45440
448
64
0
45504
512
64
0
45568
576
64
0
45632
640
64
0
45696
704
64
0
45760
768
64
0
45824
832
64
0
45888
896
64
0
45952
960
64
0
46016
1024
64
0
46080
1088
64
0
46144
1152
64
0
46208
1216
64
0
46272
1280
64
0
46336
1344
64
0
46400
1408
64
0
46464
1472
64
0
46528
1536
64
0
192
1600
64
1
192
1664
64
1
192
1728
64
1
192
1792
64
1
192
1856
64
1
192
1920
64
1
192
1984
64
1
45056
0
64
0
45120
64
64
0
45184
128
64
0
45248
192
64
0
45312
256
64
0
45376
320
64
0
45440
384
64
0
45504
448
64
0
45568
512
64
0
45632
576
64
0
45696
640
64
0
45760
704
64
0
45824
768
64
0
45888
832
64
0
45952
896
64
0
46016
960
64
0
46080
1024
64
0
46144
1088
64
0
46208
1152
64
0
46272
1216
64
0
46336
1280
64
0
46400
1344
64
0
46464
1408
64
0
46528
1472
64
0
46592
1536
64
0
256
1600
64
1
256
1664
64
1
256
1728
64
1
256
1792
64
1
256
1856
64
1
256
1920
64
1
256
1984
64
1
45120
0
64
0
45184
64
64
0
45248
128
64
0
45312
192
64
0
45376
256
64
0
45440
320
64
0
45504
384
64
0
45568
448
64
0
45632
512
64
0
45696
576
64
0
45760
640
64
0
45824
704
64
0
45888
768
64
0
45952
832
64
0
46016
896
64
0
46080
960
64
0
46144
1024
64
0
46208
1088
64
0
46272
1152
64
0
46336
1216
64
0
46400
1280
64
0
46464
1344
64
0
46528
1408
64
0
46592
1472
64
0
0
1536
64
1
320
1600
64
1
320
1664
64
1
320
1728
64
1
320
1792
64
1
320
1856
64
1
320
1920
64
1
320
1984
64
1
0
0
64
1
0
64
64
1
0
128
64
1
0
192
64
1
0
256
64
1
0
320
64
1
0
384
64
1
0
448
64
1
0
512
64
1
0
576
64
1
0
640
64
1
0
704
64
1
0
768
64
1
0
832
64
1
0
896
64
1
0
960
64
1
0
1024
64
1
0
1088
64
1
0
1152
64
1
0
1216
64
1
0
1280
64
1
0
1344
64
1
0
1408
64
1
0
1472
64
1
0
1536
64
1
384
1600
64
1
384
1664
64
1
384
1728
64
1
384
1792
64
1
384
1856
64
1
384
1920
64
1
384
1984
64
1
0
0
64
1
0
64
64
1
0
128
64
1
0
192
64
1
0
256
64
1
0
320
64
1
0
384
64
1
0
448
64
1
0
512
64
1
0
576
64
1
0
640
64
1
0
704
64
1
0
768
64
1
0
832
64
1
0
896
64
1
0
960
64
1
0
1024
64
1
0
1088
64
1
0
1152
64
1
0
1216
64
1
0
1280
64
1
0
1344
64
1
0
1408
64
1
0
1472
64
1
0
1536
64
1
448
1600
64
1
448
1664
64
1
448
1728
64
1
448
1792
64
1
448
1856
64
1
448
1920
64
1
448
1984
64
1
0
0
64
1
0
64
64
1
0
128
64
1
0
192
64
1
0
256
64
1
0
320
64
1
0
384
64
1
0
448
64
1
0
512
64
1
0
576
64
1
0
640
64
1
0
704
64
1
0
768
64
1
0
832
64
1
0
896
64
1
0
960
64
1
0
1024
64
1
0
1088
64
1
0
1152
64
1
0
1216
64
1
0
1280
64
1
0
1344
64
1
0
1408
64
1
0
1472
64
1
0
1536
64
1
512
1600
64
1
512
1664
64
1
512
1728
64
1
512
1792
64
1
512
1856
64
1
512
1920
64
1
512
1984
64
1
